$itime = 500
$wv_start = 190.0
$hv = 1000
$grating = 2 1200 g/mm BLZ= 500  nm
$x_amps = 10
$x_volts = 45
$sample = DB2330
$date = 2023-07-03
$temp = 192.0
$wv_stop = 800.0
$time = 11:54:12.603000
$wv_step = 1.0
190.0	10577.0
191.0	10689.0
192.0	10863.0
193.0	10891.0
194.0	10360.0
195.0	10539.0
196.0	10241.0
197.0	11185.0
198.0	11030.0
199.0	10586.0
200.0	10286.0
201.0	10611.0
202.0	10915.0
203.0	10367.0
204.0	10398.0
205.0	10275.0
206.0	10498.0
207.0	10777.0
208.0	10450.0
209.0	10675.0
210.0	11245.0
211.0	10628.0
212.0	10526.0
213.0	10702.0
214.0	10234.0
215.0	10264.0
216.0	10792.0
217.0	10574.0
218.0	10560.0
219.0	10678.0
220.0	10179.0
221.0	10737.0
222.0	10600.0
223.0	10391.0
224.0	10123.0
225.0	10749.0
226.0	10836.0
227.0	10466.0
228.0	10585.0
229.0	10335.0
230.0	10961.0
231.0	10514.0
232.0	10852.0
233.0	10284.0
234.0	10397.0
235.0	10790.0
236.0	10399.0
237.0	10591.0
238.0	11005.0
239.0	10843.0
240.0	10471.0
241.0	10667.0
242.0	10339.0
243.0	11322.0
244.0	10726.0
245.0	10337.0
246.0	10361.0
247.0	10708.0
248.0	11026.0
249.0	10739.0
250.0	10398.0
251.0	10690.0
252.0	10334.0
253.0	10268.0
254.0	10792.0
255.0	10503.0
256.0	10599.0
257.0	10562.0
258.0	10517.0
259.0	10393.0
260.0	10524.0
261.0	10680.0
262.0	10726.0
263.0	10708.0
264.0	10774.0
265.0	10452.0
266.0	10864.0
267.0	10148.0
268.0	10758.0
269.0	10428.0
270.0	10686.0
271.0	10565.0
272.0	10370.0
273.0	10923.0
274.0	10606.0
275.0	10928.0
276.0	10520.0
277.0	10726.0
278.0	10830.0
279.0	11150.0
280.0	10379.0
281.0	10908.0
282.0	10878.0
283.0	10244.0
284.0	10739.0
285.0	10743.0
286.0	10478.0
287.0	10820.0
288.0	10909.0
289.0	11060.0
290.0	10702.0
291.0	10614.0
292.0	10634.0
293.0	10479.0
294.0	10760.0
295.0	10517.0
296.0	10653.0
297.0	10715.0
298.0	10932.0
299.0	10614.0
300.0	11201.0
301.0	10763.0
302.0	11159.0
303.0	11109.0
304.0	10965.0
305.0	11149.0
306.0	10835.0
307.0	10675.0
308.0	10844.0
309.0	10856.0
310.0	10911.0
311.0	10593.0
312.0	10859.0
313.0	10418.0
314.0	10470.0
315.0	10734.0
316.0	11227.0
317.0	10891.0
318.0	10732.0
319.0	10957.0
320.0	10765.0
321.0	10816.0
322.0	10555.0
323.0	10566.0
324.0	10770.0
325.0	10657.0
326.0	10777.0
327.0	11026.0
328.0	10833.0
329.0	10866.0
330.0	10442.0
331.0	10908.0
332.0	10319.0
333.0	11236.0
334.0	10763.0
335.0	10877.0
336.0	10884.0
337.0	10742.0
338.0	10571.0
339.0	10549.0
340.0	10876.0
341.0	11274.0
342.0	10487.0
343.0	10974.0
344.0	10565.0
345.0	9988.0
346.0	10870.0
347.0	10762.0
348.0	10932.0
349.0	11369.0
350.0	10416.0
351.0	10658.0
352.0	10710.0
353.0	10713.0
354.0	10828.0
355.0	10975.0
356.0	10792.0
357.0	10622.0
358.0	10392.0
359.0	10697.0
360.0	11039.0
361.0	10675.0
362.0	10911.0
363.0	10476.0
364.0	10815.0
365.0	11149.0
366.0	11050.0
367.0	10340.0
368.0	10642.0
369.0	11081.0
370.0	10367.0
371.0	10498.0
372.0	10646.0
373.0	10235.0
374.0	11091.0
375.0	11160.0
376.0	10560.0
377.0	10295.0
378.0	10822.0
379.0	10608.0
380.0	10720.0
381.0	10389.0
382.0	10641.0
383.0	10830.0
384.0	10641.0
385.0	10138.0
386.0	10469.0
387.0	10713.0
388.0	10608.0
389.0	10455.0
390.0	10488.0
391.0	10631.0
392.0	10653.0
393.0	10623.0
394.0	10423.0
395.0	10899.0
396.0	10397.0
397.0	10945.0
398.0	10501.0
399.0	10290.0
400.0	10239.0
401.0	10949.0
402.0	10690.0
403.0	10904.0
404.0	10918.0
405.0	10730.0
406.0	10351.0
407.0	11040.0
408.0	10969.0
409.0	10416.0
410.0	10152.0
411.0	10777.0
412.0	10636.0
413.0	10454.0
414.0	10711.0
415.0	10582.0
416.0	10705.0
417.0	10864.0
418.0	10442.0
419.0	10636.0
420.0	10685.0
421.0	10799.0
422.0	10617.0
423.0	10653.0
424.0	10686.0
425.0	10560.0
426.0	11015.0
427.0	10830.0
428.0	10334.0
429.0	10941.0
430.0	11209.0
431.0	10256.0
432.0	10655.0
433.0	10550.0
434.0	10681.0
435.0	10905.0
436.0	11020.0
437.0	10964.0
438.0	10505.0
439.0	10798.0
440.0	11127.0
441.0	10529.0
442.0	11035.0
443.0	10659.0
444.0	10511.0
445.0	10393.0
446.0	10687.0
447.0	10583.0
448.0	10585.0
449.0	10468.0
450.0	10976.0
451.0	10857.0
452.0	10872.0
453.0	10158.0
454.0	10716.0
455.0	10827.0
456.0	10820.0
457.0	10522.0
458.0	10819.0
459.0	10772.0
460.0	10606.0
461.0	11242.0
462.0	11373.0
463.0	11293.0
464.0	10694.0
465.0	11260.0
466.0	11257.0
467.0	11022.0
468.0	10783.0
469.0	10918.0
470.0	11037.0
471.0	10982.0
472.0	10984.0
473.0	11115.0
474.0	11036.0
475.0	10867.0
476.0	10858.0
477.0	11200.0
478.0	11016.0
479.0	11170.0
480.0	11658.0
481.0	11766.0
482.0	11477.0
483.0	11350.0
484.0	11694.0
485.0	11258.0
486.0	11060.0
487.0	11144.0
488.0	11459.0
489.0	11322.0
490.0	11532.0
491.0	11177.0
492.0	11361.0
493.0	11038.0
494.0	11262.0
495.0	10945.0
496.0	11360.0
497.0	11840.0
498.0	11555.0
499.0	11401.0
500.0	11838.0
501.0	11257.0
502.0	11783.0
503.0	11514.0
504.0	11081.0
505.0	11438.0
506.0	11559.0
507.0	11540.0
508.0	11662.0
509.0	11184.0
510.0	11507.0
511.0	11563.0
512.0	11357.0
513.0	11452.0
514.0	11110.0
515.0	11402.0
516.0	11436.0
517.0	11355.0
518.0	11191.0
519.0	11172.0
520.0	10939.0
521.0	11627.0
522.0	11439.0
523.0	10920.0
524.0	11354.0
525.0	10863.0
526.0	11096.0
527.0	11066.0
528.0	11151.0
529.0	11736.0
530.0	11577.0
531.0	10754.0
532.0	10564.0
533.0	11001.0
534.0	11219.0
535.0	11407.0
536.0	10862.0
537.0	11007.0
538.0	10902.0
539.0	11445.0
540.0	11029.0
541.0	11071.0
542.0	10562.0
543.0	10856.0
544.0	10921.0
545.0	11390.0
546.0	11823.0
547.0	11037.0
548.0	11015.0
549.0	10999.0
550.0	11318.0
551.0	10419.0
552.0	10756.0
553.0	11029.0
554.0	10873.0
555.0	10801.0
556.0	10910.0
557.0	11020.0
558.0	11173.0
559.0	10849.0
560.0	11078.0
561.0	10642.0
562.0	10727.0
563.0	10857.0
564.0	10678.0
565.0	11124.0
566.0	10781.0
567.0	11411.0
568.0	10711.0
569.0	10975.0
570.0	11102.0
571.0	11136.0
572.0	10331.0
573.0	10957.0
574.0	10990.0
575.0	11018.0
576.0	10308.0
577.0	10543.0
578.0	10939.0
579.0	11187.0
580.0	10764.0
581.0	10977.0
582.0	11026.0
583.0	10549.0
584.0	11197.0
585.0	11386.0
586.0	10784.0
587.0	10853.0
588.0	10480.0
589.0	10614.0
590.0	10647.0
591.0	10746.0
592.0	10978.0
593.0	10915.0
594.0	10684.0
595.0	10980.0
596.0	10857.0
597.0	10950.0
598.0	11192.0
599.0	10525.0
600.0	10777.0
601.0	10282.0
602.0	10527.0
603.0	10720.0
604.0	10960.0
605.0	11304.0
606.0	10737.0
607.0	10341.0
608.0	10730.0
609.0	10443.0
610.0	10912.0
611.0	10724.0
612.0	10881.0
613.0	10594.0
614.0	10757.0
615.0	10836.0
616.0	10875.0
617.0	10949.0
618.0	10437.0
619.0	10856.0
620.0	10995.0
621.0	10817.0
622.0	10808.0
623.0	10693.0
624.0	10846.0
625.0	10799.0
626.0	10808.0
627.0	10857.0
628.0	10722.0
629.0	10908.0
630.0	10707.0
631.0	11213.0
632.0	10969.0
633.0	10746.0
634.0	11029.0
635.0	10899.0
636.0	10591.0
637.0	10360.0
638.0	10713.0
639.0	11020.0
640.0	10459.0
641.0	10685.0
642.0	11112.0
643.0	10371.0
644.0	10534.0
645.0	10903.0
646.0	10978.0
647.0	10666.0
648.0	10698.0
649.0	11035.0
650.0	10694.0
651.0	10852.0
652.0	10764.0
653.0	10872.0
654.0	10476.0
655.0	10548.0
656.0	10316.0
657.0	10760.0
658.0	10989.0
659.0	10692.0
660.0	11016.0
661.0	10636.0
662.0	10236.0
663.0	11038.0
664.0	10936.0
665.0	10312.0
666.0	10636.0
667.0	10683.0
668.0	11367.0
669.0	10283.0
670.0	11144.0
671.0	10593.0
672.0	10437.0
673.0	10700.0
674.0	10875.0
675.0	10456.0
676.0	10393.0
677.0	10635.0
678.0	10993.0
679.0	10542.0
680.0	10525.0
681.0	10570.0
682.0	10675.0
683.0	10820.0
684.0	10980.0
685.0	10884.0
686.0	10631.0
687.0	10287.0
688.0	10671.0
689.0	10899.0
690.0	10136.0
691.0	10335.0
692.0	10316.0
693.0	10822.0
694.0	10753.0
695.0	10463.0
696.0	10354.0
697.0	10146.0
698.0	10403.0
699.0	10758.0
700.0	10816.0
701.0	10847.0
702.0	10211.0
703.0	10825.0
704.0	10842.0
705.0	10296.0
706.0	10768.0
707.0	10861.0
708.0	10847.0
709.0	10725.0
710.0	10600.0
711.0	10980.0
712.0	10872.0
713.0	10419.0
714.0	10507.0
715.0	10509.0
716.0	10720.0
717.0	11236.0
718.0	10405.0
719.0	10705.0
720.0	10877.0
721.0	10808.0
722.0	10207.0
723.0	10735.0
724.0	10695.0
725.0	10912.0
726.0	10317.0
727.0	10275.0
728.0	10799.0
729.0	10585.0
730.0	10647.0
731.0	11260.0
732.0	10416.0
733.0	10294.0
734.0	10626.0
735.0	10501.0
736.0	10876.0
737.0	10393.0
738.0	11082.0
739.0	10610.0
740.0	10567.0
741.0	10577.0
742.0	10740.0
743.0	10636.0
744.0	10631.0
745.0	10923.0
746.0	10413.0
747.0	10909.0
748.0	10233.0
749.0	10354.0
750.0	10876.0
751.0	10560.0
752.0	11265.0
753.0	10910.0
754.0	10523.0
755.0	10711.0
756.0	10541.0
757.0	10649.0
758.0	10472.0
759.0	10522.0
760.0	10596.0
761.0	10632.0
762.0	10594.0
763.0	10634.0
764.0	10432.0
765.0	10484.0
766.0	10554.0
767.0	10365.0
768.0	11058.0
769.0	10860.0
770.0	10520.0
771.0	10560.0
772.0	11320.0
773.0	10456.0
774.0	10689.0
775.0	10703.0
776.0	10828.0
777.0	10949.0
778.0	10713.0
779.0	10987.0
780.0	11162.0
781.0	10983.0
782.0	10852.0
783.0	10465.0
784.0	10797.0
785.0	10311.0
786.0	10726.0
787.0	10736.0
788.0	10614.0
789.0	10839.0
790.0	10980.0
791.0	10685.0
792.0	10965.0
793.0	10864.0
794.0	10801.0
795.0	10419.0
796.0	10600.0
797.0	11343.0
798.0	10586.0
799.0	10421.0
800.0	10899.0
