$itime = 500
$wv_start = 190.0
$hv = 1000
$grating = 2 1200 g/mm BLZ= 500  nm
$x_amps = 10
$x_volts = 45
$sample = DB2330
$date = 2023-07-03
$temp = 132.0
$wv_stop = 800.0
$time = 11:54:12.603000
$wv_step = 1.0
190.0	11725.0
191.0	11459.0
192.0	11068.0
193.0	11651.0
194.0	11220.0
195.0	11497.0
196.0	11093.0
197.0	11417.0
198.0	11108.0
199.0	10909.0
200.0	11238.0
201.0	10897.0
202.0	11163.0
203.0	11358.0
204.0	11245.0
205.0	11345.0
206.0	11470.0
207.0	11133.0
208.0	10538.0
209.0	11035.0
210.0	11488.0
211.0	10993.0
212.0	10856.0
213.0	11143.0
214.0	11702.0
215.0	11347.0
216.0	11690.0
217.0	11214.0
218.0	11161.0
219.0	10922.0
220.0	11351.0
221.0	11261.0
222.0	10969.0
223.0	11512.0
224.0	11265.0
225.0	11355.0
226.0	11232.0
227.0	11471.0
228.0	10456.0
229.0	10921.0
230.0	10838.0
231.0	11094.0
232.0	11450.0
233.0	11204.0
234.0	11070.0
235.0	11450.0
236.0	11149.0
237.0	11808.0
238.0	11598.0
239.0	11276.0
240.0	11438.0
241.0	11351.0
242.0	11732.0
243.0	11576.0
244.0	10901.0
245.0	11102.0
246.0	11312.0
247.0	11265.0
248.0	11529.0
249.0	10733.0
250.0	11242.0
251.0	11570.0
252.0	11360.0
253.0	11347.0
254.0	11012.0
255.0	11870.0
256.0	11451.0
257.0	11929.0
258.0	11029.0
259.0	11439.0
260.0	11151.0
261.0	11099.0
262.0	11234.0
263.0	11275.0
264.0	11129.0
265.0	10879.0
266.0	10942.0
267.0	11122.0
268.0	11138.0
269.0	11968.0
270.0	11617.0
271.0	11683.0
272.0	11082.0
273.0	11134.0
274.0	11209.0
275.0	11427.0
276.0	11679.0
277.0	11383.0
278.0	11415.0
279.0	11340.0
280.0	11314.0
281.0	11090.0
282.0	11230.0
283.0	11710.0
284.0	11408.0
285.0	11539.0
286.0	11146.0
287.0	11507.0
288.0	11825.0
289.0	11134.0
290.0	11236.0
291.0	10866.0
292.0	11578.0
293.0	11591.0
294.0	11512.0
295.0	11062.0
296.0	11467.0
297.0	11235.0
298.0	11347.0
299.0	11321.0
300.0	11801.0
301.0	11808.0
302.0	11588.0
303.0	11499.0
304.0	10716.0
305.0	11241.0
306.0	11268.0
307.0	11721.0
308.0	11468.0
309.0	11853.0
310.0	11756.0
311.0	11749.0
312.0	11370.0
313.0	11453.0
314.0	10958.0
315.0	11447.0
316.0	11539.0
317.0	11208.0
318.0	11971.0
319.0	11261.0
320.0	11137.0
321.0	10691.0
322.0	11253.0
323.0	11139.0
324.0	11415.0
325.0	11397.0
326.0	11681.0
327.0	11135.0
328.0	11241.0
329.0	11485.0
330.0	11154.0
331.0	11467.0
332.0	11347.0
333.0	11466.0
334.0	11407.0
335.0	11639.0
336.0	11184.0
337.0	11411.0
338.0	11273.0
339.0	11360.0
340.0	11277.0
341.0	11392.0
342.0	10917.0
343.0	11752.0
344.0	11371.0
345.0	11434.0
346.0	11551.0
347.0	11415.0
348.0	11144.0
349.0	11252.0
350.0	11606.0
351.0	11250.0
352.0	11161.0
353.0	11604.0
354.0	11233.0
355.0	11250.0
356.0	10760.0
357.0	11281.0
358.0	11131.0
359.0	11403.0
360.0	10949.0
361.0	11390.0
362.0	11040.0
363.0	11208.0
364.0	11358.0
365.0	10929.0
366.0	11332.0
367.0	11672.0
368.0	11775.0
369.0	11209.0
370.0	11700.0
371.0	11608.0
372.0	11208.0
373.0	11565.0
374.0	11367.0
375.0	10962.0
376.0	11246.0
377.0	11378.0
378.0	10927.0
379.0	11182.0
380.0	11446.0
381.0	11333.0
382.0	10928.0
383.0	11257.0
384.0	10949.0
385.0	11117.0
386.0	11249.0
387.0	10747.0
388.0	11268.0
389.0	10809.0
390.0	11664.0
391.0	11607.0
392.0	11172.0
393.0	11176.0
394.0	11533.0
395.0	10953.0
396.0	11238.0
397.0	11444.0
398.0	11667.0
399.0	11288.0
400.0	11222.0
401.0	11011.0
402.0	11175.0
403.0	11404.0
404.0	10984.0
405.0	11193.0
406.0	11253.0
407.0	11275.0
408.0	10908.0
409.0	11566.0
410.0	11229.0
411.0	11314.0
412.0	10939.0
413.0	11228.0
414.0	11034.0
415.0	11581.0
416.0	11624.0
417.0	11086.0
418.0	11332.0
419.0	11813.0
420.0	11136.0
421.0	11021.0
422.0	11130.0
423.0	10920.0
424.0	11254.0
425.0	11548.0
426.0	11409.0
427.0	11499.0
428.0	11890.0
429.0	11134.0
430.0	11227.0
431.0	11298.0
432.0	11308.0
433.0	11175.0
434.0	11402.0
435.0	11270.0
436.0	11216.0
437.0	11059.0
438.0	11953.0
439.0	11170.0
440.0	11215.0
441.0	11910.0
442.0	11303.0
443.0	11176.0
444.0	11122.0
445.0	11492.0
446.0	11489.0
447.0	11154.0
448.0	11007.0
449.0	11219.0
450.0	11067.0
451.0	11516.0
452.0	11823.0
453.0	10994.0
454.0	10765.0
455.0	11596.0
456.0	11704.0
457.0	11676.0
458.0	11361.0
459.0	10873.0
460.0	11674.0
461.0	11868.0
462.0	11823.0
463.0	11522.0
464.0	11313.0
465.0	11725.0
466.0	11611.0
467.0	11822.0
468.0	11909.0
469.0	12235.0
470.0	11682.0
471.0	11539.0
472.0	11582.0
473.0	11230.0
474.0	11239.0
475.0	11879.0
476.0	11559.0
477.0	11940.0
478.0	11665.0
479.0	12489.0
480.0	12582.0
481.0	12995.0
482.0	12241.0
483.0	12023.0
484.0	12615.0
485.0	11862.0
486.0	12225.0
487.0	11691.0
488.0	11693.0
489.0	12299.0
490.0	11461.0
491.0	11911.0
492.0	11902.0
493.0	12473.0
494.0	11885.0
495.0	11890.0
496.0	12332.0
497.0	12235.0
498.0	12250.0
499.0	12440.0
500.0	12460.0
501.0	12925.0
502.0	12440.0
503.0	12989.0
504.0	12853.0
505.0	12330.0
506.0	11987.0
507.0	12103.0
508.0	12054.0
509.0	11902.0
510.0	11703.0
511.0	11837.0
512.0	11858.0
513.0	12414.0
514.0	12171.0
515.0	12293.0
516.0	11829.0
517.0	11940.0
518.0	11645.0
519.0	11752.0
520.0	12015.0
521.0	11844.0
522.0	11329.0
523.0	12457.0
524.0	11531.0
525.0	12112.0
526.0	12266.0
527.0	11663.0
528.0	11945.0
529.0	11528.0
530.0	11799.0
531.0	11685.0
532.0	11720.0
533.0	11590.0
534.0	12145.0
535.0	11583.0
536.0	11518.0
537.0	11495.0
538.0	12028.0
539.0	12077.0
540.0	11937.0
541.0	11669.0
542.0	11712.0
543.0	11738.0
544.0	11928.0
545.0	11790.0
546.0	12142.0
547.0	11789.0
548.0	11682.0
549.0	11921.0
550.0	11467.0
551.0	11535.0
552.0	11725.0
553.0	11657.0
554.0	11323.0
555.0	11991.0
556.0	11456.0
557.0	11776.0
558.0	11858.0
559.0	11534.0
560.0	11849.0
561.0	11084.0
562.0	11409.0
563.0	11639.0
564.0	11396.0
565.0	11663.0
566.0	11838.0
567.0	11092.0
568.0	11523.0
569.0	12005.0
570.0	11547.0
571.0	11534.0
572.0	11565.0
573.0	11131.0
574.0	12056.0
575.0	11424.0
576.0	11682.0
577.0	11683.0
578.0	11395.0
579.0	11439.0
580.0	11328.0
581.0	11179.0
582.0	11407.0
583.0	11787.0
584.0	11299.0
585.0	11375.0
586.0	11789.0
587.0	11398.0
588.0	11440.0
589.0	11369.0
590.0	10858.0
591.0	11488.0
592.0	11592.0
593.0	11669.0
594.0	11324.0
595.0	11665.0
596.0	11840.0
597.0	11970.0
598.0	11548.0
599.0	10999.0
600.0	11151.0
601.0	11061.0
602.0	11376.0
603.0	11356.0
604.0	11207.0
605.0	11403.0
606.0	11371.0
607.0	11618.0
608.0	11179.0
609.0	11245.0
610.0	11408.0
611.0	11512.0
612.0	11403.0
613.0	11486.0
614.0	11238.0
615.0	11766.0
616.0	11476.0
617.0	11476.0
618.0	11018.0
619.0	11848.0
620.0	11394.0
621.0	11893.0
622.0	11406.0
623.0	11395.0
624.0	11410.0
625.0	11256.0
626.0	11167.0
627.0	11238.0
628.0	11391.0
629.0	11411.0
630.0	10803.0
631.0	11253.0
632.0	11446.0
633.0	11417.0
634.0	11189.0
635.0	11317.0
636.0	11340.0
637.0	11434.0
638.0	11539.0
639.0	10965.0
640.0	12027.0
641.0	11568.0
642.0	11446.0
643.0	11583.0
644.0	11285.0
645.0	11397.0
646.0	11111.0
647.0	11514.0
648.0	11279.0
649.0	11175.0
650.0	11516.0
651.0	11268.0
652.0	11267.0
653.0	11354.0
654.0	11370.0
655.0	11188.0
656.0	11351.0
657.0	11494.0
658.0	11600.0
659.0	11966.0
660.0	11446.0
661.0	11624.0
662.0	11446.0
663.0	11331.0
664.0	11338.0
665.0	11725.0
666.0	11267.0
667.0	11311.0
668.0	11425.0
669.0	11586.0
670.0	11286.0
671.0	11181.0
672.0	11300.0
673.0	11446.0
674.0	10985.0
675.0	11154.0
676.0	11602.0
677.0	11168.0
678.0	11486.0
679.0	11007.0
680.0	11542.0
681.0	11840.0
682.0	11277.0
683.0	11382.0
684.0	11512.0
685.0	11216.0
686.0	11436.0
687.0	11546.0
688.0	11018.0
689.0	10857.0
690.0	11277.0
691.0	11320.0
692.0	11099.0
693.0	11224.0
694.0	11248.0
695.0	11834.0
696.0	11027.0
697.0	11261.0
698.0	11397.0
699.0	11375.0
700.0	11714.0
701.0	11417.0
702.0	11206.0
703.0	11209.0
704.0	11648.0
705.0	11231.0
706.0	10930.0
707.0	11100.0
708.0	10949.0
709.0	11247.0
710.0	11674.0
711.0	11525.0
712.0	11138.0
713.0	11161.0
714.0	10964.0
715.0	10980.0
716.0	11037.0
717.0	11481.0
718.0	10962.0
719.0	11058.0
720.0	10919.0
721.0	11095.0
722.0	11772.0
723.0	11167.0
724.0	11559.0
725.0	11410.0
726.0	11454.0
727.0	11776.0
728.0	11168.0
729.0	11346.0
730.0	11270.0
731.0	11667.0
732.0	11012.0
733.0	11395.0
734.0	11377.0
735.0	11009.0
736.0	11704.0
737.0	11602.0
738.0	10855.0
739.0	11122.0
740.0	11575.0
741.0	11271.0
742.0	11607.0
743.0	11931.0
744.0	11314.0
745.0	11446.0
746.0	11330.0
747.0	11287.0
748.0	10974.0
749.0	11389.0
750.0	11242.0
751.0	11236.0
752.0	11264.0
753.0	10969.0
754.0	11520.0
755.0	11620.0
756.0	11824.0
757.0	11502.0
758.0	10944.0
759.0	11439.0
760.0	11390.0
761.0	11312.0
762.0	11406.0
763.0	10899.0
764.0	11835.0
765.0	11457.0
766.0	11357.0
767.0	11598.0
768.0	11153.0
769.0	11232.0
770.0	10968.0
771.0	10888.0
772.0	11402.0
773.0	11314.0
774.0	11459.0
775.0	11347.0
776.0	11204.0
777.0	11289.0
778.0	11204.0
779.0	11007.0
780.0	11331.0
781.0	11032.0
782.0	11230.0
783.0	11090.0
784.0	11228.0
785.0	11145.0
786.0	11403.0
787.0	11104.0
788.0	11559.0
789.0	11107.0
790.0	11485.0
791.0	11613.0
792.0	11431.0
793.0	11397.0
794.0	11573.0
795.0	11256.0
796.0	11523.0
797.0	11397.0
798.0	11730.0
799.0	10693.0
800.0	11395.0
