$itime = 500
$wv_start = 190.0
$hv = 1000
$grating = 2 1200 g/mm BLZ= 500  nm
$x_amps = 10
$x_volts = 45
$sample = DB2330
$date = 2023-07-03
$temp = 322.0
$wv_stop = 800.0
$time = 11:54:12.603000
$wv_step = 1.0
190.0	9533.0
191.0	9235.0
192.0	9602.0
193.0	9504.0
194.0	9642.0
195.0	9716.0
196.0	9447.0
197.0	9670.0
198.0	9403.0
199.0	9457.0
200.0	9809.0
201.0	9441.0
202.0	9309.0
203.0	9132.0
204.0	9290.0
205.0	8930.0
206.0	9591.0
207.0	9580.0
208.0	9449.0
209.0	9588.0
210.0	9380.0
211.0	9725.0
212.0	9276.0
213.0	9408.0
214.0	9578.0
215.0	9114.0
216.0	9162.0
217.0	9716.0
218.0	9429.0
219.0	9323.0
220.0	8803.0
221.0	9075.0
222.0	9182.0
223.0	9176.0
224.0	9844.0
225.0	9502.0
226.0	9026.0
227.0	9569.0
228.0	8950.0
229.0	9225.0
230.0	9027.0
231.0	9619.0
232.0	9176.0
233.0	9715.0
234.0	9112.0
235.0	9689.0
236.0	9266.0
237.0	9328.0
238.0	9192.0
239.0	9339.0
240.0	9211.0
241.0	9332.0
242.0	9261.0
243.0	9421.0
244.0	9242.0
245.0	9403.0
246.0	9173.0
247.0	9306.0
248.0	9035.0
249.0	9347.0
250.0	9379.0
251.0	9403.0
252.0	9437.0
253.0	9314.0
254.0	9829.0
255.0	9571.0
256.0	9629.0
257.0	9258.0
258.0	9270.0
259.0	9447.0
260.0	9244.0
261.0	9550.0
262.0	9101.0
263.0	8978.0
264.0	9121.0
265.0	9334.0
266.0	9616.0
267.0	9531.0
268.0	9637.0
269.0	9271.0
270.0	9385.0
271.0	9557.0
272.0	9550.0
273.0	9496.0
274.0	9570.0
275.0	9803.0
276.0	9274.0
277.0	9413.0
278.0	9135.0
279.0	9435.0
280.0	9337.0
281.0	9453.0
282.0	9604.0
283.0	9684.0
284.0	8919.0
285.0	9637.0
286.0	9569.0
287.0	9523.0
288.0	9202.0
289.0	9595.0
290.0	9942.0
291.0	8950.0
292.0	9670.0
293.0	9004.0
294.0	9617.0
295.0	10029.0
296.0	9553.0
297.0	9842.0
298.0	9784.0
299.0	9140.0
300.0	9773.0
301.0	9487.0
302.0	9543.0
303.0	9650.0
304.0	9555.0
305.0	9619.0
306.0	9041.0
307.0	9778.0
308.0	9510.0
309.0	9326.0
310.0	9440.0
311.0	9504.0
312.0	9415.0
313.0	9592.0
314.0	9915.0
315.0	9710.0
316.0	9726.0
317.0	9593.0
318.0	9318.0
319.0	9857.0
320.0	9583.0
321.0	9348.0
322.0	9372.0
323.0	9356.0
324.0	9428.0
325.0	9684.0
326.0	9500.0
327.0	9703.0
328.0	9368.0
329.0	9356.0
330.0	9211.0
331.0	9639.0
332.0	9261.0
333.0	9109.0
334.0	9694.0
335.0	9106.0
336.0	9545.0
337.0	9406.0
338.0	9549.0
339.0	9286.0
340.0	9531.0
341.0	9203.0
342.0	9140.0
343.0	9231.0
344.0	9692.0
345.0	9817.0
346.0	9625.0
347.0	9055.0
348.0	9252.0
349.0	9822.0
350.0	9829.0
351.0	9428.0
352.0	9445.0
353.0	9565.0
354.0	9309.0
355.0	9384.0
356.0	9141.0
357.0	9429.0
358.0	9243.0
359.0	8880.0
360.0	9680.0
361.0	9618.0
362.0	9318.0
363.0	9157.0
364.0	9844.0
365.0	9533.0
366.0	9740.0
367.0	9298.0
368.0	9630.0
369.0	9776.0
370.0	9060.0
371.0	9668.0
372.0	9314.0
373.0	9163.0
374.0	9399.0
375.0	9524.0
376.0	9392.0
377.0	9564.0
378.0	9435.0
379.0	9597.0
380.0	9510.0
381.0	9324.0
382.0	9179.0
383.0	9372.0
384.0	9763.0
385.0	9379.0
386.0	9093.0
387.0	9142.0
388.0	9224.0
389.0	9617.0
390.0	9225.0
391.0	9581.0
392.0	9067.0
393.0	9476.0
394.0	9194.0
395.0	9271.0
396.0	9080.0
397.0	9615.0
398.0	9018.0
399.0	9267.0
400.0	9067.0
401.0	9827.0
402.0	9522.0
403.0	9533.0
404.0	9210.0
405.0	9088.0
406.0	9538.0
407.0	9552.0
408.0	9246.0
409.0	9110.0
410.0	9312.0
411.0	9230.0
412.0	9255.0
413.0	9225.0
414.0	9693.0
415.0	9776.0
416.0	9187.0
417.0	9403.0
418.0	9435.0
419.0	9617.0
420.0	9645.0
421.0	9600.0
422.0	9550.0
423.0	8935.0
424.0	9424.0
425.0	9588.0
426.0	9785.0
427.0	9247.0
428.0	9386.0
429.0	9524.0
430.0	9433.0
431.0	9232.0
432.0	9266.0
433.0	9379.0
434.0	9643.0
435.0	9509.0
436.0	9734.0
437.0	9291.0
438.0	9378.0
439.0	9237.0
440.0	9615.0
441.0	9774.0
442.0	9544.0
443.0	9338.0
444.0	9240.0
445.0	9025.0
446.0	9491.0
447.0	9588.0
448.0	9286.0
449.0	8927.0
450.0	8942.0
451.0	9381.0
452.0	9234.0
453.0	9140.0
454.0	9099.0
455.0	9554.0
456.0	9067.0
457.0	9798.0
458.0	9519.0
459.0	9063.0
460.0	9491.0
461.0	9449.0
462.0	9474.0
463.0	9247.0
464.0	9457.0
465.0	9209.0
466.0	9342.0
467.0	9192.0
468.0	9089.0
469.0	9605.0
470.0	8805.0
471.0	9057.0
472.0	9580.0
473.0	9453.0
474.0	9759.0
475.0	9627.0
476.0	9246.0
477.0	9478.0
478.0	9535.0
479.0	9579.0
480.0	9718.0
481.0	9608.0
482.0	9064.0
483.0	9267.0
484.0	9257.0
485.0	9239.0
486.0	9759.0
487.0	9653.0
488.0	9494.0
489.0	9142.0
490.0	9381.0
491.0	9724.0
492.0	10067.0
493.0	9621.0
494.0	8943.0
495.0	9559.0
496.0	9779.0
497.0	9579.0
498.0	9261.0
499.0	9830.0
500.0	9673.0
501.0	8994.0
502.0	9500.0
503.0	9659.0
504.0	9257.0
505.0	9465.0
506.0	9479.0
507.0	9989.0
508.0	9324.0
509.0	9502.0
510.0	9457.0
511.0	9023.0
512.0	9707.0
513.0	9261.0
514.0	9105.0
515.0	9588.0
516.0	9325.0
517.0	9522.0
518.0	9875.0
519.0	9184.0
520.0	9942.0
521.0	9712.0
522.0	9491.0
523.0	9546.0
524.0	9093.0
525.0	9632.0
526.0	8986.0
527.0	9070.0
528.0	8961.0
529.0	9372.0
530.0	9473.0
531.0	9438.0
532.0	9593.0
533.0	9457.0
534.0	9062.0
535.0	9662.0
536.0	9314.0
537.0	9568.0
538.0	9303.0
539.0	9582.0
540.0	8981.0
541.0	9437.0
542.0	9334.0
543.0	9564.0
544.0	9201.0
545.0	9178.0
546.0	9794.0
547.0	9834.0
548.0	9117.0
549.0	9439.0
550.0	9871.0
551.0	9439.0
552.0	9607.0
553.0	9697.0
554.0	9119.0
555.0	9252.0
556.0	9263.0
557.0	10000.0
558.0	9675.0
559.0	9607.0
560.0	9659.0
561.0	9316.0
562.0	9671.0
563.0	9248.0
564.0	9549.0
565.0	9403.0
566.0	9415.0
567.0	9459.0
568.0	9948.0
569.0	9044.0
570.0	9600.0
571.0	9565.0
572.0	10146.0
573.0	9217.0
574.0	9659.0
575.0	9623.0
576.0	9215.0
577.0	9187.0
578.0	9347.0
579.0	9571.0
580.0	9420.0
581.0	9701.0
582.0	9363.0
583.0	9455.0
584.0	10039.0
585.0	9411.0
586.0	10033.0
587.0	9728.0
588.0	9484.0
589.0	9016.0
590.0	9660.0
591.0	9691.0
592.0	9016.0
593.0	9450.0
594.0	9393.0
595.0	9361.0
596.0	9665.0
597.0	9544.0
598.0	9530.0
599.0	9708.0
600.0	9505.0
601.0	9312.0
602.0	9412.0
603.0	9350.0
604.0	9549.0
605.0	9309.0
606.0	9423.0
607.0	9625.0
608.0	9432.0
609.0	9482.0
610.0	9592.0
611.0	9674.0
612.0	9261.0
613.0	9484.0
614.0	9874.0
615.0	9720.0
616.0	9668.0
617.0	9525.0
618.0	9784.0
619.0	9618.0
620.0	9502.0
621.0	9411.0
622.0	9619.0
623.0	9192.0
624.0	9318.0
625.0	9150.0
626.0	9946.0
627.0	9585.0
628.0	9726.0
629.0	9422.0
630.0	9079.0
631.0	9491.0
632.0	9184.0
633.0	9742.0
634.0	9634.0
635.0	9449.0
636.0	9521.0
637.0	9545.0
638.0	9018.0
639.0	9408.0
640.0	10001.0
641.0	9587.0
642.0	9235.0
643.0	9733.0
644.0	9211.0
645.0	9341.0
646.0	9698.0
647.0	9581.0
648.0	9580.0
649.0	9372.0
650.0	9358.0
651.0	9570.0
652.0	9611.0
653.0	9205.0
654.0	9484.0
655.0	9618.0
656.0	9310.0
657.0	9497.0
658.0	9030.0
659.0	9339.0
660.0	9557.0
661.0	9487.0
662.0	8981.0
663.0	9441.0
664.0	9771.0
665.0	9764.0
666.0	9857.0
667.0	9155.0
668.0	9675.0
669.0	9136.0
670.0	9942.0
671.0	9114.0
672.0	9947.0
673.0	9577.0
674.0	9314.0
675.0	9465.0
676.0	9633.0
677.0	9454.0
678.0	9666.0
679.0	9112.0
680.0	9235.0
681.0	9458.0
682.0	9306.0
683.0	9881.0
684.0	9451.0
685.0	9067.0
686.0	9484.0
687.0	9469.0
688.0	9339.0
689.0	9686.0
690.0	9355.0
691.0	9172.0
692.0	9909.0
693.0	9132.0
694.0	9638.0
695.0	9325.0
696.0	9976.0
697.0	9134.0
698.0	9573.0
699.0	9455.0
700.0	9501.0
701.0	8981.0
702.0	9205.0
703.0	9338.0
704.0	9615.0
705.0	9964.0
706.0	9758.0
707.0	9096.0
708.0	9316.0
709.0	9221.0
710.0	9591.0
711.0	9421.0
712.0	9380.0
713.0	9477.0
714.0	9424.0
715.0	9011.0
716.0	9094.0
717.0	9423.0
718.0	8878.0
719.0	9671.0
720.0	9094.0
721.0	9339.0
722.0	9256.0
723.0	9487.0
724.0	9716.0
725.0	9245.0
726.0	9715.0
727.0	9061.0
728.0	9451.0
729.0	9653.0
730.0	9498.0
731.0	9445.0
732.0	9474.0
733.0	9533.0
734.0	9389.0
735.0	9227.0
736.0	9359.0
737.0	9429.0
738.0	9660.0
739.0	9106.0
740.0	9008.0
741.0	9251.0
742.0	8883.0
743.0	9479.0
744.0	9266.0
745.0	9211.0
746.0	9518.0
747.0	9434.0
748.0	9433.0
749.0	9224.0
750.0	9312.0
751.0	9517.0
752.0	9389.0
753.0	8894.0
754.0	9271.0
755.0	9365.0
756.0	9487.0
757.0	9455.0
758.0	9119.0
759.0	9379.0
760.0	9300.0
761.0	9328.0
762.0	9883.0
763.0	9533.0
764.0	9615.0
765.0	9580.0
766.0	9844.0
767.0	9914.0
768.0	9740.0
769.0	9195.0
770.0	9135.0
771.0	9187.0
772.0	9659.0
773.0	9509.0
774.0	9765.0
775.0	9447.0
776.0	9164.0
777.0	9693.0
778.0	9723.0
779.0	9502.0
780.0	9340.0
781.0	9431.0
782.0	9584.0
783.0	9515.0
784.0	9313.0
785.0	9095.0
786.0	9309.0
787.0	9164.0
788.0	9202.0
789.0	8981.0
790.0	9461.0
791.0	9244.0
792.0	9052.0
793.0	9340.0
794.0	9777.0
795.0	9032.0
796.0	9191.0
797.0	9418.0
798.0	9246.0
799.0	9235.0
800.0	9558.0
