$itime = 500
$wv_start = 190.0
$hv = 1000
$grating = 2 1200 g/mm BLZ= 500  nm
$x_amps = 10
$x_volts = 45
$sample = DB2330
$date = 2023-07-03
$temp = 62.01
$wv_stop = 800.0
$time = 11:54:12.603000
$wv_step = 1.0
190.0	11401.0
191.0	11885.0
192.0	11616.0
193.0	11883.0
194.0	12308.0
195.0	11900.0
196.0	12116.0
197.0	11910.0
198.0	11852.0
199.0	12303.0
200.0	11663.0
201.0	12142.0
202.0	11737.0
203.0	12028.0
204.0	12116.0
205.0	11824.0
206.0	11919.0
207.0	11752.0
208.0	12493.0
209.0	11819.0
210.0	12194.0
211.0	11742.0
212.0	11975.0
213.0	12175.0
214.0	11984.0
215.0	11813.0
216.0	12770.0
217.0	12061.0
218.0	12256.0
219.0	12005.0
220.0	11740.0
221.0	12321.0
222.0	11847.0
223.0	12062.0
224.0	11752.0
225.0	11952.0
226.0	11788.0
227.0	11843.0
228.0	12035.0
229.0	12139.0
230.0	11834.0
231.0	11756.0
232.0	11686.0
233.0	11330.0
234.0	11784.0
235.0	11948.0
236.0	12394.0
237.0	11829.0
238.0	11989.0
239.0	11357.0
240.0	11395.0
241.0	11821.0
242.0	11629.0
243.0	12329.0
244.0	11693.0
245.0	12319.0
246.0	11669.0
247.0	11774.0
248.0	11825.0
249.0	12156.0
250.0	11941.0
251.0	11603.0
252.0	11648.0
253.0	11763.0
254.0	11919.0
255.0	11571.0
256.0	12217.0
257.0	12199.0
258.0	12349.0
259.0	11689.0
260.0	11919.0
261.0	12223.0
262.0	11959.0
263.0	12173.0
264.0	11965.0
265.0	12373.0
266.0	12226.0
267.0	11978.0
268.0	12321.0
269.0	11877.0
270.0	12201.0
271.0	11952.0
272.0	11856.0
273.0	11821.0
274.0	11986.0
275.0	11449.0
276.0	12045.0
277.0	12153.0
278.0	11954.0
279.0	11978.0
280.0	12087.0
281.0	12355.0
282.0	12430.0
283.0	11905.0
284.0	12294.0
285.0	11836.0
286.0	12027.0
287.0	11512.0
288.0	12308.0
289.0	12179.0
290.0	11714.0
291.0	11661.0
292.0	11817.0
293.0	12158.0
294.0	12330.0
295.0	11923.0
296.0	12076.0
297.0	12283.0
298.0	11850.0
299.0	11904.0
300.0	11976.0
301.0	12491.0
302.0	12738.0
303.0	11934.0
304.0	11626.0
305.0	12233.0
306.0	12386.0
307.0	12390.0
308.0	11889.0
309.0	12060.0
310.0	12261.0
311.0	11943.0
312.0	12411.0
313.0	12233.0
314.0	11785.0
315.0	12433.0
316.0	12130.0
317.0	12334.0
318.0	11879.0
319.0	11836.0
320.0	11849.0
321.0	12464.0
322.0	11927.0
323.0	12078.0
324.0	11282.0
325.0	11760.0
326.0	11842.0
327.0	12267.0
328.0	12125.0
329.0	12460.0
330.0	12342.0
331.0	12025.0
332.0	11738.0
333.0	11908.0
334.0	12027.0
335.0	12103.0
336.0	11937.0
337.0	11822.0
338.0	11702.0
339.0	12231.0
340.0	12322.0
341.0	11975.0
342.0	11914.0
343.0	11690.0
344.0	11693.0
345.0	11605.0
346.0	11598.0
347.0	11939.0
348.0	11989.0
349.0	11663.0
350.0	12235.0
351.0	11944.0
352.0	12026.0
353.0	12038.0
354.0	11771.0
355.0	12004.0
356.0	11981.0
357.0	11928.0
358.0	12215.0
359.0	11866.0
360.0	11918.0
361.0	12254.0
362.0	11985.0
363.0	11879.0
364.0	11973.0
365.0	12217.0
366.0	11439.0
367.0	11822.0
368.0	12000.0
369.0	12160.0
370.0	11675.0
371.0	11995.0
372.0	12184.0
373.0	12411.0
374.0	11889.0
375.0	11911.0
376.0	11962.0
377.0	11201.0
378.0	12142.0
379.0	12061.0
380.0	11903.0
381.0	12272.0
382.0	11978.0
383.0	12197.0
384.0	12419.0
385.0	12342.0
386.0	12063.0
387.0	11804.0
388.0	11827.0
389.0	12383.0
390.0	12032.0
391.0	12091.0
392.0	11740.0
393.0	12018.0
394.0	11839.0
395.0	12223.0
396.0	11923.0
397.0	11717.0
398.0	11858.0
399.0	12137.0
400.0	11676.0
401.0	11934.0
402.0	12016.0
403.0	12059.0
404.0	12153.0
405.0	12103.0
406.0	12130.0
407.0	12078.0
408.0	12184.0
409.0	11818.0
410.0	11533.0
411.0	12060.0
412.0	12490.0
413.0	11857.0
414.0	11746.0
415.0	12184.0
416.0	11599.0
417.0	11589.0
418.0	12135.0
419.0	12029.0
420.0	11875.0
421.0	11756.0
422.0	12152.0
423.0	12416.0
424.0	11789.0
425.0	11979.0
426.0	11760.0
427.0	12384.0
428.0	12014.0
429.0	11854.0
430.0	11787.0
431.0	11764.0
432.0	12152.0
433.0	12303.0
434.0	12192.0
435.0	11915.0
436.0	12050.0
437.0	11598.0
438.0	11829.0
439.0	12106.0
440.0	12023.0
441.0	11937.0
442.0	12131.0
443.0	12028.0
444.0	11724.0
445.0	12213.0
446.0	11796.0
447.0	11895.0
448.0	12036.0
449.0	12226.0
450.0	12045.0
451.0	11821.0
452.0	11846.0
453.0	11975.0
454.0	12100.0
455.0	12170.0
456.0	12479.0
457.0	12267.0
458.0	11682.0
459.0	11912.0
460.0	12238.0
461.0	12676.0
462.0	11851.0
463.0	11733.0
464.0	12460.0
465.0	12359.0
466.0	12086.0
467.0	11843.0
468.0	12358.0
469.0	12226.0
470.0	12294.0
471.0	12389.0
472.0	12062.0
473.0	12268.0
474.0	12507.0
475.0	12359.0
476.0	12103.0
477.0	12259.0
478.0	12599.0
479.0	12796.0
480.0	13565.0
481.0	13600.0
482.0	13091.0
483.0	12074.0
484.0	12380.0
485.0	12006.0
486.0	12645.0
487.0	12215.0
488.0	12461.0
489.0	12165.0
490.0	12576.0
491.0	12403.0
492.0	12575.0
493.0	12086.0
494.0	12078.0
495.0	12051.0
496.0	12237.0
497.0	12471.0
498.0	12532.0
499.0	13155.0
500.0	12765.0
501.0	12898.0
502.0	12731.0
503.0	13557.0
504.0	13382.0
505.0	12578.0
506.0	12717.0
507.0	12550.0
508.0	12466.0
509.0	12298.0
510.0	12159.0
511.0	12298.0
512.0	12341.0
513.0	12707.0
514.0	12581.0
515.0	12446.0
516.0	12516.0
517.0	13031.0
518.0	12716.0
519.0	12571.0
520.0	12416.0
521.0	12368.0
522.0	12097.0
523.0	12830.0
524.0	12341.0
525.0	12121.0
526.0	12351.0
527.0	12373.0
528.0	12559.0
529.0	12194.0
530.0	12223.0
531.0	11914.0
532.0	12341.0
533.0	12097.0
534.0	12608.0
535.0	12305.0
536.0	12717.0
537.0	12639.0
538.0	12063.0
539.0	12153.0
540.0	12251.0
541.0	12325.0
542.0	12196.0
543.0	12758.0
544.0	12174.0
545.0	11707.0
546.0	12664.0
547.0	12192.0
548.0	12706.0
549.0	11665.0
550.0	12021.0
551.0	12221.0
552.0	12392.0
553.0	12253.0
554.0	12191.0
555.0	11835.0
556.0	12226.0
557.0	11848.0
558.0	12351.0
559.0	11973.0
560.0	11890.0
561.0	12065.0
562.0	12345.0
563.0	12668.0
564.0	12043.0
565.0	12320.0
566.0	12226.0
567.0	11970.0
568.0	11909.0
569.0	12695.0
570.0	12429.0
571.0	11713.0
572.0	12197.0
573.0	12373.0
574.0	12258.0
575.0	12200.0
576.0	11715.0
577.0	12003.0
578.0	11729.0
579.0	12573.0
580.0	12116.0
581.0	12135.0
582.0	12015.0
583.0	12269.0
584.0	12019.0
585.0	12254.0
586.0	12254.0
587.0	12051.0
588.0	12175.0
589.0	12161.0
590.0	11855.0
591.0	11684.0
592.0	12237.0
593.0	12199.0
594.0	12043.0
595.0	12139.0
596.0	12139.0
597.0	11983.0
598.0	11853.0
599.0	12598.0
600.0	12014.0
601.0	11849.0
602.0	12086.0
603.0	12157.0
604.0	12006.0
605.0	12180.0
606.0	12074.0
607.0	12571.0
608.0	12424.0
609.0	12010.0
610.0	12044.0
611.0	11858.0
612.0	12194.0
613.0	12193.0
614.0	11943.0
615.0	11925.0
616.0	12317.0
617.0	11722.0
618.0	11880.0
619.0	12040.0
620.0	11821.0
621.0	11839.0
622.0	12710.0
623.0	11880.0
624.0	11990.0
625.0	12020.0
626.0	12301.0
627.0	11839.0
628.0	11605.0
629.0	11399.0
630.0	12223.0
631.0	12158.0
632.0	11720.0
633.0	11843.0
634.0	12132.0
635.0	12548.0
636.0	11944.0
637.0	12333.0
638.0	12084.0
639.0	11868.0
640.0	12110.0
641.0	11844.0
642.0	12310.0
643.0	12314.0
644.0	11993.0
645.0	11819.0
646.0	11678.0
647.0	11858.0
648.0	12241.0
649.0	11856.0
650.0	11663.0
651.0	12319.0
652.0	12058.0
653.0	11851.0
654.0	11763.0
655.0	12142.0
656.0	11850.0
657.0	12300.0
658.0	11820.0
659.0	12235.0
660.0	11957.0
661.0	11945.0
662.0	12299.0
663.0	12500.0
664.0	12160.0
665.0	11923.0
666.0	11635.0
667.0	12179.0
668.0	12232.0
669.0	11984.0
670.0	12013.0
671.0	11947.0
672.0	11875.0
673.0	11813.0
674.0	12197.0
675.0	12306.0
676.0	12142.0
677.0	11871.0
678.0	12235.0
679.0	12068.0
680.0	11515.0
681.0	11796.0
682.0	12060.0
683.0	12201.0
684.0	11776.0
685.0	11945.0
686.0	11943.0
687.0	12005.0
688.0	12188.0
689.0	12063.0
690.0	11661.0
691.0	12157.0
692.0	11860.0
693.0	12446.0
694.0	12177.0
695.0	11512.0
696.0	11603.0
697.0	11610.0
698.0	12187.0
699.0	12162.0
700.0	11896.0
701.0	12006.0
702.0	12102.0
703.0	11731.0
704.0	11923.0
705.0	12319.0
706.0	11904.0
707.0	11667.0
708.0	12139.0
709.0	11374.0
710.0	12023.0
711.0	11738.0
712.0	11524.0
713.0	12034.0
714.0	12004.0
715.0	12074.0
716.0	12099.0
717.0	12319.0
718.0	12179.0
719.0	11941.0
720.0	12158.0
721.0	11902.0
722.0	11885.0
723.0	11963.0
724.0	12678.0
725.0	11952.0
726.0	11496.0
727.0	11627.0
728.0	12050.0
729.0	12393.0
730.0	12035.0
731.0	12086.0
732.0	11851.0
733.0	12068.0
734.0	11753.0
735.0	12155.0
736.0	11966.0
737.0	11630.0
738.0	11390.0
739.0	12087.0
740.0	11663.0
741.0	12103.0
742.0	11099.0
743.0	11676.0
744.0	12192.0
745.0	12054.0
746.0	11698.0
747.0	11747.0
748.0	11952.0
749.0	11725.0
750.0	11691.0
751.0	12147.0
752.0	11767.0
753.0	11682.0
754.0	11883.0
755.0	12427.0
756.0	12154.0
757.0	12345.0
758.0	11841.0
759.0	11719.0
760.0	11953.0
761.0	12343.0
762.0	11842.0
763.0	12102.0
764.0	11807.0
765.0	12197.0
766.0	11925.0
767.0	12034.0
768.0	12301.0
769.0	11750.0
770.0	11692.0
771.0	11836.0
772.0	11754.0
773.0	11739.0
774.0	11848.0
775.0	12116.0
776.0	11693.0
777.0	12271.0
778.0	12480.0
779.0	11819.0
780.0	11796.0
781.0	11834.0
782.0	12040.0
783.0	11739.0
784.0	11727.0
785.0	12231.0
786.0	12105.0
787.0	11881.0
788.0	11886.0
789.0	11915.0
790.0	11895.0
791.0	11617.0
792.0	11398.0
793.0	11791.0
794.0	12572.0
795.0	11787.0
796.0	12193.0
797.0	12407.0
798.0	11679.0
799.0	11559.0
800.0	11672.0
