$itime = 500
$wv_start = 190.0
$hv = 1000
$grating = 2 1200 g/mm BLZ= 500  nm
$x_amps = 10
$x_volts = 45
$sample = DB2330
$date = 2023-07-03
$temp = 242.0
$wv_stop = 800.0
$time = 11:54:12.603000
$wv_step = 1.0
190.0	9844.0
191.0	10123.0
192.0	9702.0
193.0	10360.0
194.0	9589.0
195.0	9786.0
196.0	9734.0
197.0	9996.0
198.0	10379.0
199.0	9686.0
200.0	10333.0
201.0	10167.0
202.0	10047.0
203.0	10291.0
204.0	10266.0
205.0	10238.0
206.0	10026.0
207.0	9727.0
208.0	9790.0
209.0	9988.0
210.0	10006.0
211.0	10351.0
212.0	10287.0
213.0	9853.0
214.0	10326.0
215.0	9905.0
216.0	10001.0
217.0	10258.0
218.0	9935.0
219.0	10203.0
220.0	9900.0
221.0	9952.0
222.0	10224.0
223.0	9971.0
224.0	9702.0
225.0	10095.0
226.0	9840.0
227.0	9699.0
228.0	10132.0
229.0	9806.0
230.0	10086.0
231.0	9950.0
232.0	9712.0
233.0	10408.0
234.0	10030.0
235.0	10152.0
236.0	9974.0
237.0	9859.0
238.0	10201.0
239.0	10298.0
240.0	10041.0
241.0	9801.0
242.0	10297.0
243.0	10332.0
244.0	10452.0
245.0	10024.0
246.0	10240.0
247.0	9631.0
248.0	10091.0
249.0	9924.0
250.0	9272.0
251.0	9938.0
252.0	9557.0
253.0	9749.0
254.0	10359.0
255.0	10136.0
256.0	10083.0
257.0	9817.0
258.0	9993.0
259.0	10609.0
260.0	10221.0
261.0	10096.0
262.0	9747.0
263.0	10033.0
264.0	10412.0
265.0	10337.0
266.0	9846.0
267.0	10320.0
268.0	10016.0
269.0	10049.0
270.0	10451.0
271.0	10470.0
272.0	9973.0
273.0	10037.0
274.0	10442.0
275.0	10488.0
276.0	10018.0
277.0	10122.0
278.0	10158.0
279.0	9785.0
280.0	10248.0
281.0	10365.0
282.0	10321.0
283.0	10172.0
284.0	10125.0
285.0	10370.0
286.0	10021.0
287.0	10373.0
288.0	9976.0
289.0	10826.0
290.0	10124.0
291.0	9759.0
292.0	10092.0
293.0	10136.0
294.0	10323.0
295.0	10088.0
296.0	9680.0
297.0	9947.0
298.0	9983.0
299.0	10309.0
300.0	10120.0
301.0	10199.0
302.0	10054.0
303.0	10081.0
304.0	10282.0
305.0	10233.0
306.0	10334.0
307.0	10082.0
308.0	10576.0
309.0	9796.0
310.0	10366.0
311.0	10282.0
312.0	10259.0
313.0	10085.0
314.0	9932.0
315.0	10442.0
316.0	9544.0
317.0	10272.0
318.0	10126.0
319.0	10457.0
320.0	10380.0
321.0	10202.0
322.0	10270.0
323.0	10214.0
324.0	9942.0
325.0	10210.0
326.0	10167.0
327.0	10062.0
328.0	10158.0
329.0	10036.0
330.0	10593.0
331.0	9933.0
332.0	10242.0
333.0	10465.0
334.0	10349.0
335.0	9548.0
336.0	9805.0
337.0	10053.0
338.0	10083.0
339.0	9935.0
340.0	9990.0
341.0	10095.0
342.0	10009.0
343.0	9976.0
344.0	10148.0
345.0	10563.0
346.0	10356.0
347.0	9805.0
348.0	9829.0
349.0	10161.0
350.0	10348.0
351.0	10103.0
352.0	10127.0
353.0	10154.0
354.0	10077.0
355.0	10017.0
356.0	9951.0
357.0	10148.0
358.0	10441.0
359.0	10299.0
360.0	10443.0
361.0	10181.0
362.0	10096.0
363.0	9950.0
364.0	10147.0
365.0	10333.0
366.0	10125.0
367.0	10151.0
368.0	10589.0
369.0	10183.0
370.0	10245.0
371.0	9933.0
372.0	10222.0
373.0	10367.0
374.0	9933.0
375.0	9954.0
376.0	9802.0
377.0	10109.0
378.0	10353.0
379.0	9774.0
380.0	9830.0
381.0	9929.0
382.0	10466.0
383.0	9865.0
384.0	10316.0
385.0	9717.0
386.0	10390.0
387.0	10297.0
388.0	9771.0
389.0	10120.0
390.0	9875.0
391.0	10313.0
392.0	10237.0
393.0	10437.0
394.0	10592.0
395.0	9434.0
396.0	10150.0
397.0	10225.0
398.0	9942.0
399.0	9945.0
400.0	10049.0
401.0	9945.0
402.0	10123.0
403.0	9602.0
404.0	9964.0
405.0	10330.0
406.0	9991.0
407.0	10205.0
408.0	10163.0
409.0	10014.0
410.0	10172.0
411.0	10535.0
412.0	10636.0
413.0	10135.0
414.0	9976.0
415.0	10072.0
416.0	10299.0
417.0	9899.0
418.0	10432.0
419.0	9929.0
420.0	10234.0
421.0	9976.0
422.0	10411.0
423.0	9905.0
424.0	10258.0
425.0	9938.0
426.0	9986.0
427.0	10264.0
428.0	9655.0
429.0	10141.0
430.0	10285.0
431.0	10221.0
432.0	10082.0
433.0	10127.0
434.0	9938.0
435.0	10231.0
436.0	10209.0
437.0	10210.0
438.0	9878.0
439.0	9995.0
440.0	10476.0
441.0	10207.0
442.0	9642.0
443.0	10105.0
444.0	10007.0
445.0	9819.0
446.0	10221.0
447.0	10274.0
448.0	10177.0
449.0	10100.0
450.0	10286.0
451.0	10251.0
452.0	10547.0
453.0	9766.0
454.0	10332.0
455.0	10469.0
456.0	9995.0
457.0	10160.0
458.0	10016.0
459.0	10435.0
460.0	10054.0
461.0	10126.0
462.0	9706.0
463.0	10280.0
464.0	9858.0
465.0	10259.0
466.0	10078.0
467.0	10207.0
468.0	10279.0
469.0	10452.0
470.0	9953.0
471.0	9894.0
472.0	10507.0
473.0	10103.0
474.0	10372.0
475.0	10358.0
476.0	10334.0
477.0	9844.0
478.0	10168.0
479.0	9994.0
480.0	9950.0
481.0	10639.0
482.0	10038.0
483.0	10044.0
484.0	10213.0
485.0	10010.0
486.0	10131.0
487.0	10470.0
488.0	10264.0
489.0	10137.0
490.0	10197.0
491.0	9921.0
492.0	10285.0
493.0	10567.0
494.0	10142.0
495.0	10060.0
496.0	10207.0
497.0	10031.0
498.0	10201.0
499.0	10326.0
500.0	10325.0
501.0	10440.0
502.0	10293.0
503.0	10125.0
504.0	10176.0
505.0	10041.0
506.0	10137.0
507.0	10697.0
508.0	10910.0
509.0	9840.0
510.0	10494.0
511.0	10606.0
512.0	10319.0
513.0	10312.0
514.0	10566.0
515.0	10340.0
516.0	10194.0
517.0	10360.0
518.0	10168.0
519.0	9863.0
520.0	10849.0
521.0	10760.0
522.0	10681.0
523.0	10609.0
524.0	10324.0
525.0	10184.0
526.0	10105.0
527.0	10274.0
528.0	10067.0
529.0	10395.0
530.0	10468.0
531.0	10349.0
532.0	10357.0
533.0	10573.0
534.0	10033.0
535.0	9953.0
536.0	10424.0
537.0	10376.0
538.0	10610.0
539.0	10463.0
540.0	10624.0
541.0	10604.0
542.0	10328.0
543.0	9666.0
544.0	10460.0
545.0	10282.0
546.0	9975.0
547.0	10349.0
548.0	10067.0
549.0	10185.0
550.0	10271.0
551.0	10010.0
552.0	10458.0
553.0	10103.0
554.0	10620.0
555.0	10592.0
556.0	10865.0
557.0	10207.0
558.0	10408.0
559.0	10993.0
560.0	10341.0
561.0	10076.0
562.0	9890.0
563.0	10371.0
564.0	10233.0
565.0	10138.0
566.0	9897.0
567.0	10422.0
568.0	10522.0
569.0	10185.0
570.0	10477.0
571.0	10367.0
572.0	10394.0
573.0	10416.0
574.0	10245.0
575.0	10469.0
576.0	10312.0
577.0	10367.0
578.0	10328.0
579.0	10317.0
580.0	10134.0
581.0	10186.0
582.0	10221.0
583.0	10424.0
584.0	10588.0
585.0	10399.0
586.0	10220.0
587.0	9957.0
588.0	10158.0
589.0	10287.0
590.0	10030.0
591.0	10414.0
592.0	10422.0
593.0	10411.0
594.0	10112.0
595.0	10158.0
596.0	10126.0
597.0	9865.0
598.0	10184.0
599.0	10356.0
600.0	10356.0
601.0	10294.0
602.0	10266.0
603.0	9814.0
604.0	10577.0
605.0	10585.0
606.0	10438.0
607.0	10034.0
608.0	10349.0
609.0	9946.0
610.0	10382.0
611.0	9869.0
612.0	9984.0
613.0	10403.0
614.0	10102.0
615.0	10388.0
616.0	10117.0
617.0	10435.0
618.0	10281.0
619.0	9776.0
620.0	9989.0
621.0	9747.0
622.0	10321.0
623.0	10434.0
624.0	9984.0
625.0	10066.0
626.0	10455.0
627.0	10480.0
628.0	10452.0
629.0	10172.0
630.0	10158.0
631.0	10335.0
632.0	10138.0
633.0	10119.0
634.0	10287.0
635.0	10330.0
636.0	10473.0
637.0	10177.0
638.0	10150.0
639.0	10577.0
640.0	10538.0
641.0	10530.0
642.0	10051.0
643.0	10129.0
644.0	10193.0
645.0	10207.0
646.0	10615.0
647.0	10209.0
648.0	10086.0
649.0	10503.0
650.0	10092.0
651.0	9870.0
652.0	10361.0
653.0	10159.0
654.0	9870.0
655.0	10006.0
656.0	9968.0
657.0	10189.0
658.0	9946.0
659.0	10017.0
660.0	10518.0
661.0	9935.0
662.0	10446.0
663.0	9838.0
664.0	10367.0
665.0	10405.0
666.0	9735.0
667.0	9776.0
668.0	10391.0
669.0	10619.0
670.0	9632.0
671.0	10076.0
672.0	9948.0
673.0	10360.0
674.0	10163.0
675.0	10348.0
676.0	9765.0
677.0	10238.0
678.0	10069.0
679.0	10828.0
680.0	10393.0
681.0	9842.0
682.0	9973.0
683.0	10050.0
684.0	10355.0
685.0	10483.0
686.0	10398.0
687.0	10408.0
688.0	9939.0
689.0	10321.0
690.0	10135.0
691.0	9953.0
692.0	10671.0
693.0	9472.0
694.0	9770.0
695.0	9933.0
696.0	9996.0
697.0	10194.0
698.0	10608.0
699.0	10208.0
700.0	10202.0
701.0	10291.0
702.0	10653.0
703.0	10498.0
704.0	10035.0
705.0	10342.0
706.0	9889.0
707.0	10278.0
708.0	10333.0
709.0	9887.0
710.0	9933.0
711.0	10105.0
712.0	10348.0
713.0	10362.0
714.0	10321.0
715.0	9822.0
716.0	9941.0
717.0	10416.0
718.0	9930.0
719.0	9626.0
720.0	10316.0
721.0	10235.0
722.0	10226.0
723.0	9918.0
724.0	10646.0
725.0	9939.0
726.0	10286.0
727.0	10136.0
728.0	10277.0
729.0	10211.0
730.0	10214.0
731.0	10050.0
732.0	10841.0
733.0	9993.0
734.0	10064.0
735.0	10372.0
736.0	9860.0
737.0	10148.0
738.0	10361.0
739.0	9870.0
740.0	9750.0
741.0	9991.0
742.0	10279.0
743.0	10219.0
744.0	10179.0
745.0	10004.0
746.0	9852.0
747.0	10644.0
748.0	10684.0
749.0	10255.0
750.0	10230.0
751.0	10138.0
752.0	10217.0
753.0	10185.0
754.0	10105.0
755.0	10244.0
756.0	10536.0
757.0	10537.0
758.0	9952.0
759.0	10060.0
760.0	9717.0
761.0	9735.0
762.0	10148.0
763.0	9939.0
764.0	9668.0
765.0	9982.0
766.0	10102.0
767.0	9876.0
768.0	10236.0
769.0	10319.0
770.0	9875.0
771.0	10423.0
772.0	9615.0
773.0	10295.0
774.0	9683.0
775.0	10348.0
776.0	10312.0
777.0	10158.0
778.0	9978.0
779.0	9942.0
780.0	10119.0
781.0	10212.0
782.0	9995.0
783.0	10402.0
784.0	10082.0
785.0	10103.0
786.0	10177.0
787.0	10373.0
788.0	10566.0
789.0	10391.0
790.0	10159.0
791.0	10102.0
792.0	10310.0
793.0	9995.0
794.0	9947.0
795.0	9740.0
796.0	9862.0
797.0	10777.0
798.0	10098.0
799.0	10387.0
800.0	10172.0
