$itime = 500
$wv_start = 190.0
$hv = 1000
$grating = 2 1200 g/mm BLZ= 500  nm
$x_amps = 10
$x_volts = 45
$sample = DB2330
$date = 2023-07-03
$temp = 72.0
$wv_stop = 800.0
$time = 11:54:12.603000
$wv_step = 1.0
190.0	12259.0
191.0	11813.0
192.0	11750.0
193.0	11458.0
194.0	11997.0
195.0	11910.0
196.0	11768.0
197.0	11663.0
198.0	11943.0
199.0	12169.0
200.0	11779.0
201.0	12069.0
202.0	12389.0
203.0	11664.0
204.0	11535.0
205.0	11572.0
206.0	11815.0
207.0	11550.0
208.0	12010.0
209.0	12106.0
210.0	11729.0
211.0	11414.0
212.0	11716.0
213.0	11549.0
214.0	11314.0
215.0	11767.0
216.0	12179.0
217.0	11980.0
218.0	12056.0
219.0	11848.0
220.0	11871.0
221.0	12195.0
222.0	11877.0
223.0	11279.0
224.0	12098.0
225.0	11785.0
226.0	11910.0
227.0	11971.0
228.0	11516.0
229.0	11921.0
230.0	11340.0
231.0	11403.0
232.0	11679.0
233.0	11612.0
234.0	12010.0
235.0	12118.0
236.0	11448.0
237.0	11941.0
238.0	11868.0
239.0	11245.0
240.0	12025.0
241.0	12045.0
242.0	11726.0
243.0	11951.0
244.0	11760.0
245.0	11868.0
246.0	11814.0
247.0	11477.0
248.0	11980.0
249.0	11667.0
250.0	11808.0
251.0	11913.0
252.0	11785.0
253.0	11536.0
254.0	11855.0
255.0	11724.0
256.0	11542.0
257.0	12063.0
258.0	11776.0
259.0	12051.0
260.0	12025.0
261.0	11500.0
262.0	11861.0
263.0	12128.0
264.0	11627.0
265.0	12062.0
266.0	11791.0
267.0	11918.0
268.0	11750.0
269.0	11450.0
270.0	11849.0
271.0	11809.0
272.0	11800.0
273.0	11839.0
274.0	11975.0
275.0	11759.0
276.0	12176.0
277.0	12234.0
278.0	11633.0
279.0	11718.0
280.0	11672.0
281.0	12140.0
282.0	12535.0
283.0	11676.0
284.0	12422.0
285.0	11787.0
286.0	12187.0
287.0	11691.0
288.0	11496.0
289.0	12010.0
290.0	11843.0
291.0	12021.0
292.0	11521.0
293.0	11697.0
294.0	11369.0
295.0	12036.0
296.0	11962.0
297.0	12010.0
298.0	11998.0
299.0	11877.0
300.0	12139.0
301.0	12135.0
302.0	12382.0
303.0	11975.0
304.0	12103.0
305.0	12275.0
306.0	11710.0
307.0	11581.0
308.0	11989.0
309.0	12197.0
310.0	11571.0
311.0	12018.0
312.0	11852.0
313.0	11643.0
314.0	12019.0
315.0	12232.0
316.0	11740.0
317.0	11624.0
318.0	12209.0
319.0	12310.0
320.0	12495.0
321.0	11821.0
322.0	11152.0
323.0	11609.0
324.0	12065.0
325.0	12024.0
326.0	12021.0
327.0	11634.0
328.0	11457.0
329.0	11628.0
330.0	12029.0
331.0	11944.0
332.0	12024.0
333.0	11932.0
334.0	11742.0
335.0	11832.0
336.0	12184.0
337.0	11577.0
338.0	11789.0
339.0	11831.0
340.0	11406.0
341.0	12091.0
342.0	11905.0
343.0	12187.0
344.0	11488.0
345.0	11816.0
346.0	11839.0
347.0	12098.0
348.0	11988.0
349.0	12116.0
350.0	12012.0
351.0	11918.0
352.0	11750.0
353.0	11446.0
354.0	11944.0
355.0	11843.0
356.0	11441.0
357.0	11847.0
358.0	11744.0
359.0	11814.0
360.0	11627.0
361.0	11990.0
362.0	11512.0
363.0	11921.0
364.0	11605.0
365.0	12123.0
366.0	12063.0
367.0	11915.0
368.0	11448.0
369.0	12170.0
370.0	11693.0
371.0	12131.0
372.0	11853.0
373.0	11993.0
374.0	12061.0
375.0	11459.0
376.0	11467.0
377.0	11814.0
378.0	11847.0
379.0	12187.0
380.0	12018.0
381.0	11713.0
382.0	11508.0
383.0	12084.0
384.0	11620.0
385.0	11745.0
386.0	11559.0
387.0	11967.0
388.0	12021.0
389.0	11664.0
390.0	12460.0
391.0	12156.0
392.0	11964.0
393.0	11756.0
394.0	12100.0
395.0	11815.0
396.0	12643.0
397.0	11832.0
398.0	11707.0
399.0	11516.0
400.0	12135.0
401.0	11893.0
402.0	11536.0
403.0	12097.0
404.0	11762.0
405.0	11515.0
406.0	11727.0
407.0	11991.0
408.0	11816.0
409.0	11964.0
410.0	11909.0
411.0	11107.0
412.0	12076.0
413.0	12106.0
414.0	11906.0
415.0	11319.0
416.0	12014.0
417.0	11868.0
418.0	11829.0
419.0	12330.0
420.0	11750.0
421.0	11547.0
422.0	11399.0
423.0	12045.0
424.0	12130.0
425.0	11346.0
426.0	11808.0
427.0	11590.0
428.0	11133.0
429.0	11935.0
430.0	11807.0
431.0	12159.0
432.0	11878.0
433.0	11601.0
434.0	11390.0
435.0	12423.0
436.0	11693.0
437.0	11715.0
438.0	12231.0
439.0	11528.0
440.0	12173.0
441.0	12140.0
442.0	11837.0
443.0	11327.0
444.0	12416.0
445.0	11516.0
446.0	11693.0
447.0	11449.0
448.0	12173.0
449.0	11802.0
450.0	11941.0
451.0	11864.0
452.0	11409.0
453.0	11590.0
454.0	11691.0
455.0	11770.0
456.0	12225.0
457.0	12035.0
458.0	12258.0
459.0	11919.0
460.0	12422.0
461.0	11402.0
462.0	11703.0
463.0	12331.0
464.0	12389.0
465.0	11871.0
466.0	12390.0
467.0	12142.0
468.0	11705.0
469.0	12136.0
470.0	12422.0
471.0	12296.0
472.0	11866.0
473.0	12197.0
474.0	11937.0
475.0	12433.0
476.0	12175.0
477.0	12206.0
478.0	12602.0
479.0	13365.0
480.0	14140.0
481.0	13871.0
482.0	13468.0
483.0	12314.0
484.0	12097.0
485.0	12552.0
486.0	12229.0
487.0	12274.0
488.0	12627.0
489.0	12208.0
490.0	12344.0
491.0	12493.0
492.0	12011.0
493.0	12016.0
494.0	12258.0
495.0	12216.0
496.0	12506.0
497.0	12347.0
498.0	12752.0
499.0	12380.0
500.0	12478.0
501.0	12435.0
502.0	13034.0
503.0	12916.0
504.0	13180.0
505.0	12849.0
506.0	12537.0
507.0	12458.0
508.0	12631.0
509.0	12562.0
510.0	12539.0
511.0	12211.0
512.0	12440.0
513.0	12338.0
514.0	12847.0
515.0	12109.0
516.0	12208.0
517.0	12356.0
518.0	12549.0
519.0	12225.0
520.0	12295.0
521.0	12171.0
522.0	12404.0
523.0	12429.0
524.0	12181.0
525.0	12526.0
526.0	12074.0
527.0	12180.0
528.0	12019.0
529.0	12417.0
530.0	12250.0
531.0	12437.0
532.0	12069.0
533.0	12006.0
534.0	12162.0
535.0	12450.0
536.0	12197.0
537.0	11915.0
538.0	12260.0
539.0	12601.0
540.0	12136.0
541.0	12143.0
542.0	12752.0
543.0	12340.0
544.0	12062.0
545.0	12130.0
546.0	12180.0
547.0	12554.0
548.0	12358.0
549.0	11982.0
550.0	12033.0
551.0	12044.0
552.0	12482.0
553.0	12123.0
554.0	12005.0
555.0	12153.0
556.0	11766.0
557.0	11949.0
558.0	12253.0
559.0	12248.0
560.0	12481.0
561.0	12373.0
562.0	11990.0
563.0	11685.0
564.0	12193.0
565.0	12509.0
566.0	12248.0
567.0	12433.0
568.0	11979.0
569.0	11889.0
570.0	12177.0
571.0	12345.0
572.0	12420.0
573.0	11977.0
574.0	12550.0
575.0	11970.0
576.0	11750.0
577.0	11940.0
578.0	12129.0
579.0	12128.0
580.0	12291.0
581.0	12118.0
582.0	11910.0
583.0	12062.0
584.0	12579.0
585.0	12136.0
586.0	12028.0
587.0	12230.0
588.0	12148.0
589.0	12428.0
590.0	11668.0
591.0	12362.0
592.0	12341.0
593.0	11710.0
594.0	12072.0
595.0	11621.0
596.0	12139.0
597.0	11849.0
598.0	12056.0
599.0	12334.0
600.0	11860.0
601.0	11664.0
602.0	12229.0
603.0	12176.0
604.0	11611.0
605.0	11727.0
606.0	12206.0
607.0	12348.0
608.0	11925.0
609.0	12422.0
610.0	11731.0
611.0	11946.0
612.0	11916.0
613.0	12235.0
614.0	12365.0
615.0	11725.0
616.0	11651.0
617.0	11590.0
618.0	12294.0
619.0	12103.0
620.0	12014.0
621.0	12144.0
622.0	11754.0
623.0	12275.0
624.0	12030.0
625.0	12314.0
626.0	11842.0
627.0	11919.0
628.0	12331.0
629.0	12337.0
630.0	11412.0
631.0	12075.0
632.0	11966.0
633.0	11947.0
634.0	11759.0
635.0	11661.0
636.0	12002.0
637.0	12178.0
638.0	11650.0
639.0	11647.0
640.0	11904.0
641.0	12006.0
642.0	11440.0
643.0	12034.0
644.0	11705.0
645.0	11813.0
646.0	12144.0
647.0	11763.0
648.0	12345.0
649.0	12051.0
650.0	12305.0
651.0	11390.0
652.0	12180.0
653.0	11504.0
654.0	11789.0
655.0	11607.0
656.0	11709.0
657.0	11610.0
658.0	11829.0
659.0	12279.0
660.0	11932.0
661.0	11868.0
662.0	12024.0
663.0	12116.0
664.0	12192.0
665.0	11966.0
666.0	11826.0
667.0	12609.0
668.0	12073.0
669.0	12087.0
670.0	11749.0
671.0	11875.0
672.0	11843.0
673.0	12254.0
674.0	11273.0
675.0	11829.0
676.0	12161.0
677.0	11430.0
678.0	11587.0
679.0	12116.0
680.0	11764.0
681.0	12295.0
682.0	11464.0
683.0	11907.0
684.0	12025.0
685.0	12342.0
686.0	11721.0
687.0	11718.0
688.0	12028.0
689.0	12147.0
690.0	11809.0
691.0	11989.0
692.0	12445.0
693.0	11925.0
694.0	11457.0
695.0	11942.0
696.0	12149.0
697.0	11837.0
698.0	12309.0
699.0	12150.0
700.0	11904.0
701.0	12320.0
702.0	11632.0
703.0	12154.0
704.0	12197.0
705.0	10981.0
706.0	11739.0
707.0	11973.0
708.0	12218.0
709.0	12130.0
710.0	12126.0
711.0	11676.0
712.0	11919.0
713.0	11835.0
714.0	11855.0
715.0	11737.0
716.0	11746.0
717.0	12337.0
718.0	11744.0
719.0	11514.0
720.0	12158.0
721.0	11603.0
722.0	12645.0
723.0	12165.0
724.0	11672.0
725.0	11947.0
726.0	12110.0
727.0	12148.0
728.0	11720.0
729.0	11729.0
730.0	11502.0
731.0	12077.0
732.0	12233.0
733.0	12248.0
734.0	12335.0
735.0	11656.0
736.0	11391.0
737.0	11940.0
738.0	11900.0
739.0	12258.0
740.0	11774.0
741.0	12084.0
742.0	11970.0
743.0	11554.0
744.0	12158.0
745.0	11975.0
746.0	11986.0
747.0	12085.0
748.0	11866.0
749.0	11460.0
750.0	11914.0
751.0	12061.0
752.0	12196.0
753.0	12314.0
754.0	11564.0
755.0	11173.0
756.0	12028.0
757.0	12153.0
758.0	12031.0
759.0	11735.0
760.0	11810.0
761.0	11729.0
762.0	12129.0
763.0	12097.0
764.0	12259.0
765.0	11815.0
766.0	11689.0
767.0	11842.0
768.0	11923.0
769.0	11989.0
770.0	12062.0
771.0	11848.0
772.0	11839.0
773.0	12138.0
774.0	11982.0
775.0	11662.0
776.0	12141.0
777.0	11761.0
778.0	12135.0
779.0	11763.0
780.0	12045.0
781.0	11911.0
782.0	11919.0
783.0	11829.0
784.0	12103.0
785.0	11672.0
786.0	12711.0
787.0	11716.0
788.0	11706.0
789.0	11663.0
790.0	12024.0
791.0	12262.0
792.0	11877.0
793.0	11859.0
794.0	11775.0
795.0	12133.0
796.0	11216.0
797.0	11989.0
798.0	11571.0
799.0	11763.0
800.0	12199.0
