$itime = 500
$wv_start = 190.0
$hv = 1000
$grating = 2 1200 g/mm BLZ= 500  nm
$x_amps = 10
$x_volts = 45
$sample = DB2330
$date = 2023-07-03
$temp = 252.0
$wv_stop = 800.0
$time = 11:54:12.603000
$wv_step = 1.0
190.0	9978.0
191.0	9871.0
192.0	10046.0
193.0	9479.0
194.0	9580.0
195.0	9692.0
196.0	9493.0
197.0	10178.0
198.0	9435.0
199.0	9326.0
200.0	10290.0
201.0	9443.0
202.0	9927.0
203.0	9960.0
204.0	10010.0
205.0	9785.0
206.0	9905.0
207.0	9903.0
208.0	9997.0
209.0	10189.0
210.0	9530.0
211.0	9628.0
212.0	9876.0
213.0	10624.0
214.0	10138.0
215.0	9200.0
216.0	9787.0
217.0	9634.0
218.0	9839.0
219.0	9565.0
220.0	9603.0
221.0	10229.0
222.0	9971.0
223.0	9818.0
224.0	9872.0
225.0	10353.0
226.0	9849.0
227.0	9449.0
228.0	9985.0
229.0	9899.0
230.0	10399.0
231.0	9640.0
232.0	10334.0
233.0	10096.0
234.0	9985.0
235.0	9656.0
236.0	9676.0
237.0	10360.0
238.0	9376.0
239.0	9828.0
240.0	10105.0
241.0	10013.0
242.0	10313.0
243.0	9933.0
244.0	9511.0
245.0	9991.0
246.0	10385.0
247.0	9309.0
248.0	9951.0
249.0	9955.0
250.0	9953.0
251.0	10041.0
252.0	9867.0
253.0	10262.0
254.0	9993.0
255.0	10096.0
256.0	9853.0
257.0	9900.0
258.0	9931.0
259.0	9792.0
260.0	10270.0
261.0	10066.0
262.0	10127.0
263.0	10293.0
264.0	9636.0
265.0	9876.0
266.0	10053.0
267.0	10054.0
268.0	9700.0
269.0	10105.0
270.0	9897.0
271.0	10075.0
272.0	10492.0
273.0	10147.0
274.0	10285.0
275.0	10161.0
276.0	10055.0
277.0	10088.0
278.0	9916.0
279.0	10193.0
280.0	10097.0
281.0	10176.0
282.0	10287.0
283.0	10374.0
284.0	10532.0
285.0	9403.0
286.0	9714.0
287.0	10053.0
288.0	10015.0
289.0	9692.0
290.0	10045.0
291.0	10069.0
292.0	10188.0
293.0	10000.0
294.0	10072.0
295.0	10044.0
296.0	10000.0
297.0	10083.0
298.0	10357.0
299.0	9974.0
300.0	10006.0
301.0	10030.0
302.0	10221.0
303.0	10125.0
304.0	9879.0
305.0	10283.0
306.0	9898.0
307.0	10147.0
308.0	10102.0
309.0	10015.0
310.0	10185.0
311.0	9838.0
312.0	10221.0
313.0	9778.0
314.0	9905.0
315.0	10457.0
316.0	10224.0
317.0	10592.0
318.0	10054.0
319.0	10214.0
320.0	9919.0
321.0	10129.0
322.0	10361.0
323.0	9993.0
324.0	9668.0
325.0	9724.0
326.0	9792.0
327.0	9973.0
328.0	9767.0
329.0	10159.0
330.0	10483.0
331.0	9544.0
332.0	9879.0
333.0	9887.0
334.0	9946.0
335.0	10273.0
336.0	10561.0
337.0	9994.0
338.0	10230.0
339.0	9819.0
340.0	10228.0
341.0	10459.0
342.0	9969.0
343.0	10330.0
344.0	9802.0
345.0	10097.0
346.0	10310.0
347.0	9969.0
348.0	10218.0
349.0	10004.0
350.0	10002.0
351.0	10037.0
352.0	10048.0
353.0	10009.0
354.0	10242.0
355.0	9746.0
356.0	9885.0
357.0	9765.0
358.0	9874.0
359.0	9747.0
360.0	9760.0
361.0	9900.0
362.0	9819.0
363.0	9957.0
364.0	9668.0
365.0	9613.0
366.0	9946.0
367.0	10081.0
368.0	9718.0
369.0	10399.0
370.0	10297.0
371.0	9855.0
372.0	10027.0
373.0	10060.0
374.0	10132.0
375.0	9952.0
376.0	10295.0
377.0	10108.0
378.0	9928.0
379.0	9740.0
380.0	10076.0
381.0	9521.0
382.0	9817.0
383.0	9775.0
384.0	9998.0
385.0	10260.0
386.0	10243.0
387.0	10297.0
388.0	10478.0
389.0	10026.0
390.0	9569.0
391.0	10270.0
392.0	9707.0
393.0	10137.0
394.0	9597.0
395.0	10087.0
396.0	10179.0
397.0	10425.0
398.0	9982.0
399.0	9805.0
400.0	9973.0
401.0	10254.0
402.0	9745.0
403.0	10186.0
404.0	9845.0
405.0	10271.0
406.0	9600.0
407.0	10008.0
408.0	9977.0
409.0	10348.0
410.0	10432.0
411.0	9496.0
412.0	9693.0
413.0	10036.0
414.0	10123.0
415.0	10027.0
416.0	9723.0
417.0	10024.0
418.0	9955.0
419.0	10078.0
420.0	10522.0
421.0	10221.0
422.0	10013.0
423.0	9847.0
424.0	10472.0
425.0	9730.0
426.0	10143.0
427.0	9867.0
428.0	10264.0
429.0	9443.0
430.0	10457.0
431.0	9799.0
432.0	9866.0
433.0	10175.0
434.0	10143.0
435.0	10207.0
436.0	9577.0
437.0	9804.0
438.0	10128.0
439.0	9731.0
440.0	10443.0
441.0	10246.0
442.0	9948.0
443.0	9928.0
444.0	9883.0
445.0	9795.0
446.0	9694.0
447.0	10225.0
448.0	10416.0
449.0	9787.0
450.0	9514.0
451.0	9606.0
452.0	9969.0
453.0	9774.0
454.0	9840.0
455.0	10029.0
456.0	10133.0
457.0	10205.0
458.0	10591.0
459.0	10181.0
460.0	9723.0
461.0	10480.0
462.0	10207.0
463.0	9707.0
464.0	10028.0
465.0	9905.0
466.0	9949.0
467.0	10008.0
468.0	9736.0
469.0	10375.0
470.0	9964.0
471.0	9509.0
472.0	10061.0
473.0	10350.0
474.0	9876.0
475.0	9713.0
476.0	9759.0
477.0	10152.0
478.0	10323.0
479.0	9934.0
480.0	10119.0
481.0	9900.0
482.0	9942.0
483.0	10076.0
484.0	9968.0
485.0	9806.0
486.0	10138.0
487.0	9689.0
488.0	10152.0
489.0	10294.0
490.0	10316.0
491.0	10240.0
492.0	9924.0
493.0	10342.0
494.0	10643.0
495.0	10096.0
496.0	9968.0
497.0	10134.0
498.0	10148.0
499.0	10415.0
500.0	10076.0
501.0	9739.0
502.0	10270.0
503.0	10556.0
504.0	10609.0
505.0	10372.0
506.0	10453.0
507.0	10679.0
508.0	10070.0
509.0	10122.0
510.0	10644.0
511.0	10076.0
512.0	10784.0
513.0	10239.0
514.0	10589.0
515.0	9949.0
516.0	10132.0
517.0	10148.0
518.0	9932.0
519.0	9946.0
520.0	10160.0
521.0	9755.0
522.0	10258.0
523.0	10283.0
524.0	10330.0
525.0	9791.0
526.0	10212.0
527.0	10077.0
528.0	9796.0
529.0	9881.0
530.0	9993.0
531.0	10229.0
532.0	9943.0
533.0	10012.0
534.0	9671.0
535.0	10145.0
536.0	9871.0
537.0	9846.0
538.0	9614.0
539.0	9972.0
540.0	10317.0
541.0	9965.0
542.0	10170.0
543.0	10959.0
544.0	9910.0
545.0	10138.0
546.0	10446.0
547.0	9860.0
548.0	10160.0
549.0	10093.0
550.0	10473.0
551.0	9815.0
552.0	10262.0
553.0	10025.0
554.0	10405.0
555.0	10009.0
556.0	10102.0
557.0	10266.0
558.0	10425.0
559.0	10192.0
560.0	10273.0
561.0	10266.0
562.0	9939.0
563.0	10258.0
564.0	10243.0
565.0	10090.0
566.0	10324.0
567.0	10017.0
568.0	10188.0
569.0	10305.0
570.0	10069.0
571.0	9828.0
572.0	10202.0
573.0	10340.0
574.0	9695.0
575.0	9939.0
576.0	10534.0
577.0	9854.0
578.0	10141.0
579.0	10243.0
580.0	10192.0
581.0	9880.0
582.0	9785.0
583.0	10328.0
584.0	10071.0
585.0	9997.0
586.0	9589.0
587.0	10146.0
588.0	10193.0
589.0	10111.0
590.0	10229.0
591.0	10175.0
592.0	9829.0
593.0	10532.0
594.0	10476.0
595.0	10008.0
596.0	10085.0
597.0	10443.0
598.0	10200.0
599.0	10162.0
600.0	9938.0
601.0	9942.0
602.0	9733.0
603.0	9660.0
604.0	9505.0
605.0	9652.0
606.0	10079.0
607.0	10185.0
608.0	9733.0
609.0	10177.0
610.0	9703.0
611.0	10175.0
612.0	10139.0
613.0	10454.0
614.0	10109.0
615.0	10162.0
616.0	9945.0
617.0	10795.0
618.0	10199.0
619.0	10043.0
620.0	10285.0
621.0	9478.0
622.0	10033.0
623.0	10245.0
624.0	9946.0
625.0	10081.0
626.0	10243.0
627.0	9879.0
628.0	10021.0
629.0	9786.0
630.0	9942.0
631.0	10277.0
632.0	10149.0
633.0	10084.0
634.0	9723.0
635.0	10079.0
636.0	10323.0
637.0	10123.0
638.0	10069.0
639.0	9861.0
640.0	10334.0
641.0	10206.0
642.0	9450.0
643.0	10185.0
644.0	10224.0
645.0	9935.0
646.0	10090.0
647.0	9759.0
648.0	9962.0
649.0	10035.0
650.0	9845.0
651.0	10069.0
652.0	9891.0
653.0	10122.0
654.0	9714.0
655.0	10286.0
656.0	9863.0
657.0	9817.0
658.0	10033.0
659.0	10079.0
660.0	9619.0
661.0	10216.0
662.0	10196.0
663.0	10269.0
664.0	9931.0
665.0	10857.0
666.0	10064.0
667.0	9890.0
668.0	9852.0
669.0	9895.0
670.0	10152.0
671.0	10264.0
672.0	9718.0
673.0	9520.0
674.0	9837.0
675.0	9805.0
676.0	10443.0
677.0	10153.0
678.0	9941.0
679.0	10133.0
680.0	10135.0
681.0	9935.0
682.0	10281.0
683.0	10027.0
684.0	10315.0
685.0	9955.0
686.0	10047.0
687.0	9939.0
688.0	9720.0
689.0	10434.0
690.0	9897.0
691.0	10104.0
692.0	9931.0
693.0	9967.0
694.0	9581.0
695.0	9978.0
696.0	10050.0
697.0	9568.0
698.0	9535.0
699.0	10494.0
700.0	10107.0
701.0	9693.0
702.0	10235.0
703.0	10330.0
704.0	10137.0
705.0	10186.0
706.0	9741.0
707.0	9768.0
708.0	9884.0
709.0	9964.0
710.0	10121.0
711.0	10145.0
712.0	9848.0
713.0	9723.0
714.0	10255.0
715.0	10132.0
716.0	10316.0
717.0	9549.0
718.0	10312.0
719.0	10156.0
720.0	10204.0
721.0	10181.0
722.0	9826.0
723.0	9870.0
724.0	10386.0
725.0	10082.0
726.0	10468.0
727.0	9851.0
728.0	10175.0
729.0	10215.0
730.0	9702.0
731.0	9579.0
732.0	10119.0
733.0	10118.0
734.0	9812.0
735.0	10315.0
736.0	10187.0
737.0	9932.0
738.0	10053.0
739.0	9963.0
740.0	9879.0
741.0	10000.0
742.0	9874.0
743.0	9886.0
744.0	9995.0
745.0	10127.0
746.0	10399.0
747.0	10271.0
748.0	10003.0
749.0	9935.0
750.0	10069.0
751.0	10264.0
752.0	10141.0
753.0	9702.0
754.0	9559.0
755.0	10060.0
756.0	9946.0
757.0	9801.0
758.0	10281.0
759.0	10229.0
760.0	9992.0
761.0	9998.0
762.0	9947.0
763.0	9980.0
764.0	10265.0
765.0	9949.0
766.0	10185.0
767.0	9936.0
768.0	10478.0
769.0	9642.0
770.0	10149.0
771.0	10096.0
772.0	9645.0
773.0	9896.0
774.0	9754.0
775.0	9983.0
776.0	9837.0
777.0	10479.0
778.0	10241.0
779.0	10136.0
780.0	10047.0
781.0	9817.0
782.0	10297.0
783.0	10146.0
784.0	9631.0
785.0	9747.0
786.0	10562.0
787.0	10121.0
788.0	10375.0
789.0	10053.0
790.0	9778.0
791.0	10377.0
792.0	9495.0
793.0	9842.0
794.0	10426.0
795.0	10050.0
796.0	10206.0
797.0	10326.0
798.0	9994.0
799.0	10282.0
800.0	10105.0
