$itime = 500
$wv_start = 190.0
$hv = 1000
$grating = 2 1200 g/mm BLZ= 500  nm
$x_amps = 10
$x_volts = 45
$sample = DB2330
$date = 2023-07-03
$temp = 272.0
$wv_stop = 800.0
$time = 11:54:12.603000
$wv_step = 1.0
190.0	9719.0
191.0	10129.0
192.0	10081.0
193.0	9602.0
194.0	9772.0
195.0	9712.0
196.0	9933.0
197.0	9824.0
198.0	9671.0
199.0	10363.0
200.0	9430.0
201.0	9996.0
202.0	9877.0
203.0	9787.0
204.0	9649.0
205.0	9686.0
206.0	9903.0
207.0	9507.0
208.0	9988.0
209.0	9865.0
210.0	9839.0
211.0	9260.0
212.0	9834.0
213.0	9870.0
214.0	10132.0
215.0	10059.0
216.0	9758.0
217.0	9744.0
218.0	9735.0
219.0	9668.0
220.0	9628.0
221.0	9996.0
222.0	9721.0
223.0	9360.0
224.0	9992.0
225.0	9540.0
226.0	9343.0
227.0	9692.0
228.0	9714.0
229.0	9637.0
230.0	9464.0
231.0	10141.0
232.0	9572.0
233.0	9529.0
234.0	9519.0
235.0	9881.0
236.0	9707.0
237.0	9834.0
238.0	9477.0
239.0	9539.0
240.0	9994.0
241.0	9600.0
242.0	9974.0
243.0	9700.0
244.0	10209.0
245.0	9671.0
246.0	9542.0
247.0	9825.0
248.0	9814.0
249.0	9950.0
250.0	10334.0
251.0	9757.0
252.0	9988.0
253.0	10258.0
254.0	9713.0
255.0	9698.0
256.0	9817.0
257.0	9617.0
258.0	9727.0
259.0	9961.0
260.0	10136.0
261.0	9454.0
262.0	9883.0
263.0	9871.0
264.0	9629.0
265.0	10279.0
266.0	10081.0
267.0	9530.0
268.0	9634.0
269.0	9523.0
270.0	10138.0
271.0	9813.0
272.0	9330.0
273.0	9543.0
274.0	9826.0
275.0	10456.0
276.0	9865.0
277.0	10238.0
278.0	10367.0
279.0	9799.0
280.0	9974.0
281.0	9591.0
282.0	10243.0
283.0	9714.0
284.0	9617.0
285.0	9976.0
286.0	9845.0
287.0	9791.0
288.0	10389.0
289.0	9905.0
290.0	9950.0
291.0	9689.0
292.0	9730.0
293.0	9871.0
294.0	9919.0
295.0	10076.0
296.0	10267.0
297.0	9343.0
298.0	9576.0
299.0	9711.0
300.0	9488.0
301.0	10274.0
302.0	9968.0
303.0	10082.0
304.0	9630.0
305.0	9877.0
306.0	9629.0
307.0	9661.0
308.0	9970.0
309.0	9641.0
310.0	9938.0
311.0	10613.0
312.0	10255.0
313.0	9797.0
314.0	9607.0
315.0	9890.0
316.0	10137.0
317.0	9652.0
318.0	9996.0
319.0	10229.0
320.0	10411.0
321.0	10089.0
322.0	9870.0
323.0	9829.0
324.0	9996.0
325.0	10248.0
326.0	9995.0
327.0	9969.0
328.0	10163.0
329.0	10012.0
330.0	9604.0
331.0	9815.0
332.0	9933.0
333.0	9642.0
334.0	9793.0
335.0	9844.0
336.0	9786.0
337.0	9842.0
338.0	9351.0
339.0	9825.0
340.0	9969.0
341.0	9868.0
342.0	9979.0
343.0	9734.0
344.0	9696.0
345.0	9874.0
346.0	9648.0
347.0	9671.0
348.0	10219.0
349.0	10066.0
350.0	9680.0
351.0	10103.0
352.0	9975.0
353.0	9810.0
354.0	9556.0
355.0	9865.0
356.0	9965.0
357.0	9955.0
358.0	9739.0
359.0	10095.0
360.0	9890.0
361.0	9714.0
362.0	9577.0
363.0	9936.0
364.0	9982.0
365.0	10222.0
366.0	9979.0
367.0	9726.0
368.0	9760.0
369.0	9556.0
370.0	9897.0
371.0	10188.0
372.0	9671.0
373.0	9950.0
374.0	9733.0
375.0	9577.0
376.0	9433.0
377.0	10150.0
378.0	10050.0
379.0	9656.0
380.0	9490.0
381.0	10053.0
382.0	9640.0
383.0	9598.0
384.0	9484.0
385.0	9665.0
386.0	10132.0
387.0	9604.0
388.0	10109.0
389.0	9827.0
390.0	9837.0
391.0	9812.0
392.0	9654.0
393.0	9834.0
394.0	9905.0
395.0	9666.0
396.0	9924.0
397.0	9939.0
398.0	9866.0
399.0	9623.0
400.0	9980.0
401.0	9595.0
402.0	9986.0
403.0	10416.0
404.0	9838.0
405.0	9616.0
406.0	9440.0
407.0	9499.0
408.0	9591.0
409.0	9641.0
410.0	9904.0
411.0	10007.0
412.0	9985.0
413.0	9933.0
414.0	9708.0
415.0	9729.0
416.0	9784.0
417.0	9886.0
418.0	9374.0
419.0	10006.0
420.0	9720.0
421.0	9942.0
422.0	9993.0
423.0	9686.0
424.0	9836.0
425.0	9820.0
426.0	9615.0
427.0	9949.0
428.0	10022.0
429.0	9236.0
430.0	9117.0
431.0	9829.0
432.0	9465.0
433.0	9615.0
434.0	10027.0
435.0	9654.0
436.0	10463.0
437.0	10162.0
438.0	10102.0
439.0	9427.0
440.0	10069.0
441.0	9838.0
442.0	9568.0
443.0	10127.0
444.0	9762.0
445.0	10182.0
446.0	9670.0
447.0	10072.0
448.0	9643.0
449.0	9298.0
450.0	9717.0
451.0	9750.0
452.0	10013.0
453.0	9799.0
454.0	9692.0
455.0	9625.0
456.0	9796.0
457.0	9533.0
458.0	10141.0
459.0	9948.0
460.0	9635.0
461.0	9635.0
462.0	9673.0
463.0	9747.0
464.0	9270.0
465.0	9591.0
466.0	9946.0
467.0	10034.0
468.0	10006.0
469.0	10023.0
470.0	9963.0
471.0	10054.0
472.0	9940.0
473.0	9966.0
474.0	9383.0
475.0	10007.0
476.0	9752.0
477.0	10189.0
478.0	9924.0
479.0	9976.0
480.0	9780.0
481.0	9689.0
482.0	9739.0
483.0	10235.0
484.0	9973.0
485.0	9902.0
486.0	9978.0
487.0	9511.0
488.0	9932.0
489.0	9610.0
490.0	9988.0
491.0	10277.0
492.0	9683.0
493.0	9862.0
494.0	10211.0
495.0	9246.0
496.0	10292.0
497.0	9939.0
498.0	9443.0
499.0	10030.0
500.0	9643.0
501.0	9827.0
502.0	9758.0
503.0	10229.0
504.0	9761.0
505.0	9781.0
506.0	9805.0
507.0	9446.0
508.0	10134.0
509.0	9715.0
510.0	9427.0
511.0	9577.0
512.0	9736.0
513.0	9630.0
514.0	10456.0
515.0	10197.0
516.0	10398.0
517.0	9580.0
518.0	9555.0
519.0	9997.0
520.0	9388.0
521.0	9748.0
522.0	9703.0
523.0	9748.0
524.0	10249.0
525.0	9840.0
526.0	9519.0
527.0	9688.0
528.0	9830.0
529.0	10297.0
530.0	10184.0
531.0	9999.0
532.0	9659.0
533.0	10131.0
534.0	9286.0
535.0	9797.0
536.0	10181.0
537.0	10210.0
538.0	10155.0
539.0	9681.0
540.0	9957.0
541.0	9890.0
542.0	10009.0
543.0	10277.0
544.0	10042.0
545.0	9702.0
546.0	9879.0
547.0	10101.0
548.0	9911.0
549.0	9990.0
550.0	10392.0
551.0	9962.0
552.0	9584.0
553.0	10274.0
554.0	10402.0
555.0	9711.0
556.0	10266.0
557.0	10319.0
558.0	9879.0
559.0	10141.0
560.0	9946.0
561.0	9846.0
562.0	9312.0
563.0	9936.0
564.0	10120.0
565.0	9758.0
566.0	10122.0
567.0	9817.0
568.0	9935.0
569.0	9989.0
570.0	9407.0
571.0	9487.0
572.0	10413.0
573.0	9789.0
574.0	10155.0
575.0	9776.0
576.0	9992.0
577.0	10017.0
578.0	10239.0
579.0	10132.0
580.0	9932.0
581.0	10381.0
582.0	9671.0
583.0	9939.0
584.0	10184.0
585.0	10130.0
586.0	9974.0
587.0	9707.0
588.0	10118.0
589.0	9595.0
590.0	9941.0
591.0	9932.0
592.0	10422.0
593.0	9827.0
594.0	9624.0
595.0	10233.0
596.0	9711.0
597.0	10031.0
598.0	9726.0
599.0	9973.0
600.0	9763.0
601.0	9445.0
602.0	9955.0
603.0	9570.0
604.0	9871.0
605.0	9964.0
606.0	9851.0
607.0	10359.0
608.0	10135.0
609.0	9872.0
610.0	9613.0
611.0	9735.0
612.0	9760.0
613.0	9692.0
614.0	10427.0
615.0	10319.0
616.0	9661.0
617.0	10171.0
618.0	9808.0
619.0	9990.0
620.0	10495.0
621.0	9718.0
622.0	9634.0
623.0	9947.0
624.0	9988.0
625.0	9910.0
626.0	9789.0
627.0	9577.0
628.0	9957.0
629.0	9700.0
630.0	9474.0
631.0	10118.0
632.0	9749.0
633.0	10033.0
634.0	9696.0
635.0	9761.0
636.0	9844.0
637.0	9770.0
638.0	9563.0
639.0	9971.0
640.0	10050.0
641.0	9691.0
642.0	9832.0
643.0	10245.0
644.0	10050.0
645.0	9837.0
646.0	10560.0
647.0	9828.0
648.0	10090.0
649.0	9946.0
650.0	9646.0
651.0	9861.0
652.0	9876.0
653.0	9811.0
654.0	10062.0
655.0	10085.0
656.0	9985.0
657.0	10141.0
658.0	9857.0
659.0	9717.0
660.0	9842.0
661.0	10380.0
662.0	9913.0
663.0	9872.0
664.0	9993.0
665.0	9530.0
666.0	9890.0
667.0	9790.0
668.0	9734.0
669.0	10239.0
670.0	9962.0
671.0	9988.0
672.0	9834.0
673.0	10095.0
674.0	10047.0
675.0	9771.0
676.0	9929.0
677.0	9504.0
678.0	9758.0
679.0	10192.0
680.0	9778.0
681.0	9745.0
682.0	10033.0
683.0	9865.0
684.0	9580.0
685.0	9734.0
686.0	9953.0
687.0	10006.0
688.0	9940.0
689.0	9879.0
690.0	10245.0
691.0	9270.0
692.0	9603.0
693.0	10053.0
694.0	9458.0
695.0	9945.0
696.0	10119.0
697.0	9812.0
698.0	10029.0
699.0	9543.0
700.0	9953.0
701.0	9378.0
702.0	9533.0
703.0	10160.0
704.0	10076.0
705.0	9558.0
706.0	9758.0
707.0	9692.0
708.0	9968.0
709.0	10184.0
710.0	9640.0
711.0	9916.0
712.0	9734.0
713.0	9729.0
714.0	9807.0
715.0	9781.0
716.0	9772.0
717.0	9864.0
718.0	9844.0
719.0	9436.0
720.0	9939.0
721.0	9665.0
722.0	9554.0
723.0	10021.0
724.0	10151.0
725.0	9836.0
726.0	9211.0
727.0	9625.0
728.0	9559.0
729.0	10180.0
730.0	10130.0
731.0	9470.0
732.0	9771.0
733.0	10013.0
734.0	9607.0
735.0	9859.0
736.0	10009.0
737.0	9741.0
738.0	10098.0
739.0	9671.0
740.0	10212.0
741.0	9955.0
742.0	10117.0
743.0	9723.0
744.0	9637.0
745.0	9897.0
746.0	10041.0
747.0	10124.0
748.0	9993.0
749.0	9818.0
750.0	9637.0
751.0	10002.0
752.0	9821.0
753.0	9659.0
754.0	9619.0
755.0	9638.0
756.0	10063.0
757.0	9714.0
758.0	9686.0
759.0	10172.0
760.0	9976.0
761.0	9681.0
762.0	9589.0
763.0	10114.0
764.0	9964.0
765.0	9973.0
766.0	9711.0
767.0	9620.0
768.0	9943.0
769.0	9813.0
770.0	9689.0
771.0	9509.0
772.0	10264.0
773.0	9600.0
774.0	9968.0
775.0	9957.0
776.0	10444.0
777.0	9754.0
778.0	9574.0
779.0	9340.0
780.0	9783.0
781.0	9339.0
782.0	9963.0
783.0	10105.0
784.0	9423.0
785.0	10006.0
786.0	10013.0
787.0	9873.0
788.0	10345.0
789.0	10138.0
790.0	9654.0
791.0	9530.0
792.0	9954.0
793.0	9660.0
794.0	9817.0
795.0	9866.0
796.0	9879.0
797.0	9564.0
798.0	9735.0
799.0	9789.0
800.0	9952.0
