$itime = 500
$wv_start = 190.0
$hv = 1000
$grating = 2 1200 g/mm BLZ= 500  nm
$x_amps = 10
$x_volts = 45
$sample = DB2330
$date = 2023-07-03
$temp = 282.0
$wv_stop = 800.0
$time = 11:54:12.603000
$wv_step = 1.0
190.0	9518.0
191.0	9683.0
192.0	9614.0
193.0	9672.0
194.0	9969.0
195.0	9804.0
196.0	9550.0
197.0	9801.0
198.0	9454.0
199.0	9715.0
200.0	9737.0
201.0	9799.0
202.0	9746.0
203.0	9735.0
204.0	9712.0
205.0	9359.0
206.0	9300.0
207.0	9642.0
208.0	9491.0
209.0	9882.0
210.0	9409.0
211.0	9553.0
212.0	9634.0
213.0	9637.0
214.0	9692.0
215.0	9595.0
216.0	9928.0
217.0	9635.0
218.0	9952.0
219.0	9665.0
220.0	9496.0
221.0	9752.0
222.0	9566.0
223.0	9478.0
224.0	9393.0
225.0	10043.0
226.0	9398.0
227.0	9752.0
228.0	10118.0
229.0	9570.0
230.0	9954.0
231.0	9472.0
232.0	9490.0
233.0	9834.0
234.0	9786.0
235.0	9964.0
236.0	9164.0
237.0	9847.0
238.0	9158.0
239.0	9497.0
240.0	9619.0
241.0	9709.0
242.0	9605.0
243.0	9548.0
244.0	9689.0
245.0	9945.0
246.0	9264.0
247.0	9558.0
248.0	9778.0
249.0	9859.0
250.0	9742.0
251.0	9326.0
252.0	9602.0
253.0	9640.0
254.0	9844.0
255.0	9598.0
256.0	9936.0
257.0	9177.0
258.0	9440.0
259.0	9831.0
260.0	10334.0
261.0	9652.0
262.0	10149.0
263.0	9830.0
264.0	9864.0
265.0	9454.0
266.0	9954.0
267.0	9487.0
268.0	9636.0
269.0	9261.0
270.0	9522.0
271.0	9355.0
272.0	9927.0
273.0	9968.0
274.0	10194.0
275.0	9383.0
276.0	9529.0
277.0	9824.0
278.0	9782.0
279.0	9959.0
280.0	10064.0
281.0	10212.0
282.0	10052.0
283.0	9746.0
284.0	9736.0
285.0	9935.0
286.0	9555.0
287.0	9290.0
288.0	9904.0
289.0	9568.0
290.0	9723.0
291.0	10037.0
292.0	10117.0
293.0	10076.0
294.0	10033.0
295.0	10040.0
296.0	9652.0
297.0	9742.0
298.0	10012.0
299.0	9883.0
300.0	9950.0
301.0	10138.0
302.0	10025.0
303.0	9976.0
304.0	9806.0
305.0	9836.0
306.0	9875.0
307.0	9493.0
308.0	10085.0
309.0	9837.0
310.0	9495.0
311.0	10138.0
312.0	9629.0
313.0	9874.0
314.0	9966.0
315.0	10202.0
316.0	9806.0
317.0	9593.0
318.0	9660.0
319.0	9296.0
320.0	9708.0
321.0	10036.0
322.0	10323.0
323.0	9539.0
324.0	9758.0
325.0	9836.0
326.0	9873.0
327.0	9668.0
328.0	9749.0
329.0	9915.0
330.0	9617.0
331.0	9866.0
332.0	9660.0
333.0	9533.0
334.0	9577.0
335.0	9472.0
336.0	9669.0
337.0	9846.0
338.0	9680.0
339.0	9924.0
340.0	10199.0
341.0	9659.0
342.0	9678.0
343.0	9753.0
344.0	9518.0
345.0	9991.0
346.0	9571.0
347.0	10013.0
348.0	9669.0
349.0	9982.0
350.0	9740.0
351.0	9592.0
352.0	9509.0
353.0	9423.0
354.0	9726.0
355.0	9996.0
356.0	9734.0
357.0	10245.0
358.0	9494.0
359.0	9684.0
360.0	9970.0
361.0	9729.0
362.0	9752.0
363.0	10019.0
364.0	9538.0
365.0	9686.0
366.0	9959.0
367.0	9982.0
368.0	9619.0
369.0	9585.0
370.0	9584.0
371.0	9689.0
372.0	9979.0
373.0	9637.0
374.0	9938.0
375.0	9962.0
376.0	9567.0
377.0	10112.0
378.0	9671.0
379.0	10075.0
380.0	9255.0
381.0	9981.0
382.0	9645.0
383.0	9615.0
384.0	9940.0
385.0	9395.0
386.0	9954.0
387.0	9615.0
388.0	9791.0
389.0	10190.0
390.0	9826.0
391.0	9322.0
392.0	9817.0
393.0	9550.0
394.0	9680.0
395.0	9438.0
396.0	10297.0
397.0	9750.0
398.0	9424.0
399.0	10016.0
400.0	10032.0
401.0	9518.0
402.0	9765.0
403.0	9723.0
404.0	9817.0
405.0	9763.0
406.0	9600.0
407.0	9897.0
408.0	9905.0
409.0	9752.0
410.0	9449.0
411.0	9671.0
412.0	9668.0
413.0	9740.0
414.0	9702.0
415.0	9957.0
416.0	9894.0
417.0	9946.0
418.0	9519.0
419.0	9688.0
420.0	9547.0
421.0	10051.0
422.0	9866.0
423.0	9714.0
424.0	9454.0
425.0	9506.0
426.0	9713.0
427.0	10079.0
428.0	9745.0
429.0	9741.0
430.0	10171.0
431.0	9992.0
432.0	9693.0
433.0	9359.0
434.0	9814.0
435.0	9557.0
436.0	9429.0
437.0	10187.0
438.0	9817.0
439.0	9470.0
440.0	9381.0
441.0	10138.0
442.0	9743.0
443.0	9430.0
444.0	10000.0
445.0	9441.0
446.0	9737.0
447.0	9117.0
448.0	9549.0
449.0	9593.0
450.0	9491.0
451.0	9728.0
452.0	9356.0
453.0	9536.0
454.0	9950.0
455.0	9871.0
456.0	9771.0
457.0	9995.0
458.0	9654.0
459.0	9635.0
460.0	10002.0
461.0	9340.0
462.0	9619.0
463.0	9439.0
464.0	9883.0
465.0	10047.0
466.0	9309.0
467.0	10054.0
468.0	9616.0
469.0	9600.0
470.0	10181.0
471.0	9821.0
472.0	9435.0
473.0	9713.0
474.0	9919.0
475.0	9870.0
476.0	9730.0
477.0	9685.0
478.0	9950.0
479.0	9643.0
480.0	9194.0
481.0	10363.0
482.0	9750.0
483.0	9750.0
484.0	9716.0
485.0	9922.0
486.0	9951.0
487.0	9443.0
488.0	10033.0
489.0	9812.0
490.0	10076.0
491.0	9373.0
492.0	9291.0
493.0	9870.0
494.0	9748.0
495.0	9729.0
496.0	9643.0
497.0	9707.0
498.0	9678.0
499.0	9992.0
500.0	9904.0
501.0	9421.0
502.0	9876.0
503.0	10233.0
504.0	9947.0
505.0	9713.0
506.0	10046.0
507.0	10083.0
508.0	9606.0
509.0	9943.0
510.0	9824.0
511.0	9911.0
512.0	9944.0
513.0	9751.0
514.0	9917.0
515.0	9742.0
516.0	9953.0
517.0	9671.0
518.0	9722.0
519.0	9765.0
520.0	9707.0
521.0	9952.0
522.0	9749.0
523.0	10192.0
524.0	10210.0
525.0	10079.0
526.0	9875.0
527.0	9803.0
528.0	9548.0
529.0	9599.0
530.0	9787.0
531.0	9746.0
532.0	9588.0
533.0	10227.0
534.0	10259.0
535.0	9555.0
536.0	10013.0
537.0	9732.0
538.0	9792.0
539.0	10074.0
540.0	10132.0
541.0	9719.0
542.0	9809.0
543.0	9680.0
544.0	9646.0
545.0	9909.0
546.0	9629.0
547.0	9700.0
548.0	10007.0
549.0	9382.0
550.0	9889.0
551.0	9306.0
552.0	9741.0
553.0	9858.0
554.0	9814.0
555.0	9679.0
556.0	10033.0
557.0	9620.0
558.0	10181.0
559.0	10116.0
560.0	9740.0
561.0	9949.0
562.0	9978.0
563.0	9832.0
564.0	10095.0
565.0	10147.0
566.0	9718.0
567.0	9405.0
568.0	9758.0
569.0	9509.0
570.0	9789.0
571.0	9735.0
572.0	9552.0
573.0	9640.0
574.0	10646.0
575.0	9868.0
576.0	9842.0
577.0	9754.0
578.0	10325.0
579.0	9696.0
580.0	9939.0
581.0	9458.0
582.0	9838.0
583.0	9643.0
584.0	10147.0
585.0	9541.0
586.0	10276.0
587.0	10232.0
588.0	9811.0
589.0	9633.0
590.0	9301.0
591.0	9581.0
592.0	9579.0
593.0	9741.0
594.0	9652.0
595.0	9650.0
596.0	9857.0
597.0	9630.0
598.0	10010.0
599.0	9470.0
600.0	9412.0
601.0	9635.0
602.0	9748.0
603.0	9597.0
604.0	9968.0
605.0	9878.0
606.0	9610.0
607.0	9672.0
608.0	9929.0
609.0	9653.0
610.0	9626.0
611.0	10026.0
612.0	9634.0
613.0	9990.0
614.0	9913.0
615.0	9574.0
616.0	9686.0
617.0	10207.0
618.0	9829.0
619.0	9639.0
620.0	9829.0
621.0	9918.0
622.0	9970.0
623.0	9870.0
624.0	9448.0
625.0	9745.0
626.0	9640.0
627.0	10444.0
628.0	9858.0
629.0	9642.0
630.0	9942.0
631.0	9973.0
632.0	9623.0
633.0	9595.0
634.0	10114.0
635.0	9663.0
636.0	9455.0
637.0	9871.0
638.0	9976.0
639.0	9286.0
640.0	9838.0
641.0	9577.0
642.0	9844.0
643.0	10176.0
644.0	10013.0
645.0	9700.0
646.0	9950.0
647.0	9837.0
648.0	9706.0
649.0	9971.0
650.0	9876.0
651.0	9665.0
652.0	9733.0
653.0	9651.0
654.0	9973.0
655.0	9823.0
656.0	10116.0
657.0	9611.0
658.0	9736.0
659.0	9731.0
660.0	9671.0
661.0	9953.0
662.0	9730.0
663.0	9713.0
664.0	9950.0
665.0	9642.0
666.0	9792.0
667.0	9906.0
668.0	9669.0
669.0	9691.0
670.0	10241.0
671.0	9446.0
672.0	9720.0
673.0	9571.0
674.0	9649.0
675.0	9549.0
676.0	9876.0
677.0	9752.0
678.0	9985.0
679.0	9837.0
680.0	9707.0
681.0	9714.0
682.0	9753.0
683.0	9409.0
684.0	9644.0
685.0	9946.0
686.0	9939.0
687.0	9801.0
688.0	9569.0
689.0	9584.0
690.0	9633.0
691.0	9974.0
692.0	9290.0
693.0	9946.0
694.0	9595.0
695.0	10560.0
696.0	9829.0
697.0	10195.0
698.0	9861.0
699.0	9719.0
700.0	9497.0
701.0	9294.0
702.0	9969.0
703.0	9441.0
704.0	9571.0
705.0	9545.0
706.0	9109.0
707.0	9537.0
708.0	9897.0
709.0	10225.0
710.0	9950.0
711.0	9890.0
712.0	9666.0
713.0	9996.0
714.0	9956.0
715.0	9827.0
716.0	9642.0
717.0	9851.0
718.0	9668.0
719.0	9965.0
720.0	9758.0
721.0	9627.0
722.0	10138.0
723.0	9710.0
724.0	9582.0
725.0	9892.0
726.0	9792.0
727.0	9448.0
728.0	10290.0
729.0	9810.0
730.0	9589.0
731.0	10008.0
732.0	9574.0
733.0	9838.0
734.0	9275.0
735.0	9473.0
736.0	9929.0
737.0	9682.0
738.0	10125.0
739.0	9505.0
740.0	9614.0
741.0	9759.0
742.0	9252.0
743.0	9350.0
744.0	9611.0
745.0	10206.0
746.0	9719.0
747.0	9792.0
748.0	9955.0
749.0	9664.0
750.0	9549.0
751.0	9847.0
752.0	9477.0
753.0	9735.0
754.0	9794.0
755.0	9493.0
756.0	9688.0
757.0	9715.0
758.0	9702.0
759.0	9962.0
760.0	10147.0
761.0	9501.0
762.0	9646.0
763.0	10075.0
764.0	8927.0
765.0	9974.0
766.0	9678.0
767.0	10031.0
768.0	9698.0
769.0	9945.0
770.0	9546.0
771.0	9660.0
772.0	10216.0
773.0	9549.0
774.0	10172.0
775.0	10233.0
776.0	9942.0
777.0	9787.0
778.0	9970.0
779.0	9838.0
780.0	9723.0
781.0	9894.0
782.0	10013.0
783.0	9624.0
784.0	10182.0
785.0	9579.0
786.0	9758.0
787.0	9711.0
788.0	9938.0
789.0	9950.0
790.0	9607.0
791.0	9875.0
792.0	9357.0
793.0	10223.0
794.0	9582.0
795.0	9971.0
796.0	9982.0
797.0	9633.0
798.0	9817.0
799.0	9633.0
800.0	10006.0
