$itime = 500
$wv_start = 190.0
$hv = 1000
$grating = 2 1200 g/mm BLZ= 500  nm
$x_amps = 10
$x_volts = 45
$sample = DB2330
$date = 2023-07-03
$temp = 202.0
$wv_stop = 800.0
$time = 11:54:12.603000
$wv_step = 1.0
190.0	9953.0
191.0	10639.0
192.0	10655.0
193.0	10440.0
194.0	10627.0
195.0	10619.0
196.0	10497.0
197.0	9964.0
198.0	10535.0
199.0	10457.0
200.0	10867.0
201.0	10309.0
202.0	10268.0
203.0	10411.0
204.0	10311.0
205.0	10295.0
206.0	10577.0
207.0	10560.0
208.0	10791.0
209.0	10328.0
210.0	10581.0
211.0	10479.0
212.0	10760.0
213.0	10187.0
214.0	10885.0
215.0	10502.0
216.0	10464.0
217.0	10674.0
218.0	10472.0
219.0	10949.0
220.0	10205.0
221.0	10318.0
222.0	10373.0
223.0	10262.0
224.0	10319.0
225.0	10418.0
226.0	10690.0
227.0	10629.0
228.0	10538.0
229.0	10733.0
230.0	10886.0
231.0	10121.0
232.0	10885.0
233.0	10003.0
234.0	10402.0
235.0	10803.0
236.0	10370.0
237.0	10624.0
238.0	10219.0
239.0	10222.0
240.0	10147.0
241.0	10509.0
242.0	10267.0
243.0	10372.0
244.0	10692.0
245.0	10827.0
246.0	10749.0
247.0	10475.0
248.0	10543.0
249.0	10623.0
250.0	10397.0
251.0	10189.0
252.0	10627.0
253.0	10473.0
254.0	10833.0
255.0	10885.0
256.0	10758.0
257.0	10654.0
258.0	10868.0
259.0	10476.0
260.0	10635.0
261.0	10631.0
262.0	10544.0
263.0	10977.0
264.0	10881.0
265.0	10737.0
266.0	10746.0
267.0	10510.0
268.0	10514.0
269.0	10395.0
270.0	10680.0
271.0	10568.0
272.0	10913.0
273.0	10459.0
274.0	10836.0
275.0	10932.0
276.0	10588.0
277.0	10728.0
278.0	10760.0
279.0	10799.0
280.0	10732.0
281.0	11096.0
282.0	10565.0
283.0	10018.0
284.0	10884.0
285.0	10692.0
286.0	10473.0
287.0	10792.0
288.0	11364.0
289.0	10886.0
290.0	11104.0
291.0	11231.0
292.0	10380.0
293.0	10636.0
294.0	10884.0
295.0	10511.0
296.0	11006.0
297.0	10442.0
298.0	9905.0
299.0	10430.0
300.0	10448.0
301.0	10013.0
302.0	10480.0
303.0	10880.0
304.0	10443.0
305.0	10347.0
306.0	10540.0
307.0	10594.0
308.0	10798.0
309.0	10614.0
310.0	10138.0
311.0	10659.0
312.0	10448.0
313.0	10539.0
314.0	11081.0
315.0	10697.0
316.0	10968.0
317.0	10726.0
318.0	11032.0
319.0	10562.0
320.0	11049.0
321.0	10527.0
322.0	10425.0
323.0	11357.0
324.0	10968.0
325.0	10798.0
326.0	10608.0
327.0	10463.0
328.0	10855.0
329.0	10214.0
330.0	10909.0
331.0	10871.0
332.0	10416.0
333.0	10673.0
334.0	10921.0
335.0	10441.0
336.0	10373.0
337.0	10173.0
338.0	10473.0
339.0	10502.0
340.0	10642.0
341.0	10375.0
342.0	10338.0
343.0	10626.0
344.0	10770.0
345.0	10790.0
346.0	10753.0
347.0	10583.0
348.0	10469.0
349.0	10455.0
350.0	10292.0
351.0	10625.0
352.0	10529.0
353.0	10686.0
354.0	10962.0
355.0	10830.0
356.0	10352.0
357.0	10576.0
358.0	10510.0
359.0	10548.0
360.0	10529.0
361.0	10220.0
362.0	9870.0
363.0	10727.0
364.0	10727.0
365.0	10685.0
366.0	10453.0
367.0	10789.0
368.0	10611.0
369.0	10525.0
370.0	10202.0
371.0	10464.0
372.0	10465.0
373.0	10927.0
374.0	10606.0
375.0	10355.0
376.0	10885.0
377.0	10452.0
378.0	10331.0
379.0	10739.0
380.0	10423.0
381.0	11122.0
382.0	10454.0
383.0	10615.0
384.0	10440.0
385.0	10312.0
386.0	10437.0
387.0	11043.0
388.0	10312.0
389.0	10371.0
390.0	10273.0
391.0	10199.0
392.0	10356.0
393.0	10797.0
394.0	10908.0
395.0	10560.0
396.0	10390.0
397.0	10160.0
398.0	10413.0
399.0	10244.0
400.0	10529.0
401.0	10900.0
402.0	10549.0
403.0	10687.0
404.0	10936.0
405.0	10680.0
406.0	10634.0
407.0	10560.0
408.0	10459.0
409.0	10354.0
410.0	10591.0
411.0	10328.0
412.0	10416.0
413.0	10284.0
414.0	10550.0
415.0	10792.0
416.0	10716.0
417.0	10678.0
418.0	10656.0
419.0	11059.0
420.0	10345.0
421.0	10573.0
422.0	10327.0
423.0	9950.0
424.0	9955.0
425.0	10575.0
426.0	10670.0
427.0	10880.0
428.0	10887.0
429.0	9969.0
430.0	10691.0
431.0	10393.0
432.0	10657.0
433.0	10125.0
434.0	10841.0
435.0	10871.0
436.0	10585.0
437.0	10632.0
438.0	10760.0
439.0	10634.0
440.0	10566.0
441.0	10616.0
442.0	10614.0
443.0	10317.0
444.0	10961.0
445.0	10784.0
446.0	10538.0
447.0	10668.0
448.0	10828.0
449.0	10588.0
450.0	9939.0
451.0	10909.0
452.0	10091.0
453.0	10944.0
454.0	10964.0
455.0	10412.0
456.0	10511.0
457.0	10663.0
458.0	10330.0
459.0	10769.0
460.0	10380.0
461.0	10977.0
462.0	10853.0
463.0	11095.0
464.0	11380.0
465.0	11481.0
466.0	10977.0
467.0	10466.0
468.0	10905.0
469.0	10992.0
470.0	10845.0
471.0	10683.0
472.0	10784.0
473.0	11074.0
474.0	10889.0
475.0	10629.0
476.0	10822.0
477.0	11368.0
478.0	11578.0
479.0	11229.0
480.0	11242.0
481.0	11424.0
482.0	11270.0
483.0	10855.0
484.0	11541.0
485.0	11261.0
486.0	11203.0
487.0	10797.0
488.0	10739.0
489.0	11011.0
490.0	11113.0
491.0	11015.0
492.0	11066.0
493.0	10399.0
494.0	10976.0
495.0	10866.0
496.0	11552.0
497.0	10853.0
498.0	10964.0
499.0	11395.0
500.0	10836.0
501.0	11459.0
502.0	11515.0
503.0	11373.0
504.0	11605.0
505.0	10776.0
506.0	11164.0
507.0	11128.0
508.0	11095.0
509.0	11153.0
510.0	11089.0
511.0	11618.0
512.0	10730.0
513.0	10932.0
514.0	10686.0
515.0	11020.0
516.0	11345.0
517.0	11034.0
518.0	11029.0
519.0	11044.0
520.0	10905.0
521.0	10933.0
522.0	11381.0
523.0	10532.0
524.0	11056.0
525.0	10949.0
526.0	10865.0
527.0	10865.0
528.0	11126.0
529.0	10988.0
530.0	10452.0
531.0	10757.0
532.0	11501.0
533.0	11236.0
534.0	11199.0
535.0	10549.0
536.0	11121.0
537.0	11112.0
538.0	10571.0
539.0	10447.0
540.0	10706.0
541.0	10280.0
542.0	11121.0
543.0	10574.0
544.0	10736.0
545.0	11204.0
546.0	11172.0
547.0	10844.0
548.0	10985.0
549.0	10533.0
550.0	10534.0
551.0	11216.0
552.0	10709.0
553.0	10511.0
554.0	10402.0
555.0	10619.0
556.0	10977.0
557.0	10836.0
558.0	10667.0
559.0	10235.0
560.0	10639.0
561.0	10847.0
562.0	10628.0
563.0	10632.0
564.0	10320.0
565.0	10669.0
566.0	10633.0
567.0	10725.0
568.0	10611.0
569.0	10328.0
570.0	10731.0
571.0	10974.0
572.0	10908.0
573.0	11091.0
574.0	11150.0
575.0	10974.0
576.0	10643.0
577.0	11207.0
578.0	11425.0
579.0	10836.0
580.0	10683.0
581.0	10814.0
582.0	10717.0
583.0	10734.0
584.0	10248.0
585.0	10654.0
586.0	10628.0
587.0	10662.0
588.0	10834.0
589.0	10867.0
590.0	10973.0
591.0	10585.0
592.0	10706.0
593.0	10623.0
594.0	11113.0
595.0	10759.0
596.0	10282.0
597.0	10562.0
598.0	10422.0
599.0	10332.0
600.0	10649.0
601.0	10580.0
602.0	10468.0
603.0	10619.0
604.0	10460.0
605.0	10754.0
606.0	10580.0
607.0	9896.0
608.0	11151.0
609.0	10361.0
610.0	10456.0
611.0	10499.0
612.0	10560.0
613.0	10633.0
614.0	10528.0
615.0	10733.0
616.0	10359.0
617.0	10105.0
618.0	10303.0
619.0	10147.0
620.0	10425.0
621.0	10858.0
622.0	10199.0
623.0	10566.0
624.0	10942.0
625.0	11018.0
626.0	10851.0
627.0	10562.0
628.0	10935.0
629.0	10281.0
630.0	10881.0
631.0	10709.0
632.0	10342.0
633.0	10246.0
634.0	11034.0
635.0	10334.0
636.0	10945.0
637.0	11115.0
638.0	11002.0
639.0	10198.0
640.0	10450.0
641.0	10432.0
642.0	10723.0
643.0	10286.0
644.0	10676.0
645.0	10341.0
646.0	10100.0
647.0	10621.0
648.0	10538.0
649.0	10422.0
650.0	10236.0
651.0	10823.0
652.0	10925.0
653.0	10818.0
654.0	10179.0
655.0	10679.0
656.0	10335.0
657.0	10610.0
658.0	10667.0
659.0	10657.0
660.0	10399.0
661.0	10667.0
662.0	10267.0
663.0	10716.0
664.0	10251.0
665.0	10845.0
666.0	10013.0
667.0	10558.0
668.0	10386.0
669.0	10511.0
670.0	10219.0
671.0	11083.0
672.0	10604.0
673.0	10448.0
674.0	10524.0
675.0	10777.0
676.0	10585.0
677.0	10233.0
678.0	10709.0
679.0	10765.0
680.0	10727.0
681.0	10464.0
682.0	10914.0
683.0	10348.0
684.0	10408.0
685.0	10713.0
686.0	10505.0
687.0	10577.0
688.0	10803.0
689.0	10312.0
690.0	10764.0
691.0	10080.0
692.0	10566.0
693.0	10131.0
694.0	10399.0
695.0	10489.0
696.0	11338.0
697.0	10841.0
698.0	10568.0
699.0	10728.0
700.0	11059.0
701.0	10624.0
702.0	10887.0
703.0	10641.0
704.0	10516.0
705.0	10104.0
706.0	10585.0
707.0	11208.0
708.0	10284.0
709.0	10318.0
710.0	10625.0
711.0	9978.0
712.0	10317.0
713.0	10974.0
714.0	10372.0
715.0	10321.0
716.0	10601.0
717.0	10425.0
718.0	10533.0
719.0	10593.0
720.0	10858.0
721.0	10684.0
722.0	10574.0
723.0	10623.0
724.0	10212.0
725.0	10473.0
726.0	10533.0
727.0	10264.0
728.0	10616.0
729.0	10527.0
730.0	10683.0
731.0	10127.0
732.0	10758.0
733.0	10850.0
734.0	10576.0
735.0	10569.0
736.0	10900.0
737.0	10622.0
738.0	10406.0
739.0	10634.0
740.0	10803.0
741.0	10476.0
742.0	10716.0
743.0	10285.0
744.0	10437.0
745.0	10595.0
746.0	10266.0
747.0	10375.0
748.0	10443.0
749.0	10534.0
750.0	10572.0
751.0	10267.0
752.0	10622.0
753.0	10723.0
754.0	10717.0
755.0	10925.0
756.0	10625.0
757.0	10706.0
758.0	10958.0
759.0	10583.0
760.0	10817.0
761.0	10686.0
762.0	10635.0
763.0	10669.0
764.0	10834.0
765.0	10124.0
766.0	10382.0
767.0	10485.0
768.0	10534.0
769.0	10848.0
770.0	10304.0
771.0	9846.0
772.0	10383.0
773.0	10753.0
774.0	10505.0
775.0	10880.0
776.0	10450.0
777.0	10511.0
778.0	10857.0
779.0	10679.0
780.0	10548.0
781.0	10181.0
782.0	10382.0
783.0	10669.0
784.0	10140.0
785.0	10857.0
786.0	11149.0
787.0	10714.0
788.0	10271.0
789.0	10458.0
790.0	10863.0
791.0	10606.0
792.0	10508.0
793.0	10108.0
794.0	10360.0
795.0	10431.0
796.0	10459.0
797.0	10763.0
798.0	10960.0
799.0	10295.0
800.0	10405.0
