$itime = 500
$wv_start = 190.0
$hv = 1000
$grating = 2 1200 g/mm BLZ= 500  nm
$x_amps = 10
$x_volts = 45
$sample = DB2330
$date = 2023-07-03
$temp = 332.0
$wv_stop = 800.0
$time = 11:54:12.603000
$wv_step = 1.0
190.0	9614.0
191.0	9570.0
192.0	9275.0
193.0	9964.0
194.0	9289.0
195.0	9372.0
196.0	9601.0
197.0	9576.0
198.0	9048.0
199.0	9600.0
200.0	9255.0
201.0	8971.0
202.0	9058.0
203.0	9059.0
204.0	9340.0
205.0	9802.0
206.0	9482.0
207.0	9235.0
208.0	9017.0
209.0	9118.0
210.0	9615.0
211.0	9457.0
212.0	9298.0
213.0	9089.0
214.0	9689.0
215.0	9246.0
216.0	9750.0
217.0	8833.0
218.0	9580.0
219.0	9182.0
220.0	8911.0
221.0	9089.0
222.0	9457.0
223.0	9558.0
224.0	9289.0
225.0	9474.0
226.0	9416.0
227.0	9210.0
228.0	8958.0
229.0	9515.0
230.0	9255.0
231.0	9246.0
232.0	9560.0
233.0	9759.0
234.0	9069.0
235.0	8574.0
236.0	9690.0
237.0	9535.0
238.0	9039.0
239.0	9813.0
240.0	9168.0
241.0	9163.0
242.0	9504.0
243.0	9074.0
244.0	9285.0
245.0	9222.0
246.0	9458.0
247.0	10007.0
248.0	9140.0
249.0	9460.0
250.0	9613.0
251.0	9002.0
252.0	9815.0
253.0	9283.0
254.0	8833.0
255.0	9474.0
256.0	9187.0
257.0	9440.0
258.0	9507.0
259.0	9117.0
260.0	9685.0
261.0	9436.0
262.0	9474.0
263.0	9659.0
264.0	9403.0
265.0	9094.0
266.0	9703.0
267.0	9195.0
268.0	9866.0
269.0	9438.0
270.0	9539.0
271.0	9057.0
272.0	9606.0
273.0	9309.0
274.0	9754.0
275.0	9398.0
276.0	9435.0
277.0	9306.0
278.0	9336.0
279.0	9748.0
280.0	9633.0
281.0	9245.0
282.0	9202.0
283.0	9497.0
284.0	9577.0
285.0	9264.0
286.0	9288.0
287.0	9630.0
288.0	9251.0
289.0	9554.0
290.0	9763.0
291.0	9134.0
292.0	9624.0
293.0	9667.0
294.0	9920.0
295.0	9652.0
296.0	9820.0
297.0	9518.0
298.0	9112.0
299.0	9988.0
300.0	8971.0
301.0	9326.0
302.0	9326.0
303.0	9038.0
304.0	9135.0
305.0	9543.0
306.0	9803.0
307.0	9932.0
308.0	9477.0
309.0	9267.0
310.0	9157.0
311.0	9733.0
312.0	9496.0
313.0	9348.0
314.0	9514.0
315.0	9250.0
316.0	9451.0
317.0	10098.0
318.0	9547.0
319.0	9273.0
320.0	9710.0
321.0	9446.0
322.0	8968.0
323.0	9416.0
324.0	9309.0
325.0	9491.0
326.0	9040.0
327.0	9405.0
328.0	9600.0
329.0	9647.0
330.0	10351.0
331.0	9447.0
332.0	9710.0
333.0	9484.0
334.0	9123.0
335.0	9246.0
336.0	9542.0
337.0	9525.0
338.0	9864.0
339.0	9408.0
340.0	9506.0
341.0	9238.0
342.0	9546.0
343.0	9753.0
344.0	9171.0
345.0	9356.0
346.0	9381.0
347.0	9367.0
348.0	9161.0
349.0	9130.0
350.0	9529.0
351.0	9323.0
352.0	9635.0
353.0	9493.0
354.0	9536.0
355.0	9308.0
356.0	9406.0
357.0	9052.0
358.0	9244.0
359.0	9221.0
360.0	9211.0
361.0	9431.0
362.0	9460.0
363.0	9189.0
364.0	9363.0
365.0	9028.0
366.0	9083.0
367.0	9391.0
368.0	9554.0
369.0	9649.0
370.0	9478.0
371.0	9589.0
372.0	9437.0
373.0	9261.0
374.0	9142.0
375.0	9276.0
376.0	9695.0
377.0	9758.0
378.0	9235.0
379.0	9418.0
380.0	9289.0
381.0	9440.0
382.0	9227.0
383.0	9416.0
384.0	9136.0
385.0	9689.0
386.0	9378.0
387.0	9282.0
388.0	9350.0
389.0	9463.0
390.0	9552.0
391.0	9423.0
392.0	9235.0
393.0	9235.0
394.0	9209.0
395.0	9429.0
396.0	9331.0
397.0	9541.0
398.0	9211.0
399.0	9470.0
400.0	8741.0
401.0	9641.0
402.0	9083.0
403.0	8994.0
404.0	9210.0
405.0	9475.0
406.0	9451.0
407.0	9563.0
408.0	9376.0
409.0	9401.0
410.0	9084.0
411.0	9758.0
412.0	9113.0
413.0	9488.0
414.0	9451.0
415.0	9316.0
416.0	9538.0
417.0	9496.0
418.0	9582.0
419.0	9479.0
420.0	9101.0
421.0	9255.0
422.0	9534.0
423.0	9412.0
424.0	9237.0
425.0	9171.0
426.0	9017.0
427.0	9284.0
428.0	9308.0
429.0	9161.0
430.0	9389.0
431.0	9567.0
432.0	9100.0
433.0	9524.0
434.0	9553.0
435.0	9712.0
436.0	9184.0
437.0	9313.0
438.0	8993.0
439.0	9927.0
440.0	9210.0
441.0	9506.0
442.0	9271.0
443.0	8989.0
444.0	9795.0
445.0	9189.0
446.0	9487.0
447.0	9202.0
448.0	9473.0
449.0	9438.0
450.0	9520.0
451.0	9540.0
452.0	9665.0
453.0	9573.0
454.0	9282.0
455.0	9275.0
456.0	9715.0
457.0	9289.0
458.0	9530.0
459.0	9484.0
460.0	9337.0
461.0	9036.0
462.0	9286.0
463.0	9950.0
464.0	9624.0
465.0	9092.0
466.0	9817.0
467.0	9660.0
468.0	9346.0
469.0	9418.0
470.0	9372.0
471.0	9464.0
472.0	9472.0
473.0	9113.0
474.0	9158.0
475.0	9421.0
476.0	9128.0
477.0	8780.0
478.0	9237.0
479.0	9329.0
480.0	9717.0
481.0	9470.0
482.0	9429.0
483.0	9540.0
484.0	9348.0
485.0	9665.0
486.0	9093.0
487.0	8961.0
488.0	9064.0
489.0	9521.0
490.0	9679.0
491.0	8994.0
492.0	9440.0
493.0	9496.0
494.0	9543.0
495.0	9699.0
496.0	9595.0
497.0	9593.0
498.0	9321.0
499.0	9365.0
500.0	9512.0
501.0	9567.0
502.0	9166.0
503.0	9620.0
504.0	9583.0
505.0	9595.0
506.0	10125.0
507.0	9404.0
508.0	9570.0
509.0	9697.0
510.0	9238.0
511.0	9339.0
512.0	9814.0
513.0	9462.0
514.0	10000.0
515.0	9460.0
516.0	8996.0
517.0	9348.0
518.0	9161.0
519.0	9328.0
520.0	9255.0
521.0	9570.0
522.0	9175.0
523.0	9545.0
524.0	9257.0
525.0	9328.0
526.0	8855.0
527.0	9425.0
528.0	9634.0
529.0	9406.0
530.0	9791.0
531.0	9060.0
532.0	9938.0
533.0	9182.0
534.0	9423.0
535.0	9633.0
536.0	9372.0
537.0	9585.0
538.0	9220.0
539.0	9406.0
540.0	9341.0
541.0	9331.0
542.0	9570.0
543.0	9593.0
544.0	9484.0
545.0	9215.0
546.0	8886.0
547.0	9697.0
548.0	9688.0
549.0	9425.0
550.0	9633.0
551.0	9628.0
552.0	9374.0
553.0	9797.0
554.0	9266.0
555.0	9560.0
556.0	9715.0
557.0	9261.0
558.0	9792.0
559.0	9184.0
560.0	9241.0
561.0	9330.0
562.0	9535.0
563.0	9547.0
564.0	9624.0
565.0	9407.0
566.0	9978.0
567.0	9420.0
568.0	9076.0
569.0	9404.0
570.0	9494.0
571.0	9408.0
572.0	9291.0
573.0	9194.0
574.0	9635.0
575.0	10323.0
576.0	9051.0
577.0	9740.0
578.0	9261.0
579.0	9595.0
580.0	9972.0
581.0	9313.0
582.0	9228.0
583.0	9507.0
584.0	9203.0
585.0	9595.0
586.0	9291.0
587.0	9825.0
588.0	9238.0
589.0	9179.0
590.0	9381.0
591.0	9740.0
592.0	9631.0
593.0	9119.0
594.0	9124.0
595.0	9326.0
596.0	9629.0
597.0	9465.0
598.0	9423.0
599.0	9532.0
600.0	9212.0
601.0	9441.0
602.0	9001.0
603.0	9489.0
604.0	9474.0
605.0	9350.0
606.0	9539.0
607.0	9215.0
608.0	9446.0
609.0	9217.0
610.0	8881.0
611.0	9317.0
612.0	9546.0
613.0	9252.0
614.0	9312.0
615.0	8882.0
616.0	9381.0
617.0	9320.0
618.0	9693.0
619.0	9266.0
620.0	8921.0
621.0	9524.0
622.0	9827.0
623.0	9244.0
624.0	9713.0
625.0	9430.0
626.0	8996.0
627.0	9618.0
628.0	9241.0
629.0	9038.0
630.0	9831.0
631.0	9418.0
632.0	9533.0
633.0	9246.0
634.0	9448.0
635.0	9470.0
636.0	9163.0
637.0	9370.0
638.0	8833.0
639.0	9434.0
640.0	9438.0
641.0	9550.0
642.0	9339.0
643.0	9726.0
644.0	9051.0
645.0	9162.0
646.0	9710.0
647.0	9381.0
648.0	9253.0
649.0	9346.0
650.0	9014.0
651.0	9624.0
652.0	9605.0
653.0	9125.0
654.0	9272.0
655.0	9201.0
656.0	9279.0
657.0	9507.0
658.0	9273.0
659.0	9251.0
660.0	9283.0
661.0	9572.0
662.0	9692.0
663.0	9458.0
664.0	9338.0
665.0	9875.0
666.0	9436.0
667.0	9967.0
668.0	9342.0
669.0	9433.0
670.0	9068.0
671.0	9601.0
672.0	9858.0
673.0	9309.0
674.0	9366.0
675.0	9213.0
676.0	9511.0
677.0	9706.0
678.0	9300.0
679.0	9129.0
680.0	9621.0
681.0	9130.0
682.0	9502.0
683.0	9404.0
684.0	9447.0
685.0	9649.0
686.0	9391.0
687.0	9922.0
688.0	9558.0
689.0	9715.0
690.0	9421.0
691.0	9641.0
692.0	9461.0
693.0	9309.0
694.0	9545.0
695.0	9147.0
696.0	9482.0
697.0	9537.0
698.0	9393.0
699.0	9432.0
700.0	9634.0
701.0	9264.0
702.0	9597.0
703.0	9249.0
704.0	9307.0
705.0	9674.0
706.0	9602.0
707.0	9319.0
708.0	9464.0
709.0	9062.0
710.0	9591.0
711.0	9213.0
712.0	9485.0
713.0	9209.0
714.0	9018.0
715.0	9984.0
716.0	9487.0
717.0	9011.0
718.0	9339.0
719.0	9350.0
720.0	9350.0
721.0	8990.0
722.0	8912.0
723.0	9509.0
724.0	9054.0
725.0	9372.0
726.0	9872.0
727.0	10200.0
728.0	9437.0
729.0	9157.0
730.0	9338.0
731.0	8861.0
732.0	9416.0
733.0	9635.0
734.0	9600.0
735.0	9137.0
736.0	9443.0
737.0	9469.0
738.0	9420.0
739.0	9530.0
740.0	9759.0
741.0	9737.0
742.0	9350.0
743.0	9843.0
744.0	9600.0
745.0	8961.0
746.0	9564.0
747.0	9372.0
748.0	9200.0
749.0	9448.0
750.0	9574.0
751.0	8980.0
752.0	9261.0
753.0	9187.0
754.0	9464.0
755.0	9460.0
756.0	9039.0
757.0	8996.0
758.0	9416.0
759.0	9381.0
760.0	9090.0
761.0	9482.0
762.0	9473.0
763.0	9380.0
764.0	9506.0
765.0	9555.0
766.0	9267.0
767.0	9661.0
768.0	9060.0
769.0	9570.0
770.0	9435.0
771.0	9497.0
772.0	9323.0
773.0	9339.0
774.0	9447.0
775.0	9880.0
776.0	9470.0
777.0	9771.0
778.0	9460.0
779.0	9429.0
780.0	9621.0
781.0	9511.0
782.0	9759.0
783.0	9293.0
784.0	9047.0
785.0	9601.0
786.0	9303.0
787.0	9118.0
788.0	9160.0
789.0	9938.0
790.0	9170.0
791.0	9272.0
792.0	9257.0
793.0	9726.0
794.0	9833.0
795.0	9241.0
796.0	9225.0
797.0	9285.0
798.0	9545.0
799.0	9447.0
800.0	9465.0
