$itime = 500
$wv_start = 190.0
$hv = 1000
$grating = 2 1200 g/mm BLZ= 500  nm
$x_amps = 10
$x_volts = 45
$sample = DB2330
$date = 2023-07-03
$temp = 262.0
$wv_stop = 800.0
$time = 11:54:12.603000
$wv_step = 1.0
190.0	9169.0
191.0	10332.0
192.0	10021.0
193.0	9706.0
194.0	10069.0
195.0	9858.0
196.0	9962.0
197.0	9890.0
198.0	10234.0
199.0	9840.0
200.0	9969.0
201.0	9613.0
202.0	10033.0
203.0	9733.0
204.0	9844.0
205.0	9821.0
206.0	9935.0
207.0	9771.0
208.0	10083.0
209.0	9921.0
210.0	9946.0
211.0	9582.0
212.0	9732.0
213.0	9882.0
214.0	9946.0
215.0	9441.0
216.0	9926.0
217.0	9842.0
218.0	9843.0
219.0	9755.0
220.0	10171.0
221.0	9816.0
222.0	10033.0
223.0	9978.0
224.0	9572.0
225.0	9252.0
226.0	9934.0
227.0	9737.0
228.0	9973.0
229.0	9747.0
230.0	10000.0
231.0	9558.0
232.0	10176.0
233.0	9548.0
234.0	9674.0
235.0	10347.0
236.0	9986.0
237.0	9634.0
238.0	10158.0
239.0	10268.0
240.0	10169.0
241.0	9623.0
242.0	9823.0
243.0	10255.0
244.0	10081.0
245.0	9541.0
246.0	10133.0
247.0	9997.0
248.0	9672.0
249.0	9814.0
250.0	9838.0
251.0	10312.0
252.0	9946.0
253.0	10251.0
254.0	9834.0
255.0	9898.0
256.0	9548.0
257.0	9633.0
258.0	10217.0
259.0	10195.0
260.0	10138.0
261.0	10014.0
262.0	9688.0
263.0	10189.0
264.0	10239.0
265.0	9763.0
266.0	10096.0
267.0	9942.0
268.0	9978.0
269.0	9870.0
270.0	10007.0
271.0	9945.0
272.0	9996.0
273.0	9672.0
274.0	9712.0
275.0	9935.0
276.0	9610.0
277.0	9866.0
278.0	9976.0
279.0	10116.0
280.0	10108.0
281.0	10015.0
282.0	9884.0
283.0	10126.0
284.0	9702.0
285.0	10110.0
286.0	9628.0
287.0	10031.0
288.0	9740.0
289.0	10006.0
290.0	9862.0
291.0	9602.0
292.0	10008.0
293.0	9814.0
294.0	10168.0
295.0	10367.0
296.0	9660.0
297.0	10049.0
298.0	10207.0
299.0	9905.0
300.0	9995.0
301.0	9890.0
302.0	9973.0
303.0	10068.0
304.0	9909.0
305.0	10376.0
306.0	9996.0
307.0	10280.0
308.0	10046.0
309.0	9671.0
310.0	10376.0
311.0	10511.0
312.0	9909.0
313.0	9988.0
314.0	10026.0
315.0	9615.0
316.0	10181.0
317.0	9731.0
318.0	10577.0
319.0	9932.0
320.0	10146.0
321.0	9685.0
322.0	9949.0
323.0	9831.0
324.0	10119.0
325.0	10206.0
326.0	10128.0
327.0	9706.0
328.0	9905.0
329.0	10379.0
330.0	10122.0
331.0	10220.0
332.0	10003.0
333.0	10132.0
334.0	9859.0
335.0	10408.0
336.0	9909.0
337.0	9889.0
338.0	10121.0
339.0	9781.0
340.0	10331.0
341.0	9955.0
342.0	9844.0
343.0	10225.0
344.0	10228.0
345.0	10334.0
346.0	9848.0
347.0	9927.0
348.0	9632.0
349.0	9996.0
350.0	9626.0
351.0	9462.0
352.0	9759.0
353.0	9750.0
354.0	10236.0
355.0	10130.0
356.0	9942.0
357.0	9801.0
358.0	9759.0
359.0	9973.0
360.0	10153.0
361.0	9995.0
362.0	10268.0
363.0	9659.0
364.0	9862.0
365.0	9926.0
366.0	10008.0
367.0	9783.0
368.0	9387.0
369.0	9548.0
370.0	9560.0
371.0	9938.0
372.0	10138.0
373.0	10149.0
374.0	9625.0
375.0	10378.0
376.0	9946.0
377.0	10029.0
378.0	10272.0
379.0	9914.0
380.0	9708.0
381.0	9509.0
382.0	9845.0
383.0	9469.0
384.0	10097.0
385.0	10404.0
386.0	9754.0
387.0	10311.0
388.0	9953.0
389.0	9590.0
390.0	9637.0
391.0	10250.0
392.0	10230.0
393.0	9994.0
394.0	9700.0
395.0	9770.0
396.0	10078.0
397.0	9971.0
398.0	9902.0
399.0	9955.0
400.0	9897.0
401.0	9686.0
402.0	9786.0
403.0	10053.0
404.0	9967.0
405.0	10107.0
406.0	9911.0
407.0	9132.0
408.0	9599.0
409.0	9834.0
410.0	9712.0
411.0	9743.0
412.0	10579.0
413.0	10105.0
414.0	9755.0
415.0	10060.0
416.0	9814.0
417.0	9545.0
418.0	9403.0
419.0	9957.0
420.0	9837.0
421.0	9790.0
422.0	9806.0
423.0	9570.0
424.0	9752.0
425.0	10024.0
426.0	9986.0
427.0	9590.0
428.0	10284.0
429.0	9905.0
430.0	9983.0
431.0	10030.0
432.0	9817.0
433.0	9897.0
434.0	9683.0
435.0	9933.0
436.0	10103.0
437.0	9998.0
438.0	9831.0
439.0	9979.0
440.0	9865.0
441.0	9665.0
442.0	10198.0
443.0	10049.0
444.0	10138.0
445.0	10194.0
446.0	9851.0
447.0	9487.0
448.0	9650.0
449.0	9600.0
450.0	10203.0
451.0	9579.0
452.0	10088.0
453.0	9580.0
454.0	9995.0
455.0	9772.0
456.0	9831.0
457.0	9676.0
458.0	10163.0
459.0	10352.0
460.0	9552.0
461.0	9739.0
462.0	9878.0
463.0	10176.0
464.0	9422.0
465.0	10122.0
466.0	10160.0
467.0	9860.0
468.0	9483.0
469.0	10044.0
470.0	10013.0
471.0	10452.0
472.0	9891.0
473.0	9792.0
474.0	9838.0
475.0	10150.0
476.0	9832.0
477.0	9865.0
478.0	10007.0
479.0	9657.0
480.0	9593.0
481.0	9900.0
482.0	9844.0
483.0	9985.0
484.0	9960.0
485.0	9939.0
486.0	9960.0
487.0	9829.0
488.0	9890.0
489.0	9786.0
490.0	9635.0
491.0	10051.0
492.0	9950.0
493.0	10134.0
494.0	10347.0
495.0	9797.0
496.0	9652.0
497.0	10507.0
498.0	10509.0
499.0	9557.0
500.0	9842.0
501.0	10008.0
502.0	10178.0
503.0	10105.0
504.0	9659.0
505.0	9157.0
506.0	10376.0
507.0	10326.0
508.0	9640.0
509.0	10440.0
510.0	9973.0
511.0	10219.0
512.0	9982.0
513.0	10416.0
514.0	9862.0
515.0	10123.0
516.0	10483.0
517.0	9914.0
518.0	10158.0
519.0	10348.0
520.0	10162.0
521.0	10228.0
522.0	9986.0
523.0	9464.0
524.0	10216.0
525.0	10039.0
526.0	10136.0
527.0	9791.0
528.0	9876.0
529.0	9840.0
530.0	10455.0
531.0	10264.0
532.0	10105.0
533.0	10235.0
534.0	10272.0
535.0	10199.0
536.0	9727.0
537.0	9984.0
538.0	9754.0
539.0	9574.0
540.0	10356.0
541.0	10201.0
542.0	9963.0
543.0	10256.0
544.0	10685.0
545.0	10364.0
546.0	10280.0
547.0	9740.0
548.0	9957.0
549.0	10215.0
550.0	10280.0
551.0	10269.0
552.0	10220.0
553.0	10139.0
554.0	9826.0
555.0	10613.0
556.0	10161.0
557.0	9795.0
558.0	10207.0
559.0	10195.0
560.0	10022.0
561.0	9840.0
562.0	10369.0
563.0	10347.0
564.0	9942.0
565.0	10320.0
566.0	9846.0
567.0	9655.0
568.0	10138.0
569.0	10312.0
570.0	10161.0
571.0	10161.0
572.0	9620.0
573.0	9971.0
574.0	9537.0
575.0	10251.0
576.0	10422.0
577.0	9732.0
578.0	10438.0
579.0	9983.0
580.0	9450.0
581.0	9786.0
582.0	9884.0
583.0	9948.0
584.0	9833.0
585.0	9759.0
586.0	9623.0
587.0	10021.0
588.0	10138.0
589.0	9988.0
590.0	9885.0
591.0	9812.0
592.0	10207.0
593.0	10207.0
594.0	10090.0
595.0	10363.0
596.0	10135.0
597.0	9834.0
598.0	10175.0
599.0	9837.0
600.0	10123.0
601.0	9946.0
602.0	10330.0
603.0	10027.0
604.0	10440.0
605.0	10594.0
606.0	9615.0
607.0	10106.0
608.0	10331.0
609.0	10268.0
610.0	9994.0
611.0	9598.0
612.0	10009.0
613.0	10271.0
614.0	10353.0
615.0	10194.0
616.0	9817.0
617.0	9739.0
618.0	9582.0
619.0	10151.0
620.0	10580.0
621.0	10190.0
622.0	9973.0
623.0	9744.0
624.0	9720.0
625.0	9873.0
626.0	9927.0
627.0	9726.0
628.0	10021.0
629.0	10034.0
630.0	10031.0
631.0	10521.0
632.0	10000.0
633.0	10312.0
634.0	10286.0
635.0	10062.0
636.0	9669.0
637.0	9968.0
638.0	9891.0
639.0	9702.0
640.0	9974.0
641.0	9992.0
642.0	9783.0
643.0	9735.0
644.0	9506.0
645.0	10013.0
646.0	9706.0
647.0	9879.0
648.0	9832.0
649.0	10202.0
650.0	9759.0
651.0	10020.0
652.0	9771.0
653.0	10077.0
654.0	10032.0
655.0	10146.0
656.0	9937.0
657.0	9992.0
658.0	9871.0
659.0	10119.0
660.0	9900.0
661.0	9941.0
662.0	10009.0
663.0	9942.0
664.0	9847.0
665.0	10061.0
666.0	10082.0
667.0	10103.0
668.0	10155.0
669.0	10142.0
670.0	9447.0
671.0	9739.0
672.0	10212.0
673.0	9924.0
674.0	9668.0
675.0	10365.0
676.0	9558.0
677.0	9973.0
678.0	10168.0
679.0	9805.0
680.0	9973.0
681.0	9932.0
682.0	10070.0
683.0	9828.0
684.0	9901.0
685.0	9924.0
686.0	9750.0
687.0	9938.0
688.0	9767.0
689.0	9971.0
690.0	9829.0
691.0	9688.0
692.0	10121.0
693.0	9971.0
694.0	9984.0
695.0	10050.0
696.0	10031.0
697.0	9947.0
698.0	9957.0
699.0	9884.0
700.0	10141.0
701.0	10223.0
702.0	9542.0
703.0	9829.0
704.0	9882.0
705.0	9794.0
706.0	9380.0
707.0	9527.0
708.0	10127.0
709.0	9945.0
710.0	10035.0
711.0	10331.0
712.0	9953.0
713.0	9737.0
714.0	9294.0
715.0	10233.0
716.0	10146.0
717.0	10211.0
718.0	10156.0
719.0	9715.0
720.0	9758.0
721.0	9942.0
722.0	9956.0
723.0	9728.0
724.0	10184.0
725.0	9862.0
726.0	9969.0
727.0	9942.0
728.0	9844.0
729.0	9536.0
730.0	9700.0
731.0	9946.0
732.0	9931.0
733.0	9697.0
734.0	9791.0
735.0	10210.0
736.0	9935.0
737.0	10306.0
738.0	9657.0
739.0	9945.0
740.0	10286.0
741.0	10085.0
742.0	10353.0
743.0	9834.0
744.0	10134.0
745.0	10049.0
746.0	9617.0
747.0	10097.0
748.0	10068.0
749.0	9625.0
750.0	10059.0
751.0	10082.0
752.0	10263.0
753.0	9884.0
754.0	9700.0
755.0	9642.0
756.0	9726.0
757.0	10123.0
758.0	10468.0
759.0	9685.0
760.0	10104.0
761.0	10335.0
762.0	10125.0
763.0	10024.0
764.0	9924.0
765.0	10096.0
766.0	9942.0
767.0	10046.0
768.0	9768.0
769.0	9752.0
770.0	9805.0
771.0	10000.0
772.0	9564.0
773.0	9872.0
774.0	10424.0
775.0	9680.0
776.0	9780.0
777.0	9710.0
778.0	10259.0
779.0	10207.0
780.0	9942.0
781.0	9554.0
782.0	9922.0
783.0	10126.0
784.0	10345.0
785.0	10098.0
786.0	10231.0
787.0	9957.0
788.0	10139.0
789.0	10021.0
790.0	10197.0
791.0	9955.0
792.0	9734.0
793.0	9957.0
794.0	9962.0
795.0	9670.0
796.0	9942.0
797.0	10186.0
798.0	9990.0
799.0	9879.0
800.0	9792.0
