$itime = 500
$wv_start = 190.0
$hv = 1000
$grating = 2 1200 g/mm BLZ= 500  nm
$x_amps = 10
$x_volts = 45
$sample = DB2339
$date = 2023-07-04
$temp = 192.0
$wv_stop = 800.0
$time = 12:01:27.564000
$wv_step = 1.0
190.0	13172.0
191.0	12857.0
192.0	12804.0
193.0	12485.0
194.0	13102.0
195.0	12563.0
196.0	12762.0
197.0	12889.0
198.0	12878.0
199.0	13051.0
200.0	12482.0
201.0	12517.0
202.0	13237.0
203.0	12914.0
204.0	13369.0
205.0	12966.0
206.0	12563.0
207.0	12849.0
208.0	12509.0
209.0	12840.0
210.0	13786.0
211.0	13216.0
212.0	13231.0
213.0	12742.0
214.0	13092.0
215.0	12964.0
216.0	13403.0
217.0	12816.0
218.0	12509.0
219.0	13027.0
220.0	12685.0
221.0	12955.0
222.0	12401.0
223.0	13062.0
224.0	13020.0
225.0	12835.0
226.0	12736.0
227.0	13071.0
228.0	12736.0
229.0	12680.0
230.0	12613.0
231.0	12795.0
232.0	13046.0
233.0	12433.0
234.0	12620.0
235.0	12293.0
236.0	12699.0
237.0	12867.0
238.0	12576.0
239.0	13276.0
240.0	13097.0
241.0	12552.0
242.0	13541.0
243.0	12837.0
244.0	13018.0
245.0	12364.0
246.0	12803.0
247.0	12880.0
248.0	12740.0
249.0	12743.0
250.0	12927.0
251.0	12687.0
252.0	12696.0
253.0	12994.0
254.0	12698.0
255.0	12927.0
256.0	12908.0
257.0	12754.0
258.0	12620.0
259.0	12953.0
260.0	12773.0
261.0	12959.0
262.0	12818.0
263.0	13158.0
264.0	13231.0
265.0	12236.0
266.0	13341.0
267.0	13147.0
268.0	13120.0
269.0	12916.0
270.0	12828.0
271.0	12856.0
272.0	12793.0
273.0	12502.0
274.0	12836.0
275.0	12997.0
276.0	13288.0
277.0	12994.0
278.0	13258.0
279.0	13374.0
280.0	12875.0
281.0	12838.0
282.0	13206.0
283.0	12871.0
284.0	13146.0
285.0	13328.0
286.0	13012.0
287.0	12888.0
288.0	12871.0
289.0	12669.0
290.0	13238.0
291.0	13031.0
292.0	12848.0
293.0	13182.0
294.0	12608.0
295.0	12861.0
296.0	13007.0
297.0	13282.0
298.0	12777.0
299.0	13330.0
300.0	13099.0
301.0	13281.0
302.0	13367.0
303.0	13527.0
304.0	13110.0
305.0	13008.0
306.0	12986.0
307.0	12117.0
308.0	13282.0
309.0	12837.0
310.0	13209.0
311.0	12401.0
312.0	13110.0
313.0	12694.0
314.0	13412.0
315.0	12749.0
316.0	12865.0
317.0	12881.0
318.0	12681.0
319.0	12730.0
320.0	12741.0
321.0	12497.0
322.0	13201.0
323.0	12732.0
324.0	13071.0
325.0	13380.0
326.0	13067.0
327.0	13410.0
328.0	12233.0
329.0	12821.0
330.0	12942.0
331.0	13009.0
332.0	13401.0
333.0	12941.0
334.0	12888.0
335.0	12376.0
336.0	13387.0
337.0	13091.0
338.0	13066.0
339.0	12697.0
340.0	12807.0
341.0	12838.0
342.0	13386.0
343.0	12614.0
344.0	13045.0
345.0	13128.0
346.0	12842.0
347.0	13314.0
348.0	13123.0
349.0	12857.0
350.0	13123.0
351.0	12741.0
352.0	12451.0
353.0	12293.0
354.0	13044.0
355.0	12820.0
356.0	12237.0
357.0	13633.0
358.0	12926.0
359.0	12887.0
360.0	12443.0
361.0	12551.0
362.0	13168.0
363.0	12777.0
364.0	12793.0
365.0	13075.0
366.0	13372.0
367.0	13056.0
368.0	12875.0
369.0	12331.0
370.0	12733.0
371.0	12902.0
372.0	12876.0
373.0	13019.0
374.0	13102.0
375.0	12917.0
376.0	12999.0
377.0	13219.0
378.0	12437.0
379.0	12551.0
380.0	12517.0
381.0	12404.0
382.0	12860.0
383.0	12920.0
384.0	12913.0
385.0	13420.0
386.0	12994.0
387.0	12504.0
388.0	12839.0
389.0	12746.0
390.0	12656.0
391.0	13103.0
392.0	13410.0
393.0	12647.0
394.0	13264.0
395.0	12857.0
396.0	12681.0
397.0	12999.0
398.0	12509.0
399.0	13066.0
400.0	13259.0
401.0	13496.0
402.0	12728.0
403.0	12409.0
404.0	12629.0
405.0	12849.0
406.0	13048.0
407.0	12653.0
408.0	12869.0
409.0	12913.0
410.0	13063.0
411.0	12946.0
412.0	12795.0
413.0	12519.0
414.0	12598.0
415.0	13105.0
416.0	12446.0
417.0	12674.0
418.0	13330.0
419.0	13012.0
420.0	12920.0
421.0	13152.0
422.0	13064.0
423.0	12783.0
424.0	12803.0
425.0	12503.0
426.0	12848.0
427.0	13142.0
428.0	12787.0
429.0	12810.0
430.0	12791.0
431.0	12647.0
432.0	12989.0
433.0	12618.0
434.0	13105.0
435.0	12750.0
436.0	12843.0
437.0	13059.0
438.0	12964.0
439.0	13030.0
440.0	12967.0
441.0	12584.0
442.0	12798.0
443.0	13116.0
444.0	13112.0
445.0	12653.0
446.0	12443.0
447.0	12848.0
448.0	12480.0
449.0	12552.0
450.0	12898.0
451.0	12396.0
452.0	12932.0
453.0	12629.0
454.0	12901.0
455.0	12875.0
456.0	12990.0
457.0	13005.0
458.0	13037.0
459.0	12386.0
460.0	12632.0
461.0	12587.0
462.0	13830.0
463.0	12509.0
464.0	12668.0
465.0	12562.0
466.0	12233.0
467.0	13080.0
468.0	12733.0
469.0	12876.0
470.0	12994.0
471.0	13028.0
472.0	12857.0
473.0	12669.0
474.0	13495.0
475.0	13223.0
476.0	13181.0
477.0	13120.0
478.0	13194.0
479.0	13463.0
480.0	13732.0
481.0	13145.0
482.0	12847.0
483.0	13036.0
484.0	13101.0
485.0	13495.0
486.0	13102.0
487.0	13407.0
488.0	13529.0
489.0	13370.0
490.0	13466.0
491.0	12815.0
492.0	12842.0
493.0	12912.0
494.0	13018.0
495.0	12835.0
496.0	13512.0
497.0	13172.0
498.0	13287.0
499.0	13067.0
500.0	13323.0
501.0	12986.0
502.0	12986.0
503.0	13469.0
504.0	12945.0
505.0	13363.0
506.0	12978.0
507.0	13083.0
508.0	13440.0
509.0	13348.0
510.0	13123.0
511.0	13790.0
512.0	13095.0
513.0	12804.0
514.0	12989.0
515.0	13279.0
516.0	13022.0
517.0	13119.0
518.0	13105.0
519.0	13249.0
520.0	12754.0
521.0	12926.0
522.0	12727.0
523.0	13330.0
524.0	12912.0
525.0	12711.0
526.0	13031.0
527.0	13175.0
528.0	12947.0
529.0	13239.0
530.0	13236.0
531.0	12978.0
532.0	13083.0
533.0	13368.0
534.0	12966.0
535.0	12848.0
536.0	12883.0
537.0	13213.0
538.0	13263.0
539.0	12840.0
540.0	13669.0
541.0	13014.0
542.0	13376.0
543.0	12816.0
544.0	13032.0
545.0	12827.0
546.0	13458.0
547.0	12625.0
548.0	13272.0
549.0	12876.0
550.0	12922.0
551.0	13295.0
552.0	13167.0
553.0	13233.0
554.0	13564.0
555.0	13323.0
556.0	13136.0
557.0	13005.0
558.0	12740.0
559.0	12381.0
560.0	12861.0
561.0	12798.0
562.0	12953.0
563.0	13178.0
564.0	13252.0
565.0	12873.0
566.0	13076.0
567.0	12848.0
568.0	12984.0
569.0	12996.0
570.0	13560.0
571.0	13227.0
572.0	13000.0
573.0	12975.0
574.0	13071.0
575.0	12830.0
576.0	12977.0
577.0	13133.0
578.0	13336.0
579.0	13415.0
580.0	12865.0
581.0	13004.0
582.0	12989.0
583.0	12681.0
584.0	12387.0
585.0	13167.0
586.0	12986.0
587.0	13010.0
588.0	13082.0
589.0	12908.0
590.0	13718.0
591.0	13082.0
592.0	13072.0
593.0	13044.0
594.0	12874.0
595.0	12875.0
596.0	13188.0
597.0	12886.0
598.0	13212.0
599.0	12742.0
600.0	12971.0
601.0	13031.0
602.0	13263.0
603.0	13309.0
604.0	13146.0
605.0	13467.0
606.0	12836.0
607.0	13103.0
608.0	13328.0
609.0	13169.0
610.0	12517.0
611.0	13064.0
612.0	13005.0
613.0	13009.0
614.0	12674.0
615.0	12811.0
616.0	12477.0
617.0	12860.0
618.0	12628.0
619.0	12849.0
620.0	12996.0
621.0	13168.0
622.0	12628.0
623.0	13330.0
624.0	13404.0
625.0	13640.0
626.0	13471.0
627.0	12722.0
628.0	12952.0
629.0	12624.0
630.0	13053.0
631.0	12984.0
632.0	12711.0
633.0	13638.0
634.0	12536.0
635.0	12538.0
636.0	13043.0
637.0	12559.0
638.0	13309.0
639.0	12716.0
640.0	12409.0
641.0	13655.0
642.0	12663.0
643.0	13004.0
644.0	12939.0
645.0	13461.0
646.0	12978.0
647.0	12842.0
648.0	12924.0
649.0	13116.0
650.0	13171.0
651.0	12777.0
652.0	12848.0
653.0	12807.0
654.0	12879.0
655.0	12733.0
656.0	13011.0
657.0	13044.0
658.0	13017.0
659.0	12319.0
660.0	13142.0
661.0	12614.0
662.0	13481.0
663.0	13081.0
664.0	12413.0
665.0	12634.0
666.0	12967.0
667.0	12803.0
668.0	12733.0
669.0	12995.0
670.0	12587.0
671.0	12684.0
672.0	13132.0
673.0	12759.0
674.0	12697.0
675.0	13368.0
676.0	12905.0
677.0	13261.0
678.0	13195.0
679.0	12763.0
680.0	13735.0
681.0	13075.0
682.0	12947.0
683.0	12403.0
684.0	13209.0
685.0	12975.0
686.0	13154.0
687.0	12901.0
688.0	12975.0
689.0	12625.0
690.0	13690.0
691.0	13343.0
692.0	12729.0
693.0	12703.0
694.0	12719.0
695.0	12884.0
696.0	12786.0
697.0	12319.0
698.0	12851.0
699.0	12941.0
700.0	12508.0
701.0	13163.0
702.0	12758.0
703.0	12727.0
704.0	13077.0
705.0	12381.0
706.0	12844.0
707.0	12762.0
708.0	13291.0
709.0	12503.0
710.0	12676.0
711.0	13138.0
712.0	13042.0
713.0	12873.0
714.0	13145.0
715.0	12654.0
716.0	13008.0
717.0	12935.0
718.0	12795.0
719.0	12884.0
720.0	13164.0
721.0	13075.0
722.0	12853.0
723.0	13168.0
724.0	13123.0
725.0	12740.0
726.0	12831.0
727.0	12655.0
728.0	12692.0
729.0	12507.0
730.0	12876.0
731.0	12773.0
732.0	12639.0
733.0	12863.0
734.0	12083.0
735.0	12754.0
736.0	12845.0
737.0	12618.0
738.0	12694.0
739.0	13286.0
740.0	13024.0
741.0	12464.0
742.0	13219.0
743.0	12363.0
744.0	12539.0
745.0	13394.0
746.0	13428.0
747.0	13095.0
748.0	12939.0
749.0	12491.0
750.0	12225.0
751.0	12778.0
752.0	12665.0
753.0	12526.0
754.0	13219.0
755.0	12485.0
756.0	12800.0
757.0	12508.0
758.0	13202.0
759.0	13260.0
760.0	12610.0
761.0	13071.0
762.0	13114.0
763.0	13011.0
764.0	12891.0
765.0	12693.0
766.0	13388.0
767.0	12799.0
768.0	13173.0
769.0	12630.0
770.0	12652.0
771.0	12883.0
772.0	12848.0
773.0	12799.0
774.0	13068.0
775.0	12935.0
776.0	12285.0
777.0	12822.0
778.0	13415.0
779.0	12719.0
780.0	12656.0
781.0	12548.0
782.0	12412.0
783.0	12133.0
784.0	12866.0
785.0	13257.0
786.0	12589.0
787.0	13205.0
788.0	13136.0
789.0	12736.0
790.0	12468.0
791.0	12588.0
792.0	12712.0
793.0	13263.0
794.0	12803.0
795.0	12805.0
796.0	12929.0
797.0	12882.0
798.0	13099.0
799.0	12926.0
800.0	12592.0
