$itime = 500
$wv_start = 190.0
$hv = 1000
$grating = 2 1200 g/mm BLZ= 500  nm
$x_amps = 10
$x_volts = 45
$sample = DB2339
$date = 2023-07-04
$temp = 342.0
$wv_stop = 800.0
$time = 12:01:27.564000
$wv_step = 1.0
190.0	11957.0
191.0	11755.0
192.0	11813.0
193.0	11487.0
194.0	11348.0
195.0	12043.0
196.0	11430.0
197.0	11994.0
198.0	11659.0
199.0	11380.0
200.0	11953.0
201.0	11141.0
202.0	11451.0
203.0	11770.0
204.0	11989.0
205.0	11661.0
206.0	11486.0
207.0	11612.0
208.0	11586.0
209.0	11436.0
210.0	12014.0
211.0	11921.0
212.0	11762.0
213.0	12051.0
214.0	11539.0
215.0	11832.0
216.0	11544.0
217.0	11601.0
218.0	12037.0
219.0	11823.0
220.0	11571.0
221.0	12204.0
222.0	11724.0
223.0	11803.0
224.0	11904.0
225.0	11791.0
226.0	11844.0
227.0	11726.0
228.0	11846.0
229.0	11446.0
230.0	11821.0
231.0	11572.0
232.0	12154.0
233.0	11209.0
234.0	11453.0
235.0	11580.0
236.0	11707.0
237.0	11591.0
238.0	11729.0
239.0	11592.0
240.0	11584.0
241.0	11898.0
242.0	12125.0
243.0	11327.0
244.0	11616.0
245.0	11662.0
246.0	11489.0
247.0	11684.0
248.0	12001.0
249.0	11501.0
250.0	11940.0
251.0	11356.0
252.0	11665.0
253.0	11500.0
254.0	12043.0
255.0	11398.0
256.0	11643.0
257.0	12083.0
258.0	12080.0
259.0	11796.0
260.0	11641.0
261.0	11862.0
262.0	11586.0
263.0	12297.0
264.0	11806.0
265.0	11707.0
266.0	11769.0
267.0	11452.0
268.0	11707.0
269.0	11761.0
270.0	11478.0
271.0	12053.0
272.0	11884.0
273.0	11736.0
274.0	12413.0
275.0	11725.0
276.0	11884.0
277.0	11787.0
278.0	11962.0
279.0	11841.0
280.0	12155.0
281.0	12068.0
282.0	11547.0
283.0	12288.0
284.0	11808.0
285.0	11032.0
286.0	11794.0
287.0	11706.0
288.0	11958.0
289.0	11744.0
290.0	11980.0
291.0	11911.0
292.0	11707.0
293.0	11666.0
294.0	11521.0
295.0	12190.0
296.0	11998.0
297.0	11556.0
298.0	11712.0
299.0	11637.0
300.0	11595.0
301.0	11190.0
302.0	12107.0
303.0	11357.0
304.0	11965.0
305.0	12212.0
306.0	12016.0
307.0	11434.0
308.0	12124.0
309.0	11421.0
310.0	11953.0
311.0	12149.0
312.0	12010.0
313.0	11502.0
314.0	11659.0
315.0	11630.0
316.0	11928.0
317.0	11759.0
318.0	11609.0
319.0	12198.0
320.0	11821.0
321.0	11659.0
322.0	11568.0
323.0	11842.0
324.0	11711.0
325.0	11446.0
326.0	10914.0
327.0	11609.0
328.0	12011.0
329.0	11598.0
330.0	11592.0
331.0	11610.0
332.0	11469.0
333.0	12019.0
334.0	11848.0
335.0	11815.0
336.0	12060.0
337.0	11595.0
338.0	11918.0
339.0	11770.0
340.0	11265.0
341.0	11478.0
342.0	11413.0
343.0	12243.0
344.0	11560.0
345.0	11593.0
346.0	12100.0
347.0	12085.0
348.0	11586.0
349.0	11698.0
350.0	11284.0
351.0	11658.0
352.0	11657.0
353.0	11949.0
354.0	11886.0
355.0	11939.0
356.0	12060.0
357.0	11590.0
358.0	11763.0
359.0	12298.0
360.0	11446.0
361.0	11176.0
362.0	11455.0
363.0	11639.0
364.0	11404.0
365.0	11794.0
366.0	11499.0
367.0	11320.0
368.0	11575.0
369.0	11559.0
370.0	11753.0
371.0	11631.0
372.0	11639.0
373.0	11988.0
374.0	11565.0
375.0	11878.0
376.0	11883.0
377.0	11533.0
378.0	11579.0
379.0	11665.0
380.0	11565.0
381.0	11261.0
382.0	11245.0
383.0	11650.0
384.0	11978.0
385.0	11694.0
386.0	11664.0
387.0	11688.0
388.0	12171.0
389.0	12071.0
390.0	12198.0
391.0	11223.0
392.0	11987.0
393.0	11503.0
394.0	11739.0
395.0	11579.0
396.0	11384.0
397.0	11648.0
398.0	11675.0
399.0	11555.0
400.0	11369.0
401.0	11681.0
402.0	12286.0
403.0	12171.0
404.0	11577.0
405.0	11889.0
406.0	11792.0
407.0	11597.0
408.0	11534.0
409.0	11452.0
410.0	11427.0
411.0	11534.0
412.0	11113.0
413.0	11377.0
414.0	11502.0
415.0	11490.0
416.0	11428.0
417.0	11906.0
418.0	11897.0
419.0	11659.0
420.0	11883.0
421.0	11586.0
422.0	11657.0
423.0	11162.0
424.0	11292.0
425.0	11374.0
426.0	11522.0
427.0	11752.0
428.0	11564.0
429.0	11985.0
430.0	11547.0
431.0	11951.0
432.0	11694.0
433.0	11359.0
434.0	11695.0
435.0	11512.0
436.0	11903.0
437.0	11790.0
438.0	11646.0
439.0	12146.0
440.0	11963.0
441.0	11635.0
442.0	11341.0
443.0	11545.0
444.0	11380.0
445.0	11807.0
446.0	11895.0
447.0	11401.0
448.0	11734.0
449.0	12108.0
450.0	11734.0
451.0	11998.0
452.0	12118.0
453.0	11733.0
454.0	11261.0
455.0	11666.0
456.0	11713.0
457.0	11452.0
458.0	11506.0
459.0	11804.0
460.0	11581.0
461.0	11992.0
462.0	11559.0
463.0	11595.0
464.0	11485.0
465.0	11761.0
466.0	12130.0
467.0	11707.0
468.0	12127.0
469.0	11915.0
470.0	12150.0
471.0	11759.0
472.0	11870.0
473.0	11407.0
474.0	11404.0
475.0	11990.0
476.0	11763.0
477.0	11560.0
478.0	12333.0
479.0	11545.0
480.0	11851.0
481.0	11311.0
482.0	11881.0
483.0	11440.0
484.0	11818.0
485.0	11300.0
486.0	11517.0
487.0	11439.0
488.0	11653.0
489.0	11721.0
490.0	11273.0
491.0	11248.0
492.0	11464.0
493.0	11465.0
494.0	11734.0
495.0	11874.0
496.0	11581.0
497.0	11656.0
498.0	11904.0
499.0	11665.0
500.0	11551.0
501.0	11517.0
502.0	11750.0
503.0	11455.0
504.0	11728.0
505.0	11575.0
506.0	11684.0
507.0	12111.0
508.0	11949.0
509.0	11235.0
510.0	11811.0
511.0	12267.0
512.0	11836.0
513.0	11909.0
514.0	11387.0
515.0	11812.0
516.0	11958.0
517.0	11759.0
518.0	11487.0
519.0	11284.0
520.0	11092.0
521.0	11923.0
522.0	11940.0
523.0	12198.0
524.0	11340.0
525.0	11482.0
526.0	12009.0
527.0	11914.0
528.0	11480.0
529.0	12178.0
530.0	11640.0
531.0	11794.0
532.0	11918.0
533.0	12110.0
534.0	11369.0
535.0	11863.0
536.0	11574.0
537.0	11955.0
538.0	12107.0
539.0	11938.0
540.0	11994.0
541.0	11632.0
542.0	11742.0
543.0	11963.0
544.0	11676.0
545.0	11878.0
546.0	11544.0
547.0	12043.0
548.0	11841.0
549.0	12139.0
550.0	11719.0
551.0	11652.0
552.0	11724.0
553.0	12335.0
554.0	11863.0
555.0	11659.0
556.0	11329.0
557.0	11488.0
558.0	11573.0
559.0	12668.0
560.0	11823.0
561.0	11683.0
562.0	11879.0
563.0	11586.0
564.0	11540.0
565.0	11580.0
566.0	12022.0
567.0	11096.0
568.0	12051.0
569.0	11658.0
570.0	11669.0
571.0	11981.0
572.0	11510.0
573.0	11687.0
574.0	12022.0
575.0	11574.0
576.0	11765.0
577.0	11889.0
578.0	11955.0
579.0	11380.0
580.0	11983.0
581.0	11684.0
582.0	11610.0
583.0	11893.0
584.0	11819.0
585.0	11990.0
586.0	11817.0
587.0	12272.0
588.0	11903.0
589.0	11572.0
590.0	11525.0
591.0	11692.0
592.0	11734.0
593.0	11777.0
594.0	11828.0
595.0	11508.0
596.0	11490.0
597.0	11829.0
598.0	11388.0
599.0	11816.0
600.0	11777.0
601.0	11878.0
602.0	11573.0
603.0	12000.0
604.0	11521.0
605.0	11469.0
606.0	11465.0
607.0	12006.0
608.0	11784.0
609.0	11851.0
610.0	11850.0
611.0	11565.0
612.0	11405.0
613.0	11712.0
614.0	11890.0
615.0	11762.0
616.0	12007.0
617.0	11761.0
618.0	11892.0
619.0	11748.0
620.0	11429.0
621.0	11880.0
622.0	11440.0
623.0	11220.0
624.0	11475.0
625.0	12092.0
626.0	11632.0
627.0	11584.0
628.0	11307.0
629.0	11724.0
630.0	11849.0
631.0	11725.0
632.0	11708.0
633.0	11705.0
634.0	11928.0
635.0	11989.0
636.0	11498.0
637.0	11542.0
638.0	11422.0
639.0	11838.0
640.0	11625.0
641.0	11858.0
642.0	11574.0
643.0	11314.0
644.0	11706.0
645.0	12039.0
646.0	11702.0
647.0	11503.0
648.0	11782.0
649.0	11356.0
650.0	11984.0
651.0	11530.0
652.0	11757.0
653.0	11823.0
654.0	11451.0
655.0	12112.0
656.0	11719.0
657.0	11858.0
658.0	11654.0
659.0	12156.0
660.0	11598.0
661.0	11643.0
662.0	11379.0
663.0	11848.0
664.0	11848.0
665.0	11665.0
666.0	11385.0
667.0	12195.0
668.0	11773.0
669.0	11708.0
670.0	12175.0
671.0	11874.0
672.0	11828.0
673.0	11388.0
674.0	11583.0
675.0	12008.0
676.0	11605.0
677.0	11646.0
678.0	11878.0
679.0	11210.0
680.0	12068.0
681.0	11885.0
682.0	11474.0
683.0	11862.0
684.0	11639.0
685.0	11896.0
686.0	11754.0
687.0	11695.0
688.0	11776.0
689.0	11590.0
690.0	11145.0
691.0	11672.0
692.0	11490.0
693.0	12104.0
694.0	11389.0
695.0	12127.0
696.0	11952.0
697.0	12369.0
698.0	11788.0
699.0	11661.0
700.0	11521.0
701.0	11804.0
702.0	11704.0
703.0	11478.0
704.0	11921.0
705.0	12049.0
706.0	11782.0
707.0	11728.0
708.0	11469.0
709.0	11861.0
710.0	11877.0
711.0	11467.0
712.0	12199.0
713.0	11887.0
714.0	11399.0
715.0	11524.0
716.0	11651.0
717.0	11761.0
718.0	11209.0
719.0	11664.0
720.0	11469.0
721.0	11500.0
722.0	11895.0
723.0	11431.0
724.0	11460.0
725.0	11841.0
726.0	11720.0
727.0	11999.0
728.0	12012.0
729.0	11691.0
730.0	11241.0
731.0	11802.0
732.0	11945.0
733.0	11667.0
734.0	11643.0
735.0	11656.0
736.0	11637.0
737.0	11790.0
738.0	11761.0
739.0	11133.0
740.0	11729.0
741.0	11194.0
742.0	11659.0
743.0	11558.0
744.0	11781.0
745.0	12325.0
746.0	11482.0
747.0	11571.0
748.0	11673.0
749.0	11949.0
750.0	11591.0
751.0	10942.0
752.0	12147.0
753.0	11649.0
754.0	11364.0
755.0	11489.0
756.0	11533.0
757.0	11594.0
758.0	10940.0
759.0	11914.0
760.0	11632.0
761.0	11489.0
762.0	11297.0
763.0	11759.0
764.0	11883.0
765.0	11993.0
766.0	11251.0
767.0	11477.0
768.0	11446.0
769.0	11533.0
770.0	11153.0
771.0	11878.0
772.0	11803.0
773.0	11675.0
774.0	11637.0
775.0	12325.0
776.0	11415.0
777.0	11603.0
778.0	11896.0
779.0	11649.0
780.0	11391.0
781.0	11486.0
782.0	11718.0
783.0	11558.0
784.0	11488.0
785.0	11964.0
786.0	12142.0
787.0	11572.0
788.0	11657.0
789.0	11623.0
790.0	11072.0
791.0	11375.0
792.0	11973.0
793.0	11562.0
794.0	12169.0
795.0	11673.0
796.0	11374.0
797.0	12133.0
798.0	11364.0
799.0	11813.0
800.0	12335.0
