$itime = 500
$wv_start = 190.0
$hv = 1000
$grating = 2 1200 g/mm BLZ= 500  nm
$x_amps = 10
$x_volts = 45
$sample = DB2339
$date = 2023-07-04
$temp = 262.0
$wv_stop = 800.0
$time = 12:01:27.564000
$wv_step = 1.0
190.0	11989.0
191.0	12690.0
192.0	12600.0
193.0	11877.0
194.0	12052.0
195.0	11734.0
196.0	12284.0
197.0	12287.0
198.0	11812.0
199.0	12173.0
200.0	12164.0
201.0	11987.0
202.0	12117.0
203.0	11655.0
204.0	11942.0
205.0	12231.0
206.0	12253.0
207.0	12367.0
208.0	11999.0
209.0	11828.0
210.0	11888.0
211.0	12217.0
212.0	11797.0
213.0	11876.0
214.0	12439.0
215.0	12002.0
216.0	11822.0
217.0	12237.0
218.0	11915.0
219.0	11860.0
220.0	12361.0
221.0	12325.0
222.0	11816.0
223.0	12505.0
224.0	12184.0
225.0	12238.0
226.0	12357.0
227.0	11737.0
228.0	11988.0
229.0	12439.0
230.0	11941.0
231.0	12388.0
232.0	11667.0
233.0	12608.0
234.0	11475.0
235.0	11825.0
236.0	12281.0
237.0	12389.0
238.0	11992.0
239.0	12132.0
240.0	12122.0
241.0	12428.0
242.0	12393.0
243.0	11949.0
244.0	11893.0
245.0	12044.0
246.0	12199.0
247.0	12051.0
248.0	11973.0
249.0	12187.0
250.0	11899.0
251.0	12235.0
252.0	11982.0
253.0	12499.0
254.0	12283.0
255.0	12186.0
256.0	12957.0
257.0	11964.0
258.0	12552.0
259.0	11857.0
260.0	11907.0
261.0	11947.0
262.0	12032.0
263.0	12206.0
264.0	12162.0
265.0	12565.0
266.0	11831.0
267.0	11712.0
268.0	12734.0
269.0	12260.0
270.0	12290.0
271.0	12319.0
272.0	12269.0
273.0	12189.0
274.0	12274.0
275.0	11756.0
276.0	11982.0
277.0	12268.0
278.0	11967.0
279.0	12091.0
280.0	12565.0
281.0	12032.0
282.0	11795.0
283.0	12168.0
284.0	12304.0
285.0	12030.0
286.0	12551.0
287.0	12162.0
288.0	12307.0
289.0	12201.0
290.0	11824.0
291.0	12175.0
292.0	12508.0
293.0	11656.0
294.0	12222.0
295.0	12740.0
296.0	12126.0
297.0	11920.0
298.0	12247.0
299.0	11835.0
300.0	12368.0
301.0	12204.0
302.0	12045.0
303.0	12069.0
304.0	12319.0
305.0	12023.0
306.0	12060.0
307.0	12094.0
308.0	12339.0
309.0	12128.0
310.0	12360.0
311.0	11957.0
312.0	12169.0
313.0	12559.0
314.0	12153.0
315.0	12391.0
316.0	12323.0
317.0	12260.0
318.0	12562.0
319.0	12775.0
320.0	12180.0
321.0	11821.0
322.0	12684.0
323.0	12303.0
324.0	12419.0
325.0	12023.0
326.0	12043.0
327.0	12674.0
328.0	11778.0
329.0	12170.0
330.0	12125.0
331.0	12632.0
332.0	12147.0
333.0	11952.0
334.0	11914.0
335.0	12224.0
336.0	12431.0
337.0	12727.0
338.0	12518.0
339.0	12492.0
340.0	11829.0
341.0	12436.0
342.0	12143.0
343.0	12228.0
344.0	12461.0
345.0	12504.0
346.0	12411.0
347.0	11981.0
348.0	12118.0
349.0	11845.0
350.0	12509.0
351.0	12199.0
352.0	11965.0
353.0	11992.0
354.0	12422.0
355.0	11999.0
356.0	12387.0
357.0	12370.0
358.0	12424.0
359.0	12357.0
360.0	12175.0
361.0	12231.0
362.0	12511.0
363.0	12527.0
364.0	12118.0
365.0	12224.0
366.0	12401.0
367.0	12127.0
368.0	12071.0
369.0	12246.0
370.0	12031.0
371.0	12115.0
372.0	11880.0
373.0	11735.0
374.0	12842.0
375.0	12315.0
376.0	12330.0
377.0	12215.0
378.0	11843.0
379.0	11866.0
380.0	11490.0
381.0	12233.0
382.0	12590.0
383.0	12150.0
384.0	12797.0
385.0	12180.0
386.0	12217.0
387.0	12118.0
388.0	12396.0
389.0	11827.0
390.0	11950.0
391.0	12430.0
392.0	12305.0
393.0	11892.0
394.0	12764.0
395.0	11981.0
396.0	11988.0
397.0	11893.0
398.0	12234.0
399.0	12339.0
400.0	12154.0
401.0	12233.0
402.0	11915.0
403.0	12293.0
404.0	11495.0
405.0	11804.0
406.0	11593.0
407.0	12092.0
408.0	12126.0
409.0	12198.0
410.0	12283.0
411.0	11790.0
412.0	12059.0
413.0	12011.0
414.0	11639.0
415.0	12295.0
416.0	11842.0
417.0	12040.0
418.0	12381.0
419.0	12053.0
420.0	12166.0
421.0	11661.0
422.0	12259.0
423.0	12228.0
424.0	11862.0
425.0	12470.0
426.0	12018.0
427.0	11740.0
428.0	12181.0
429.0	12043.0
430.0	12107.0
431.0	12337.0
432.0	11770.0
433.0	12403.0
434.0	12197.0
435.0	11795.0
436.0	12239.0
437.0	12137.0
438.0	12248.0
439.0	12189.0
440.0	12174.0
441.0	12408.0
442.0	11976.0
443.0	11760.0
444.0	12521.0
445.0	12420.0
446.0	12105.0
447.0	12153.0
448.0	12277.0
449.0	11978.0
450.0	12288.0
451.0	12403.0
452.0	12102.0
453.0	12052.0
454.0	12361.0
455.0	11962.0
456.0	12389.0
457.0	12160.0
458.0	12479.0
459.0	12769.0
460.0	12158.0
461.0	12395.0
462.0	12002.0
463.0	12778.0
464.0	12340.0
465.0	11950.0
466.0	11872.0
467.0	12296.0
468.0	12253.0
469.0	12297.0
470.0	12179.0
471.0	11869.0
472.0	12675.0
473.0	12446.0
474.0	11996.0
475.0	11989.0
476.0	11756.0
477.0	11995.0
478.0	11566.0
479.0	12519.0
480.0	12166.0
481.0	11965.0
482.0	12131.0
483.0	12063.0
484.0	11963.0
485.0	12001.0
486.0	12374.0
487.0	12762.0
488.0	12448.0
489.0	12155.0
490.0	12013.0
491.0	12019.0
492.0	12527.0
493.0	12489.0
494.0	12166.0
495.0	12433.0
496.0	12238.0
497.0	12194.0
498.0	12312.0
499.0	12001.0
500.0	12171.0
501.0	12394.0
502.0	12398.0
503.0	12636.0
504.0	12116.0
505.0	12727.0
506.0	11877.0
507.0	12416.0
508.0	11952.0
509.0	12521.0
510.0	12179.0
511.0	12583.0
512.0	12132.0
513.0	12576.0
514.0	12437.0
515.0	12315.0
516.0	12113.0
517.0	12275.0
518.0	12097.0
519.0	12770.0
520.0	12678.0
521.0	12395.0
522.0	12617.0
523.0	12682.0
524.0	12190.0
525.0	12428.0
526.0	12248.0
527.0	12477.0
528.0	11906.0
529.0	12406.0
530.0	12394.0
531.0	12533.0
532.0	12364.0
533.0	12243.0
534.0	12436.0
535.0	12732.0
536.0	11570.0
537.0	12139.0
538.0	12003.0
539.0	12842.0
540.0	11959.0
541.0	12331.0
542.0	12481.0
543.0	12269.0
544.0	12245.0
545.0	12853.0
546.0	12357.0
547.0	12155.0
548.0	12415.0
549.0	11828.0
550.0	11813.0
551.0	12310.0
552.0	11908.0
553.0	11954.0
554.0	12372.0
555.0	12251.0
556.0	11914.0
557.0	13012.0
558.0	12453.0
559.0	12070.0
560.0	12398.0
561.0	12265.0
562.0	12408.0
563.0	12113.0
564.0	12315.0
565.0	11965.0
566.0	12523.0
567.0	11965.0
568.0	12520.0
569.0	12802.0
570.0	11863.0
571.0	12439.0
572.0	12274.0
573.0	12505.0
574.0	12347.0
575.0	12688.0
576.0	12746.0
577.0	12249.0
578.0	11920.0
579.0	12849.0
580.0	12171.0
581.0	12182.0
582.0	12286.0
583.0	12388.0
584.0	12239.0
585.0	12449.0
586.0	12094.0
587.0	12271.0
588.0	12348.0
589.0	12533.0
590.0	12516.0
591.0	12319.0
592.0	12028.0
593.0	12315.0
594.0	12049.0
595.0	12215.0
596.0	12080.0
597.0	12386.0
598.0	12601.0
599.0	12832.0
600.0	12051.0
601.0	12517.0
602.0	12431.0
603.0	11986.0
604.0	12406.0
605.0	12482.0
606.0	12192.0
607.0	12214.0
608.0	12727.0
609.0	12206.0
610.0	12008.0
611.0	12278.0
612.0	11923.0
613.0	12548.0
614.0	12149.0
615.0	12409.0
616.0	12167.0
617.0	12564.0
618.0	12348.0
619.0	12712.0
620.0	12452.0
621.0	12052.0
622.0	12241.0
623.0	12305.0
624.0	12421.0
625.0	12235.0
626.0	12373.0
627.0	11917.0
628.0	12417.0
629.0	12020.0
630.0	11878.0
631.0	12116.0
632.0	12019.0
633.0	12116.0
634.0	12378.0
635.0	12077.0
636.0	11728.0
637.0	12301.0
638.0	12395.0
639.0	12367.0
640.0	11868.0
641.0	12284.0
642.0	12448.0
643.0	11660.0
644.0	12235.0
645.0	11985.0
646.0	12157.0
647.0	12876.0
648.0	12503.0
649.0	12189.0
650.0	12211.0
651.0	12309.0
652.0	11827.0
653.0	12746.0
654.0	12566.0
655.0	12211.0
656.0	12296.0
657.0	12580.0
658.0	12122.0
659.0	12018.0
660.0	11923.0
661.0	12254.0
662.0	11861.0
663.0	11975.0
664.0	12447.0
665.0	12214.0
666.0	12133.0
667.0	11988.0
668.0	12110.0
669.0	12513.0
670.0	12200.0
671.0	12370.0
672.0	12208.0
673.0	11632.0
674.0	11854.0
675.0	12537.0
676.0	12241.0
677.0	12493.0
678.0	12111.0
679.0	11857.0
680.0	12003.0
681.0	12707.0
682.0	12468.0
683.0	12402.0
684.0	11918.0
685.0	12179.0
686.0	12013.0
687.0	12709.0
688.0	12377.0
689.0	11814.0
690.0	12354.0
691.0	12408.0
692.0	11814.0
693.0	12352.0
694.0	12002.0
695.0	12225.0
696.0	12782.0
697.0	12288.0
698.0	12192.0
699.0	12018.0
700.0	11821.0
701.0	12483.0
702.0	12233.0
703.0	12361.0
704.0	12403.0
705.0	11836.0
706.0	12168.0
707.0	11677.0
708.0	12267.0
709.0	12381.0
710.0	12190.0
711.0	12149.0
712.0	11807.0
713.0	12227.0
714.0	12576.0
715.0	12373.0
716.0	11868.0
717.0	12514.0
718.0	12305.0
719.0	12104.0
720.0	12447.0
721.0	12274.0
722.0	12147.0
723.0	12467.0
724.0	11918.0
725.0	12394.0
726.0	11899.0
727.0	12316.0
728.0	12234.0
729.0	12595.0
730.0	12347.0
731.0	12347.0
732.0	12189.0
733.0	11926.0
734.0	12319.0
735.0	11954.0
736.0	12077.0
737.0	12237.0
738.0	12793.0
739.0	12254.0
740.0	12490.0
741.0	12503.0
742.0	11965.0
743.0	12132.0
744.0	12528.0
745.0	12531.0
746.0	12023.0
747.0	12154.0
748.0	12346.0
749.0	12395.0
750.0	12186.0
751.0	12116.0
752.0	12228.0
753.0	12425.0
754.0	12388.0
755.0	12203.0
756.0	12311.0
757.0	12069.0
758.0	12069.0
759.0	12613.0
760.0	12446.0
761.0	12275.0
762.0	12039.0
763.0	12660.0
764.0	12121.0
765.0	11781.0
766.0	12431.0
767.0	12636.0
768.0	12205.0
769.0	12158.0
770.0	11867.0
771.0	12464.0
772.0	12659.0
773.0	12149.0
774.0	12364.0
775.0	12197.0
776.0	11808.0
777.0	12402.0
778.0	11985.0
779.0	12683.0
780.0	11956.0
781.0	12693.0
782.0	12265.0
783.0	12560.0
784.0	11903.0
785.0	12001.0
786.0	12153.0
787.0	12181.0
788.0	11862.0
789.0	11945.0
790.0	12429.0
791.0	11886.0
792.0	12032.0
793.0	11964.0
794.0	12395.0
795.0	11942.0
796.0	12233.0
797.0	12077.0
798.0	11867.0
799.0	12154.0
800.0	12371.0
