$itime = 500
$wv_start = 190.0
$hv = 1000
$grating = 2 1200 g/mm BLZ= 500  nm
$x_amps = 10
$x_volts = 45
$sample = DB2339
$date = 2023-07-04
$temp = 242.0
$wv_stop = 800.0
$time = 12:01:27.564000
$wv_step = 1.0
190.0	12494.0
191.0	12457.0
192.0	12641.0
193.0	12576.0
194.0	12283.0
195.0	12408.0
196.0	11692.0
197.0	12036.0
198.0	12058.0
199.0	12321.0
200.0	11803.0
201.0	12265.0
202.0	12319.0
203.0	12667.0
204.0	12186.0
205.0	12408.0
206.0	12507.0
207.0	12170.0
208.0	11884.0
209.0	12708.0
210.0	12339.0
211.0	12444.0
212.0	12346.0
213.0	12401.0
214.0	12034.0
215.0	12787.0
216.0	12153.0
217.0	12590.0
218.0	12011.0
219.0	11954.0
220.0	12107.0
221.0	12177.0
222.0	12446.0
223.0	12374.0
224.0	12394.0
225.0	12183.0
226.0	11989.0
227.0	12443.0
228.0	11918.0
229.0	12523.0
230.0	12130.0
231.0	12396.0
232.0	11991.0
233.0	12377.0
234.0	12136.0
235.0	12190.0
236.0	12239.0
237.0	12256.0
238.0	12528.0
239.0	12457.0
240.0	12457.0
241.0	12742.0
242.0	12199.0
243.0	12303.0
244.0	12555.0
245.0	12389.0
246.0	12453.0
247.0	12282.0
248.0	12446.0
249.0	12034.0
250.0	12138.0
251.0	12409.0
252.0	12499.0
253.0	12435.0
254.0	12332.0
255.0	12100.0
256.0	12243.0
257.0	12284.0
258.0	12454.0
259.0	12324.0
260.0	12682.0
261.0	12701.0
262.0	12611.0
263.0	12884.0
264.0	12296.0
265.0	12623.0
266.0	12287.0
267.0	12139.0
268.0	12703.0
269.0	12356.0
270.0	12307.0
271.0	12188.0
272.0	12440.0
273.0	12437.0
274.0	12347.0
275.0	13147.0
276.0	12617.0
277.0	12479.0
278.0	12628.0
279.0	12502.0
280.0	12408.0
281.0	12185.0
282.0	12099.0
283.0	12644.0
284.0	12463.0
285.0	12311.0
286.0	12511.0
287.0	12556.0
288.0	12540.0
289.0	12636.0
290.0	12237.0
291.0	12436.0
292.0	12487.0
293.0	12875.0
294.0	12409.0
295.0	12395.0
296.0	12281.0
297.0	12631.0
298.0	12077.0
299.0	12576.0
300.0	12325.0
301.0	12179.0
302.0	12494.0
303.0	12576.0
304.0	12850.0
305.0	12345.0
306.0	12162.0
307.0	12007.0
308.0	12741.0
309.0	12255.0
310.0	12824.0
311.0	12065.0
312.0	12587.0
313.0	12084.0
314.0	12272.0
315.0	12540.0
316.0	12346.0
317.0	12315.0
318.0	12573.0
319.0	12802.0
320.0	11881.0
321.0	12558.0
322.0	12660.0
323.0	12675.0
324.0	12583.0
325.0	12729.0
326.0	12307.0
327.0	12369.0
328.0	12463.0
329.0	12488.0
330.0	12200.0
331.0	12336.0
332.0	12373.0
333.0	12798.0
334.0	12133.0
335.0	12402.0
336.0	12036.0
337.0	12605.0
338.0	12682.0
339.0	12365.0
340.0	12793.0
341.0	12545.0
342.0	12981.0
343.0	12809.0
344.0	12754.0
345.0	12182.0
346.0	11468.0
347.0	12590.0
348.0	12862.0
349.0	12381.0
350.0	11988.0
351.0	12320.0
352.0	12428.0
353.0	12559.0
354.0	12119.0
355.0	12803.0
356.0	12278.0
357.0	11528.0
358.0	12256.0
359.0	12052.0
360.0	11998.0
361.0	12294.0
362.0	12703.0
363.0	12405.0
364.0	12132.0
365.0	12034.0
366.0	12236.0
367.0	12402.0
368.0	12158.0
369.0	11987.0
370.0	12385.0
371.0	13090.0
372.0	12560.0
373.0	12365.0
374.0	12401.0
375.0	12490.0
376.0	12420.0
377.0	12248.0
378.0	12065.0
379.0	11987.0
380.0	11969.0
381.0	12499.0
382.0	12439.0
383.0	12509.0
384.0	12624.0
385.0	12111.0
386.0	12510.0
387.0	12419.0
388.0	11874.0
389.0	12401.0
390.0	12290.0
391.0	12468.0
392.0	12248.0
393.0	12357.0
394.0	12657.0
395.0	12743.0
396.0	12898.0
397.0	12758.0
398.0	12509.0
399.0	12452.0
400.0	12294.0
401.0	12919.0
402.0	13049.0
403.0	12539.0
404.0	12049.0
405.0	12746.0
406.0	12273.0
407.0	12481.0
408.0	12212.0
409.0	12070.0
410.0	12536.0
411.0	12480.0
412.0	12181.0
413.0	12875.0
414.0	12506.0
415.0	12939.0
416.0	12352.0
417.0	12590.0
418.0	12408.0
419.0	11923.0
420.0	13063.0
421.0	11927.0
422.0	12191.0
423.0	12441.0
424.0	12381.0
425.0	12495.0
426.0	12058.0
427.0	12036.0
428.0	12565.0
429.0	11681.0
430.0	12094.0
431.0	12398.0
432.0	12237.0
433.0	12528.0
434.0	12233.0
435.0	12289.0
436.0	11831.0
437.0	12912.0
438.0	12714.0
439.0	12787.0
440.0	12117.0
441.0	12548.0
442.0	12737.0
443.0	12617.0
444.0	12347.0
445.0	12877.0
446.0	12877.0
447.0	12325.0
448.0	12159.0
449.0	12347.0
450.0	12364.0
451.0	12069.0
452.0	12364.0
453.0	12390.0
454.0	12159.0
455.0	12643.0
456.0	12034.0
457.0	12101.0
458.0	12622.0
459.0	11984.0
460.0	12350.0
461.0	12508.0
462.0	12141.0
463.0	12316.0
464.0	12050.0
465.0	12305.0
466.0	12243.0
467.0	12200.0
468.0	12047.0
469.0	12524.0
470.0	12095.0
471.0	12548.0
472.0	12347.0
473.0	11958.0
474.0	12221.0
475.0	12515.0
476.0	12294.0
477.0	12382.0
478.0	12776.0
479.0	12631.0
480.0	12877.0
481.0	12758.0
482.0	12419.0
483.0	12602.0
484.0	12237.0
485.0	12708.0
486.0	12741.0
487.0	12342.0
488.0	12153.0
489.0	12729.0
490.0	12295.0
491.0	12740.0
492.0	13017.0
493.0	12381.0
494.0	12185.0
495.0	12295.0
496.0	12211.0
497.0	12453.0
498.0	12538.0
499.0	12546.0
500.0	12386.0
501.0	12467.0
502.0	12291.0
503.0	12674.0
504.0	12645.0
505.0	12835.0
506.0	12778.0
507.0	12451.0
508.0	12576.0
509.0	13021.0
510.0	12544.0
511.0	12448.0
512.0	12935.0
513.0	12110.0
514.0	12875.0
515.0	12127.0
516.0	12553.0
517.0	12733.0
518.0	12181.0
519.0	11689.0
520.0	12217.0
521.0	13226.0
522.0	12723.0
523.0	12479.0
524.0	11861.0
525.0	12224.0
526.0	12233.0
527.0	12421.0
528.0	12323.0
529.0	11884.0
530.0	12616.0
531.0	12496.0
532.0	12486.0
533.0	12748.0
534.0	12319.0
535.0	12348.0
536.0	12524.0
537.0	12211.0
538.0	12080.0
539.0	12463.0
540.0	12576.0
541.0	12795.0
542.0	12835.0
543.0	11985.0
544.0	12526.0
545.0	12041.0
546.0	12259.0
547.0	12749.0
548.0	11997.0
549.0	12133.0
550.0	13208.0
551.0	12712.0
552.0	12395.0
553.0	12251.0
554.0	12790.0
555.0	12401.0
556.0	12572.0
557.0	12339.0
558.0	12964.0
559.0	12809.0
560.0	12509.0
561.0	12656.0
562.0	12437.0
563.0	12286.0
564.0	13029.0
565.0	12975.0
566.0	12152.0
567.0	12045.0
568.0	12831.0
569.0	12485.0
570.0	12702.0
571.0	12685.0
572.0	12902.0
573.0	12509.0
574.0	12482.0
575.0	12676.0
576.0	12960.0
577.0	11972.0
578.0	12408.0
579.0	12586.0
580.0	12173.0
581.0	12418.0
582.0	12340.0
583.0	12545.0
584.0	12389.0
585.0	12661.0
586.0	12500.0
587.0	12597.0
588.0	12294.0
589.0	12286.0
590.0	12353.0
591.0	11929.0
592.0	12747.0
593.0	12742.0
594.0	12211.0
595.0	12528.0
596.0	12233.0
597.0	11958.0
598.0	12395.0
599.0	12259.0
600.0	12452.0
601.0	12325.0
602.0	12246.0
603.0	12446.0
604.0	12913.0
605.0	12847.0
606.0	12471.0
607.0	12678.0
608.0	12388.0
609.0	12861.0
610.0	12373.0
611.0	12185.0
612.0	12347.0
613.0	12361.0
614.0	12194.0
615.0	11996.0
616.0	12634.0
617.0	12113.0
618.0	12072.0
619.0	12506.0
620.0	12503.0
621.0	12835.0
622.0	12533.0
623.0	12425.0
624.0	12191.0
625.0	12892.0
626.0	12331.0
627.0	12119.0
628.0	12218.0
629.0	11931.0
630.0	12573.0
631.0	12614.0
632.0	13005.0
633.0	12343.0
634.0	12515.0
635.0	12039.0
636.0	12492.0
637.0	12993.0
638.0	12297.0
639.0	12650.0
640.0	12347.0
641.0	12769.0
642.0	12040.0
643.0	12041.0
644.0	12032.0
645.0	12324.0
646.0	12539.0
647.0	12681.0
648.0	12289.0
649.0	12284.0
650.0	11977.0
651.0	12117.0
652.0	12446.0
653.0	12522.0
654.0	12188.0
655.0	12518.0
656.0	12283.0
657.0	12434.0
658.0	12114.0
659.0	12057.0
660.0	12080.0
661.0	12809.0
662.0	12692.0
663.0	12864.0
664.0	11670.0
665.0	12285.0
666.0	11894.0
667.0	12314.0
668.0	12082.0
669.0	12501.0
670.0	12111.0
671.0	12816.0
672.0	12523.0
673.0	12403.0
674.0	12488.0
675.0	12722.0
676.0	12059.0
677.0	11965.0
678.0	12126.0
679.0	12528.0
680.0	12360.0
681.0	12420.0
682.0	12332.0
683.0	12316.0
684.0	12583.0
685.0	12167.0
686.0	12702.0
687.0	12152.0
688.0	12627.0
689.0	12499.0
690.0	12272.0
691.0	12268.0
692.0	12622.0
693.0	12746.0
694.0	12995.0
695.0	11976.0
696.0	12293.0
697.0	12488.0
698.0	12271.0
699.0	12104.0
700.0	12783.0
701.0	12769.0
702.0	12761.0
703.0	12824.0
704.0	12613.0
705.0	12397.0
706.0	12643.0
707.0	12347.0
708.0	12307.0
709.0	12874.0
710.0	12410.0
711.0	12268.0
712.0	12393.0
713.0	12139.0
714.0	12525.0
715.0	12620.0
716.0	12337.0
717.0	12732.0
718.0	12732.0
719.0	12302.0
720.0	12394.0
721.0	12459.0
722.0	12586.0
723.0	11880.0
724.0	12487.0
725.0	11934.0
726.0	12467.0
727.0	12332.0
728.0	12428.0
729.0	12139.0
730.0	12338.0
731.0	12283.0
732.0	12802.0
733.0	12667.0
734.0	12361.0
735.0	12059.0
736.0	12398.0
737.0	12537.0
738.0	12867.0
739.0	12831.0
740.0	12600.0
741.0	12566.0
742.0	12293.0
743.0	12255.0
744.0	12870.0
745.0	12159.0
746.0	12634.0
747.0	12306.0
748.0	12069.0
749.0	12773.0
750.0	12769.0
751.0	12178.0
752.0	12333.0
753.0	12528.0
754.0	12514.0
755.0	12030.0
756.0	12135.0
757.0	12424.0
758.0	12689.0
759.0	11867.0
760.0	12431.0
761.0	12206.0
762.0	12455.0
763.0	12228.0
764.0	13025.0
765.0	12335.0
766.0	12761.0
767.0	12473.0
768.0	12565.0
769.0	12804.0
770.0	12381.0
771.0	12872.0
772.0	12154.0
773.0	12149.0
774.0	12187.0
775.0	12503.0
776.0	12175.0
777.0	12566.0
778.0	12060.0
779.0	12760.0
780.0	12589.0
781.0	12393.0
782.0	12363.0
783.0	12164.0
784.0	11990.0
785.0	12761.0
786.0	12510.0
787.0	12470.0
788.0	12299.0
789.0	11981.0
790.0	12282.0
791.0	11976.0
792.0	12544.0
793.0	12430.0
794.0	12175.0
795.0	12402.0
796.0	11889.0
797.0	12171.0
798.0	12296.0
799.0	12030.0
800.0	12594.0
