$itime = 500
$wv_start = 190.0
$hv = 1000
$grating = 2 1200 g/mm BLZ= 500  nm
$x_amps = 10
$x_volts = 45
$sample = DB2339
$date = 2023-07-04
$temp = 92.0
$wv_stop = 800.0
$time = 12:01:27.564000
$wv_step = 1.0
190.0	13858.0
191.0	13955.0
192.0	13561.0
193.0	13626.0
194.0	13375.0
195.0	13451.0
196.0	13750.0
197.0	14036.0
198.0	14060.0
199.0	14031.0
200.0	13866.0
201.0	13312.0
202.0	13788.0
203.0	13770.0
204.0	13693.0
205.0	13558.0
206.0	13864.0
207.0	13802.0
208.0	13724.0
209.0	13917.0
210.0	14336.0
211.0	14147.0
212.0	13173.0
213.0	14491.0
214.0	13726.0
215.0	13535.0
216.0	13653.0
217.0	13832.0
218.0	14012.0
219.0	13854.0
220.0	13857.0
221.0	13619.0
222.0	13623.0
223.0	14115.0
224.0	13433.0
225.0	13263.0
226.0	13887.0
227.0	14062.0
228.0	13779.0
229.0	13963.0
230.0	13882.0
231.0	13792.0
232.0	13910.0
233.0	13745.0
234.0	13372.0
235.0	14214.0
236.0	13491.0
237.0	13565.0
238.0	13875.0
239.0	13903.0
240.0	13750.0
241.0	14020.0
242.0	13411.0
243.0	13743.0
244.0	13655.0
245.0	13724.0
246.0	13867.0
247.0	13623.0
248.0	14151.0
249.0	13621.0
250.0	13972.0
251.0	14297.0
252.0	13900.0
253.0	14021.0
254.0	13808.0
255.0	13985.0
256.0	14046.0
257.0	13346.0
258.0	14305.0
259.0	13933.0
260.0	13836.0
261.0	13969.0
262.0	13646.0
263.0	14016.0
264.0	13600.0
265.0	13436.0
266.0	13498.0
267.0	14455.0
268.0	13830.0
269.0	13715.0
270.0	13743.0
271.0	13724.0
272.0	13835.0
273.0	13674.0
274.0	13993.0
275.0	14308.0
276.0	14041.0
277.0	13985.0
278.0	13788.0
279.0	13640.0
280.0	13928.0
281.0	13937.0
282.0	13622.0
283.0	14229.0
284.0	13766.0
285.0	13883.0
286.0	14085.0
287.0	14049.0
288.0	13780.0
289.0	13518.0
290.0	13930.0
291.0	13489.0
292.0	13812.0
293.0	13827.0
294.0	13993.0
295.0	13688.0
296.0	13879.0
297.0	13777.0
298.0	14010.0
299.0	13941.0
300.0	14234.0
301.0	14008.0
302.0	13793.0
303.0	13837.0
304.0	13655.0
305.0	13716.0
306.0	14050.0
307.0	14428.0
308.0	14161.0
309.0	13950.0
310.0	13674.0
311.0	13523.0
312.0	13528.0
313.0	13807.0
314.0	14086.0
315.0	14249.0
316.0	14563.0
317.0	13695.0
318.0	13779.0
319.0	13917.0
320.0	14021.0
321.0	13766.0
322.0	13955.0
323.0	13716.0
324.0	13708.0
325.0	13875.0
326.0	14163.0
327.0	14049.0
328.0	13529.0
329.0	14342.0
330.0	14253.0
331.0	13538.0
332.0	13477.0
333.0	13531.0
334.0	13930.0
335.0	13875.0
336.0	13430.0
337.0	13654.0
338.0	13866.0
339.0	13446.0
340.0	13710.0
341.0	13770.0
342.0	13921.0
343.0	13714.0
344.0	12874.0
345.0	13906.0
346.0	13999.0
347.0	13329.0
348.0	13686.0
349.0	13908.0
350.0	13478.0
351.0	14088.0
352.0	13982.0
353.0	13524.0
354.0	14051.0
355.0	14390.0
356.0	13808.0
357.0	13653.0
358.0	14218.0
359.0	14340.0
360.0	13707.0
361.0	13116.0
362.0	13899.0
363.0	13770.0
364.0	14156.0
365.0	13564.0
366.0	13484.0
367.0	13794.0
368.0	13619.0
369.0	14093.0
370.0	14232.0
371.0	14358.0
372.0	14477.0
373.0	13526.0
374.0	13709.0
375.0	13659.0
376.0	14380.0
377.0	14000.0
378.0	13875.0
379.0	13864.0
380.0	13872.0
381.0	13908.0
382.0	13814.0
383.0	13527.0
384.0	14123.0
385.0	13856.0
386.0	13791.0
387.0	13791.0
388.0	13644.0
389.0	13294.0
390.0	13810.0
391.0	13473.0
392.0	13796.0
393.0	13491.0
394.0	13860.0
395.0	13513.0
396.0	13744.0
397.0	14198.0
398.0	14041.0
399.0	14526.0
400.0	13718.0
401.0	13642.0
402.0	14390.0
403.0	13792.0
404.0	13893.0
405.0	13605.0
406.0	14132.0
407.0	13704.0
408.0	14003.0
409.0	13428.0
410.0	13993.0
411.0	14148.0
412.0	13655.0
413.0	14501.0
414.0	14260.0
415.0	13772.0
416.0	13475.0
417.0	13866.0
418.0	13806.0
419.0	13722.0
420.0	13563.0
421.0	13648.0
422.0	13992.0
423.0	13844.0
424.0	13613.0
425.0	14578.0
426.0	13162.0
427.0	14297.0
428.0	14320.0
429.0	14050.0
430.0	14092.0
431.0	13785.0
432.0	13053.0
433.0	14118.0
434.0	13543.0
435.0	13822.0
436.0	14168.0
437.0	13995.0
438.0	14452.0
439.0	13576.0
440.0	13863.0
441.0	13205.0
442.0	14127.0
443.0	13575.0
444.0	13812.0
445.0	14037.0
446.0	13828.0
447.0	13649.0
448.0	14325.0
449.0	13558.0
450.0	14302.0
451.0	13972.0
452.0	14021.0
453.0	13693.0
454.0	13589.0
455.0	14076.0
456.0	14008.0
457.0	13851.0
458.0	13579.0
459.0	13619.0
460.0	13884.0
461.0	13743.0
462.0	14693.0
463.0	14474.0
464.0	13958.0
465.0	14179.0
466.0	13496.0
467.0	14155.0
468.0	13996.0
469.0	13867.0
470.0	13770.0
471.0	13961.0
472.0	14274.0
473.0	13934.0
474.0	13914.0
475.0	14302.0
476.0	14030.0
477.0	14053.0
478.0	13895.0
479.0	14621.0
480.0	14753.0
481.0	14215.0
482.0	13840.0
483.0	14095.0
484.0	13738.0
485.0	14468.0
486.0	14311.0
487.0	14075.0
488.0	14123.0
489.0	13738.0
490.0	13693.0
491.0	13977.0
492.0	14185.0
493.0	13930.0
494.0	14761.0
495.0	14193.0
496.0	14096.0
497.0	14149.0
498.0	13685.0
499.0	14093.0
500.0	14125.0
501.0	13958.0
502.0	14044.0
503.0	14331.0
504.0	14651.0
505.0	14515.0
506.0	13925.0
507.0	14303.0
508.0	14326.0
509.0	14191.0
510.0	13810.0
511.0	14489.0
512.0	14611.0
513.0	14355.0
514.0	14784.0
515.0	14036.0
516.0	14047.0
517.0	14290.0
518.0	14413.0
519.0	13928.0
520.0	13817.0
521.0	14489.0
522.0	13872.0
523.0	14275.0
524.0	14129.0
525.0	14442.0
526.0	14456.0
527.0	14168.0
528.0	14156.0
529.0	14506.0
530.0	14434.0
531.0	14027.0
532.0	14445.0
533.0	14027.0
534.0	14125.0
535.0	14202.0
536.0	13702.0
537.0	14664.0
538.0	13515.0
539.0	14215.0
540.0	13655.0
541.0	14205.0
542.0	13761.0
543.0	14408.0
544.0	13674.0
545.0	14518.0
546.0	14377.0
547.0	13895.0
548.0	14162.0
549.0	13976.0
550.0	14131.0
551.0	14060.0
552.0	13386.0
553.0	14191.0
554.0	14094.0
555.0	13686.0
556.0	14789.0
557.0	13999.0
558.0	13822.0
559.0	13949.0
560.0	14101.0
561.0	13970.0
562.0	14014.0
563.0	14204.0
564.0	14393.0
565.0	13854.0
566.0	13974.0
567.0	14535.0
568.0	14166.0
569.0	14206.0
570.0	14241.0
571.0	14355.0
572.0	13830.0
573.0	13543.0
574.0	13824.0
575.0	13743.0
576.0	14098.0
577.0	14156.0
578.0	14317.0
579.0	13728.0
580.0	14163.0
581.0	14397.0
582.0	13792.0
583.0	13407.0
584.0	13706.0
585.0	13661.0
586.0	13875.0
587.0	14016.0
588.0	14727.0
589.0	14077.0
590.0	14289.0
591.0	14263.0
592.0	13715.0
593.0	14241.0
594.0	13635.0
595.0	14526.0
596.0	13544.0
597.0	14265.0
598.0	13248.0
599.0	14115.0
600.0	13759.0
601.0	13665.0
602.0	14103.0
603.0	13809.0
604.0	14177.0
605.0	14036.0
606.0	14164.0
607.0	13670.0
608.0	14575.0
609.0	13966.0
610.0	14243.0
611.0	14123.0
612.0	14366.0
613.0	13784.0
614.0	13624.0
615.0	13346.0
616.0	13718.0
617.0	14052.0
618.0	13795.0
619.0	14240.0
620.0	13481.0
621.0	13413.0
622.0	13928.0
623.0	13556.0
624.0	13780.0
625.0	13997.0
626.0	13999.0
627.0	13375.0
628.0	13914.0
629.0	13906.0
630.0	13965.0
631.0	14537.0
632.0	13719.0
633.0	13947.0
634.0	13753.0
635.0	13944.0
636.0	13886.0
637.0	13635.0
638.0	14115.0
639.0	13917.0
640.0	13902.0
641.0	14180.0
642.0	14192.0
643.0	14222.0
644.0	14027.0
645.0	14528.0
646.0	14156.0
647.0	13749.0
648.0	13779.0
649.0	13412.0
650.0	14151.0
651.0	13730.0
652.0	13989.0
653.0	14000.0
654.0	13840.0
655.0	13803.0
656.0	13695.0
657.0	13733.0
658.0	13985.0
659.0	14103.0
660.0	13830.0
661.0	13963.0
662.0	13755.0
663.0	13839.0
664.0	14165.0
665.0	13958.0
666.0	13833.0
667.0	13954.0
668.0	13240.0
669.0	13534.0
670.0	14063.0
671.0	14244.0
672.0	13819.0
673.0	14080.0
674.0	13928.0
675.0	14458.0
676.0	14192.0
677.0	13688.0
678.0	14322.0
679.0	14328.0
680.0	13451.0
681.0	13786.0
682.0	14298.0
683.0	13693.0
684.0	13526.0
685.0	13619.0
686.0	13914.0
687.0	14133.0
688.0	13997.0
689.0	13665.0
690.0	14086.0
691.0	14196.0
692.0	13671.0
693.0	14040.0
694.0	13461.0
695.0	13504.0
696.0	13909.0
697.0	13526.0
698.0	13938.0
699.0	14098.0
700.0	13753.0
701.0	14139.0
702.0	14513.0
703.0	14217.0
704.0	14003.0
705.0	14040.0
706.0	14175.0
707.0	13954.0
708.0	14071.0
709.0	13343.0
710.0	13828.0
711.0	13957.0
712.0	13531.0
713.0	14338.0
714.0	13864.0
715.0	14035.0
716.0	13492.0
717.0	13636.0
718.0	14023.0
719.0	13655.0
720.0	13995.0
721.0	13777.0
722.0	13924.0
723.0	13991.0
724.0	14091.0
725.0	13346.0
726.0	13989.0
727.0	13878.0
728.0	13577.0
729.0	14047.0
730.0	13899.0
731.0	14021.0
732.0	13816.0
733.0	13480.0
734.0	13825.0
735.0	13655.0
736.0	14161.0
737.0	13624.0
738.0	13395.0
739.0	13850.0
740.0	14110.0
741.0	14021.0
742.0	13367.0
743.0	14114.0
744.0	13613.0
745.0	14027.0
746.0	13666.0
747.0	13806.0
748.0	14095.0
749.0	13865.0
750.0	13999.0
751.0	13619.0
752.0	14129.0
753.0	13410.0
754.0	13238.0
755.0	13745.0
756.0	13557.0
757.0	13733.0
758.0	13764.0
759.0	13397.0
760.0	14044.0
761.0	13411.0
762.0	13571.0
763.0	13431.0
764.0	13610.0
765.0	14047.0
766.0	13731.0
767.0	13917.0
768.0	13161.0
769.0	13614.0
770.0	13650.0
771.0	13380.0
772.0	14046.0
773.0	13751.0
774.0	14251.0
775.0	13976.0
776.0	14031.0
777.0	13604.0
778.0	13921.0
779.0	14245.0
780.0	13732.0
781.0	13738.0
782.0	13708.0
783.0	14024.0
784.0	14297.0
785.0	14443.0
786.0	14079.0
787.0	13739.0
788.0	13850.0
789.0	14001.0
790.0	14163.0
791.0	13094.0
792.0	14101.0
793.0	13518.0
794.0	14014.0
795.0	13674.0
796.0	13766.0
797.0	13666.0
798.0	13940.0
799.0	13891.0
800.0	13699.0
