$itime = 500
$wv_start = 190.0
$hv = 1000
$grating = 2 1200 g/mm BLZ= 500  nm
$x_amps = 10
$x_volts = 45
$sample = DB2339
$date = 2023-07-04
$temp = 72.0
$wv_stop = 800.0
$time = 12:01:27.564000
$wv_step = 1.0
190.0	13872.0
191.0	13546.0
192.0	13803.0
193.0	14089.0
194.0	13975.0
195.0	14249.0
196.0	14149.0
197.0	13990.0
198.0	13994.0
199.0	14338.0
200.0	14163.0
201.0	14349.0
202.0	13934.0
203.0	13624.0
204.0	14227.0
205.0	14435.0
206.0	13715.0
207.0	14272.0
208.0	13329.0
209.0	14176.0
210.0	13211.0
211.0	13404.0
212.0	13722.0
213.0	14285.0
214.0	14148.0
215.0	13598.0
216.0	14241.0
217.0	13985.0
218.0	14417.0
219.0	13710.0
220.0	13999.0
221.0	13946.0
222.0	13555.0
223.0	14325.0
224.0	13562.0
225.0	14333.0
226.0	13532.0
227.0	13737.0
228.0	14008.0
229.0	13453.0
230.0	14078.0
231.0	14256.0
232.0	13702.0
233.0	13810.0
234.0	14086.0
235.0	13693.0
236.0	13839.0
237.0	14359.0
238.0	14079.0
239.0	13981.0
240.0	13579.0
241.0	13839.0
242.0	13864.0
243.0	14410.0
244.0	13975.0
245.0	14410.0
246.0	13975.0
247.0	13828.0
248.0	14853.0
249.0	13708.0
250.0	13687.0
251.0	13729.0
252.0	13792.0
253.0	14565.0
254.0	13943.0
255.0	13833.0
256.0	14111.0
257.0	14046.0
258.0	14238.0
259.0	13919.0
260.0	13326.0
261.0	13916.0
262.0	14693.0
263.0	14313.0
264.0	14443.0
265.0	14216.0
266.0	14516.0
267.0	13989.0
268.0	14328.0
269.0	14235.0
270.0	13911.0
271.0	14020.0
272.0	14365.0
273.0	13937.0
274.0	14156.0
275.0	14092.0
276.0	13568.0
277.0	14099.0
278.0	14005.0
279.0	14372.0
280.0	14313.0
281.0	14179.0
282.0	14047.0
283.0	13761.0
284.0	14583.0
285.0	14308.0
286.0	13994.0
287.0	14153.0
288.0	14378.0
289.0	13773.0
290.0	14161.0
291.0	14078.0
292.0	13859.0
293.0	13966.0
294.0	14466.0
295.0	14089.0
296.0	14651.0
297.0	13899.0
298.0	13904.0
299.0	13728.0
300.0	14300.0
301.0	13552.0
302.0	14788.0
303.0	14164.0
304.0	14420.0
305.0	14603.0
306.0	14260.0
307.0	14105.0
308.0	14011.0
309.0	13691.0
310.0	14085.0
311.0	13926.0
312.0	14549.0
313.0	14326.0
314.0	13744.0
315.0	14123.0
316.0	14099.0
317.0	13952.0
318.0	14488.0
319.0	13838.0
320.0	14246.0
321.0	14556.0
322.0	14141.0
323.0	14256.0
324.0	14434.0
325.0	14035.0
326.0	14264.0
327.0	13946.0
328.0	14139.0
329.0	13954.0
330.0	13733.0
331.0	13941.0
332.0	13753.0
333.0	13532.0
334.0	14099.0
335.0	13803.0
336.0	14104.0
337.0	13730.0
338.0	13753.0
339.0	13711.0
340.0	14269.0
341.0	13958.0
342.0	13877.0
343.0	14019.0
344.0	14459.0
345.0	13723.0
346.0	13710.0
347.0	14118.0
348.0	14040.0
349.0	14047.0
350.0	13954.0
351.0	13825.0
352.0	13914.0
353.0	14260.0
354.0	14093.0
355.0	13983.0
356.0	14308.0
357.0	13938.0
358.0	14273.0
359.0	14249.0
360.0	13501.0
361.0	13996.0
362.0	14173.0
363.0	13571.0
364.0	13813.0
365.0	13875.0
366.0	14101.0
367.0	13891.0
368.0	14417.0
369.0	14006.0
370.0	14063.0
371.0	14163.0
372.0	14642.0
373.0	13919.0
374.0	14003.0
375.0	14346.0
376.0	13658.0
377.0	14390.0
378.0	14302.0
379.0	14050.0
380.0	14125.0
381.0	14189.0
382.0	14040.0
383.0	14418.0
384.0	14031.0
385.0	13509.0
386.0	13953.0
387.0	13854.0
388.0	14335.0
389.0	13937.0
390.0	14045.0
391.0	13992.0
392.0	13772.0
393.0	14234.0
394.0	14154.0
395.0	13464.0
396.0	14798.0
397.0	13876.0
398.0	14116.0
399.0	13549.0
400.0	13834.0
401.0	14435.0
402.0	13790.0
403.0	14904.0
404.0	13669.0
405.0	14239.0
406.0	13428.0
407.0	14055.0
408.0	13979.0
409.0	14471.0
410.0	13837.0
411.0	13695.0
412.0	14149.0
413.0	13905.0
414.0	13520.0
415.0	14353.0
416.0	14062.0
417.0	13843.0
418.0	13899.0
419.0	13650.0
420.0	14032.0
421.0	13396.0
422.0	13503.0
423.0	14189.0
424.0	13712.0
425.0	14046.0
426.0	14365.0
427.0	13910.0
428.0	14144.0
429.0	14011.0
430.0	13921.0
431.0	14187.0
432.0	14123.0
433.0	14579.0
434.0	14150.0
435.0	14628.0
436.0	13992.0
437.0	14031.0
438.0	14392.0
439.0	14304.0
440.0	13263.0
441.0	13623.0
442.0	14307.0
443.0	13634.0
444.0	13885.0
445.0	13985.0
446.0	14075.0
447.0	13848.0
448.0	14426.0
449.0	14169.0
450.0	14156.0
451.0	13864.0
452.0	14216.0
453.0	13739.0
454.0	14628.0
455.0	13611.0
456.0	14000.0
457.0	14169.0
458.0	13993.0
459.0	14234.0
460.0	14416.0
461.0	14475.0
462.0	14115.0
463.0	13648.0
464.0	14665.0
465.0	13984.0
466.0	14477.0
467.0	13397.0
468.0	14095.0
469.0	14110.0
470.0	14678.0
471.0	14075.0
472.0	14361.0
473.0	14340.0
474.0	14391.0
475.0	14093.0
476.0	14130.0
477.0	13977.0
478.0	14203.0
479.0	14005.0
480.0	15247.0
481.0	14565.0
482.0	14852.0
483.0	14454.0
484.0	14242.0
485.0	13765.0
486.0	13937.0
487.0	14419.0
488.0	14806.0
489.0	14289.0
490.0	13878.0
491.0	13899.0
492.0	14172.0
493.0	14630.0
494.0	14280.0
495.0	14885.0
496.0	13975.0
497.0	13945.0
498.0	14031.0
499.0	14210.0
500.0	14260.0
501.0	14317.0
502.0	14901.0
503.0	14535.0
504.0	14547.0
505.0	14150.0
506.0	14663.0
507.0	13600.0
508.0	14115.0
509.0	14794.0
510.0	13785.0
511.0	14176.0
512.0	14241.0
513.0	14565.0
514.0	14126.0
515.0	14669.0
516.0	14578.0
517.0	14255.0
518.0	14522.0
519.0	14216.0
520.0	14042.0
521.0	14555.0
522.0	14755.0
523.0	14417.0
524.0	13790.0
525.0	14791.0
526.0	13964.0
527.0	14413.0
528.0	14158.0
529.0	14229.0
530.0	14229.0
531.0	14241.0
532.0	14313.0
533.0	13985.0
534.0	14311.0
535.0	14201.0
536.0	14185.0
537.0	14144.0
538.0	14640.0
539.0	14520.0
540.0	14368.0
541.0	13669.0
542.0	14800.0
543.0	13792.0
544.0	14500.0
545.0	14029.0
546.0	14153.0
547.0	14280.0
548.0	14520.0
549.0	14564.0
550.0	13440.0
551.0	14154.0
552.0	14085.0
553.0	13753.0
554.0	13871.0
555.0	14656.0
556.0	14053.0
557.0	14032.0
558.0	14070.0
559.0	14664.0
560.0	14169.0
561.0	14046.0
562.0	14075.0
563.0	13873.0
564.0	13564.0
565.0	14625.0
566.0	13803.0
567.0	13845.0
568.0	14508.0
569.0	13899.0
570.0	14543.0
571.0	14216.0
572.0	14241.0
573.0	14419.0
574.0	14313.0
575.0	14452.0
576.0	14090.0
577.0	14499.0
578.0	14289.0
579.0	14170.0
580.0	14193.0
581.0	14602.0
582.0	14010.0
583.0	14624.0
584.0	14242.0
585.0	14326.0
586.0	13924.0
587.0	13677.0
588.0	14293.0
589.0	13800.0
590.0	14123.0
591.0	14552.0
592.0	14109.0
593.0	14109.0
594.0	14404.0
595.0	13686.0
596.0	14064.0
597.0	14403.0
598.0	14156.0
599.0	13766.0
600.0	14006.0
601.0	14248.0
602.0	13626.0
603.0	13772.0
604.0	14498.0
605.0	14277.0
606.0	13625.0
607.0	14107.0
608.0	14346.0
609.0	14236.0
610.0	14000.0
611.0	13669.0
612.0	14289.0
613.0	14586.0
614.0	14003.0
615.0	13711.0
616.0	14617.0
617.0	13622.0
618.0	14327.0
619.0	14123.0
620.0	13737.0
621.0	13621.0
622.0	14426.0
623.0	14234.0
624.0	14408.0
625.0	14325.0
626.0	14216.0
627.0	14893.0
628.0	14185.0
629.0	14462.0
630.0	14155.0
631.0	13991.0
632.0	14329.0
633.0	13700.0
634.0	14233.0
635.0	14225.0
636.0	14139.0
637.0	13728.0
638.0	13922.0
639.0	14518.0
640.0	14675.0
641.0	13950.0
642.0	14508.0
643.0	14169.0
644.0	14094.0
645.0	14161.0
646.0	14041.0
647.0	13830.0
648.0	13650.0
649.0	14171.0
650.0	13919.0
651.0	14059.0
652.0	14053.0
653.0	13897.0
654.0	14063.0
655.0	14233.0
656.0	14421.0
657.0	13883.0
658.0	13821.0
659.0	13898.0
660.0	14436.0
661.0	14268.0
662.0	13846.0
663.0	14083.0
664.0	13709.0
665.0	13772.0
666.0	14339.0
667.0	13989.0
668.0	14159.0
669.0	13814.0
670.0	14089.0
671.0	13742.0
672.0	14456.0
673.0	14098.0
674.0	13876.0
675.0	14001.0
676.0	13864.0
677.0	14156.0
678.0	13898.0
679.0	14049.0
680.0	13641.0
681.0	14074.0
682.0	14021.0
683.0	14028.0
684.0	13805.0
685.0	14205.0
686.0	14207.0
687.0	13727.0
688.0	13827.0
689.0	13895.0
690.0	13857.0
691.0	13830.0
692.0	14620.0
693.0	13742.0
694.0	14649.0
695.0	13944.0
696.0	14217.0
697.0	14010.0
698.0	14126.0
699.0	14041.0
700.0	13697.0
701.0	14206.0
702.0	13803.0
703.0	13988.0
704.0	14244.0
705.0	14128.0
706.0	14153.0
707.0	14104.0
708.0	13839.0
709.0	13702.0
710.0	14358.0
711.0	14299.0
712.0	14416.0
713.0	13873.0
714.0	13742.0
715.0	14055.0
716.0	14078.0
717.0	13868.0
718.0	13857.0
719.0	13982.0
720.0	13940.0
721.0	13775.0
722.0	13564.0
723.0	13613.0
724.0	14147.0
725.0	14324.0
726.0	14133.0
727.0	13899.0
728.0	14213.0
729.0	13793.0
730.0	14340.0
731.0	14429.0
732.0	14248.0
733.0	13965.0
734.0	14098.0
735.0	13586.0
736.0	13939.0
737.0	14120.0
738.0	14306.0
739.0	13943.0
740.0	13866.0
741.0	14568.0
742.0	14535.0
743.0	14389.0
744.0	14093.0
745.0	13774.0
746.0	14045.0
747.0	13519.0
748.0	14236.0
749.0	14244.0
750.0	14543.0
751.0	13912.0
752.0	13866.0
753.0	13370.0
754.0	13659.0
755.0	13816.0
756.0	14262.0
757.0	13530.0
758.0	14045.0
759.0	13893.0
760.0	14017.0
761.0	14401.0
762.0	13834.0
763.0	13993.0
764.0	14165.0
765.0	14907.0
766.0	14242.0
767.0	14982.0
768.0	14224.0
769.0	14648.0
770.0	14587.0
771.0	13651.0
772.0	14624.0
773.0	13371.0
774.0	14376.0
775.0	14041.0
776.0	13937.0
777.0	14405.0
778.0	13963.0
779.0	14559.0
780.0	14088.0
781.0	14513.0
782.0	14012.0
783.0	14409.0
784.0	14553.0
785.0	13930.0
786.0	13402.0
787.0	14380.0
788.0	14574.0
789.0	14370.0
790.0	14051.0
791.0	13651.0
792.0	13750.0
793.0	13830.0
794.0	13992.0
795.0	14552.0
796.0	13659.0
797.0	14176.0
798.0	13807.0
799.0	14143.0
800.0	14516.0
