$itime = 500
$wv_start = 190.0
$hv = 1000
$grating = 2 1200 g/mm BLZ= 500  nm
$x_amps = 10
$x_volts = 45
$sample = DB2339
$date = 2023-07-04
$temp = 302.0
$wv_stop = 800.0
$time = 12:01:27.564000
$wv_step = 1.0
190.0	12300.0
191.0	11713.0
192.0	11911.0
193.0	12171.0
194.0	11973.0
195.0	12209.0
196.0	11681.0
197.0	11482.0
198.0	12042.0
199.0	12286.0
200.0	12020.0
201.0	11905.0
202.0	11941.0
203.0	11557.0
204.0	12226.0
205.0	11830.0
206.0	11852.0
207.0	11858.0
208.0	11701.0
209.0	11980.0
210.0	11686.0
211.0	11821.0
212.0	11669.0
213.0	11638.0
214.0	11809.0
215.0	12026.0
216.0	11759.0
217.0	11810.0
218.0	11889.0
219.0	11874.0
220.0	11676.0
221.0	11753.0
222.0	12267.0
223.0	11504.0
224.0	11885.0
225.0	11410.0
226.0	12186.0
227.0	11850.0
228.0	12069.0
229.0	11798.0
230.0	11288.0
231.0	11891.0
232.0	12001.0
233.0	11787.0
234.0	11584.0
235.0	11521.0
236.0	12038.0
237.0	11818.0
238.0	11725.0
239.0	11990.0
240.0	11687.0
241.0	11692.0
242.0	11564.0
243.0	12266.0
244.0	12191.0
245.0	11653.0
246.0	11646.0
247.0	11909.0
248.0	12119.0
249.0	11692.0
250.0	11507.0
251.0	12101.0
252.0	11648.0
253.0	11562.0
254.0	12032.0
255.0	12077.0
256.0	12113.0
257.0	11799.0
258.0	11777.0
259.0	11760.0
260.0	11817.0
261.0	11903.0
262.0	11877.0
263.0	11512.0
264.0	11958.0
265.0	12034.0
266.0	11809.0
267.0	12281.0
268.0	11998.0
269.0	11883.0
270.0	11680.0
271.0	11803.0
272.0	12311.0
273.0	12117.0
274.0	11865.0
275.0	12121.0
276.0	12082.0
277.0	11677.0
278.0	11995.0
279.0	11770.0
280.0	11681.0
281.0	12117.0
282.0	12198.0
283.0	12145.0
284.0	11723.0
285.0	11855.0
286.0	12175.0
287.0	12413.0
288.0	11577.0
289.0	12018.0
290.0	11811.0
291.0	11601.0
292.0	11384.0
293.0	12118.0
294.0	11785.0
295.0	11949.0
296.0	11753.0
297.0	11534.0
298.0	12001.0
299.0	12094.0
300.0	11876.0
301.0	12027.0
302.0	11702.0
303.0	11728.0
304.0	11614.0
305.0	11363.0
306.0	11706.0
307.0	11668.0
308.0	11535.0
309.0	11893.0
310.0	11325.0
311.0	11532.0
312.0	11928.0
313.0	12149.0
314.0	11694.0
315.0	11984.0
316.0	11595.0
317.0	12259.0
318.0	12062.0
319.0	11930.0
320.0	12281.0
321.0	11699.0
322.0	11636.0
323.0	12135.0
324.0	11501.0
325.0	11538.0
326.0	11666.0
327.0	12417.0
328.0	11695.0
329.0	11603.0
330.0	12008.0
331.0	12190.0
332.0	11812.0
333.0	11469.0
334.0	11651.0
335.0	11857.0
336.0	11889.0
337.0	12147.0
338.0	12073.0
339.0	12142.0
340.0	12070.0
341.0	11821.0
342.0	11828.0
343.0	12244.0
344.0	11659.0
345.0	11534.0
346.0	11737.0
347.0	11283.0
348.0	12075.0
349.0	11594.0
350.0	11615.0
351.0	11810.0
352.0	11975.0
353.0	11813.0
354.0	11759.0
355.0	12364.0
356.0	12058.0
357.0	12377.0
358.0	12014.0
359.0	11309.0
360.0	11852.0
361.0	11878.0
362.0	12456.0
363.0	11592.0
364.0	11963.0
365.0	11555.0
366.0	12270.0
367.0	11788.0
368.0	11931.0
369.0	11595.0
370.0	11574.0
371.0	11803.0
372.0	12442.0
373.0	11433.0
374.0	11263.0
375.0	11944.0
376.0	11169.0
377.0	11687.0
378.0	11694.0
379.0	11992.0
380.0	11949.0
381.0	11995.0
382.0	12010.0
383.0	11746.0
384.0	11709.0
385.0	12069.0
386.0	12006.0
387.0	11544.0
388.0	11890.0
389.0	11652.0
390.0	11815.0
391.0	11988.0
392.0	12033.0
393.0	11528.0
394.0	12213.0
395.0	11822.0
396.0	11655.0
397.0	11452.0
398.0	11852.0
399.0	11877.0
400.0	11521.0
401.0	11686.0
402.0	11823.0
403.0	11893.0
404.0	12417.0
405.0	11770.0
406.0	11672.0
407.0	11744.0
408.0	11762.0
409.0	11773.0
410.0	11878.0
411.0	11583.0
412.0	11953.0
413.0	11929.0
414.0	11821.0
415.0	11861.0
416.0	11868.0
417.0	11451.0
418.0	11901.0
419.0	12258.0
420.0	11988.0
421.0	11579.0
422.0	11893.0
423.0	12016.0
424.0	11932.0
425.0	11952.0
426.0	11959.0
427.0	12207.0
428.0	11828.0
429.0	11490.0
430.0	11646.0
431.0	11576.0
432.0	11595.0
433.0	12187.0
434.0	11983.0
435.0	11884.0
436.0	11812.0
437.0	11823.0
438.0	11726.0
439.0	12108.0
440.0	11952.0
441.0	11835.0
442.0	11647.0
443.0	11990.0
444.0	11551.0
445.0	12144.0
446.0	11900.0
447.0	12158.0
448.0	11705.0
449.0	11543.0
450.0	11289.0
451.0	12376.0
452.0	11919.0
453.0	12108.0
454.0	11759.0
455.0	11695.0
456.0	12363.0
457.0	11434.0
458.0	11803.0
459.0	11987.0
460.0	11287.0
461.0	11770.0
462.0	11879.0
463.0	11985.0
464.0	12162.0
465.0	11874.0
466.0	11605.0
467.0	11832.0
468.0	11995.0
469.0	11668.0
470.0	11756.0
471.0	12035.0
472.0	11650.0
473.0	12114.0
474.0	12141.0
475.0	11501.0
476.0	12268.0
477.0	12103.0
478.0	11604.0
479.0	11512.0
480.0	12121.0
481.0	12032.0
482.0	11584.0
483.0	12010.0
484.0	12058.0
485.0	11868.0
486.0	12040.0
487.0	12001.0
488.0	11838.0
489.0	12091.0
490.0	11729.0
491.0	12051.0
492.0	12153.0
493.0	12120.0
494.0	12137.0
495.0	12029.0
496.0	11396.0
497.0	11667.0
498.0	12169.0
499.0	12234.0
500.0	12158.0
501.0	12042.0
502.0	12200.0
503.0	12005.0
504.0	11938.0
505.0	11841.0
506.0	12135.0
507.0	11949.0
508.0	11975.0
509.0	12074.0
510.0	11743.0
511.0	11588.0
512.0	11911.0
513.0	11521.0
514.0	11763.0
515.0	12241.0
516.0	12103.0
517.0	11680.0
518.0	11904.0
519.0	12154.0
520.0	12136.0
521.0	11874.0
522.0	12169.0
523.0	12119.0
524.0	12125.0
525.0	11808.0
526.0	11841.0
527.0	11876.0
528.0	12367.0
529.0	11931.0
530.0	12108.0
531.0	11446.0
532.0	12034.0
533.0	12145.0
534.0	12082.0
535.0	11801.0
536.0	11766.0
537.0	11671.0
538.0	12013.0
539.0	12145.0
540.0	11803.0
541.0	12171.0
542.0	11926.0
543.0	11638.0
544.0	12140.0
545.0	12200.0
546.0	11996.0
547.0	11799.0
548.0	11922.0
549.0	11922.0
550.0	12364.0
551.0	11728.0
552.0	11852.0
553.0	12094.0
554.0	11643.0
555.0	12304.0
556.0	11973.0
557.0	11888.0
558.0	12394.0
559.0	11947.0
560.0	11963.0
561.0	12065.0
562.0	12589.0
563.0	11652.0
564.0	12045.0
565.0	12170.0
566.0	11680.0
567.0	11761.0
568.0	12175.0
569.0	11988.0
570.0	11573.0
571.0	11949.0
572.0	11927.0
573.0	11901.0
574.0	12222.0
575.0	12104.0
576.0	12053.0
577.0	12077.0
578.0	11963.0
579.0	12108.0
580.0	11761.0
581.0	12002.0
582.0	11870.0
583.0	11991.0
584.0	12262.0
585.0	11956.0
586.0	11839.0
587.0	11985.0
588.0	11657.0
589.0	11773.0
590.0	12036.0
591.0	11649.0
592.0	12100.0
593.0	11928.0
594.0	12091.0
595.0	11559.0
596.0	12027.0
597.0	11915.0
598.0	11784.0
599.0	11842.0
600.0	11794.0
601.0	12130.0
602.0	11898.0
603.0	12079.0
604.0	11796.0
605.0	12016.0
606.0	11790.0
607.0	11446.0
608.0	12155.0
609.0	11590.0
610.0	11754.0
611.0	12043.0
612.0	11968.0
613.0	12190.0
614.0	12144.0
615.0	12149.0
616.0	11762.0
617.0	11914.0
618.0	12085.0
619.0	11750.0
620.0	12308.0
621.0	11783.0
622.0	11671.0
623.0	11820.0
624.0	11663.0
625.0	11905.0
626.0	12149.0
627.0	11862.0
628.0	13089.0
629.0	12265.0
630.0	11670.0
631.0	12073.0
632.0	11783.0
633.0	11812.0
634.0	12230.0
635.0	11748.0
636.0	12060.0
637.0	11820.0
638.0	11928.0
639.0	11730.0
640.0	11760.0
641.0	12269.0
642.0	11497.0
643.0	12156.0
644.0	12167.0
645.0	11900.0
646.0	11993.0
647.0	12092.0
648.0	11815.0
649.0	12270.0
650.0	11759.0
651.0	11649.0
652.0	12110.0
653.0	11705.0
654.0	11702.0
655.0	12520.0
656.0	11708.0
657.0	11736.0
658.0	11721.0
659.0	12210.0
660.0	11274.0
661.0	11669.0
662.0	11928.0
663.0	11870.0
664.0	11800.0
665.0	12077.0
666.0	12008.0
667.0	12090.0
668.0	11542.0
669.0	11559.0
670.0	11574.0
671.0	11847.0
672.0	11859.0
673.0	11893.0
674.0	12073.0
675.0	12126.0
676.0	12404.0
677.0	11794.0
678.0	11963.0
679.0	12392.0
680.0	11673.0
681.0	11688.0
682.0	11702.0
683.0	11973.0
684.0	12040.0
685.0	11950.0
686.0	11334.0
687.0	11826.0
688.0	11575.0
689.0	12178.0
690.0	11677.0
691.0	11712.0
692.0	12271.0
693.0	11606.0
694.0	11759.0
695.0	12157.0
696.0	11944.0
697.0	11723.0
698.0	12122.0
699.0	12116.0
700.0	11821.0
701.0	11363.0
702.0	11732.0
703.0	11788.0
704.0	11771.0
705.0	12036.0
706.0	11845.0
707.0	11917.0
708.0	12162.0
709.0	11503.0
710.0	11680.0
711.0	11834.0
712.0	12741.0
713.0	12012.0
714.0	11702.0
715.0	12482.0
716.0	11940.0
717.0	11681.0
718.0	11680.0
719.0	11966.0
720.0	11726.0
721.0	11828.0
722.0	11702.0
723.0	11202.0
724.0	11850.0
725.0	11715.0
726.0	12050.0
727.0	12162.0
728.0	11835.0
729.0	12007.0
730.0	12565.0
731.0	12416.0
732.0	11832.0
733.0	12094.0
734.0	11835.0
735.0	11986.0
736.0	12008.0
737.0	11963.0
738.0	12169.0
739.0	12620.0
740.0	11928.0
741.0	12284.0
742.0	11657.0
743.0	11666.0
744.0	12079.0
745.0	11963.0
746.0	12272.0
747.0	11734.0
748.0	11524.0
749.0	11490.0
750.0	11958.0
751.0	12242.0
752.0	11718.0
753.0	11581.0
754.0	12098.0
755.0	11797.0
756.0	11399.0
757.0	11590.0
758.0	12014.0
759.0	12001.0
760.0	11581.0
761.0	11784.0
762.0	11972.0
763.0	12267.0
764.0	11377.0
765.0	12164.0
766.0	11659.0
767.0	11716.0
768.0	11576.0
769.0	12241.0
770.0	11982.0
771.0	12096.0
772.0	11852.0
773.0	11689.0
774.0	11958.0
775.0	11799.0
776.0	11952.0
777.0	11992.0
778.0	12170.0
779.0	11799.0
780.0	12082.0
781.0	11598.0
782.0	11759.0
783.0	12007.0
784.0	12166.0
785.0	12159.0
786.0	12226.0
787.0	11653.0
788.0	12029.0
789.0	12009.0
790.0	12131.0
791.0	11867.0
792.0	11521.0
793.0	12153.0
794.0	12281.0
795.0	12105.0
796.0	12266.0
797.0	11689.0
798.0	11898.0
799.0	12061.0
800.0	11884.0
