$itime = 500
$wv_start = 190.0
$hv = 1000
$grating = 2 1200 g/mm BLZ= 500  nm
$x_amps = 10
$x_volts = 45
$sample = DB2339
$date = 2023-07-04
$temp = 212.0
$wv_stop = 800.0
$time = 12:01:27.564000
$wv_step = 1.0
190.0	12857.0
191.0	12267.0
192.0	12719.0
193.0	12057.0
194.0	12780.0
195.0	12530.0
196.0	13130.0
197.0	12763.0
198.0	12574.0
199.0	12542.0
200.0	12708.0
201.0	12608.0
202.0	12665.0
203.0	12012.0
204.0	12733.0
205.0	12822.0
206.0	12933.0
207.0	12832.0
208.0	13100.0
209.0	13011.0
210.0	12202.0
211.0	12882.0
212.0	12744.0
213.0	12630.0
214.0	12502.0
215.0	12837.0
216.0	12316.0
217.0	12625.0
218.0	12255.0
219.0	12399.0
220.0	12394.0
221.0	12332.0
222.0	12441.0
223.0	13038.0
224.0	12405.0
225.0	12736.0
226.0	12827.0
227.0	12962.0
228.0	12551.0
229.0	12517.0
230.0	13046.0
231.0	13374.0
232.0	12905.0
233.0	12923.0
234.0	12285.0
235.0	12490.0
236.0	12544.0
237.0	12764.0
238.0	12038.0
239.0	12381.0
240.0	12781.0
241.0	12469.0
242.0	12368.0
243.0	12437.0
244.0	12753.0
245.0	11874.0
246.0	12182.0
247.0	12253.0
248.0	12274.0
249.0	12213.0
250.0	12885.0
251.0	12408.0
252.0	11951.0
253.0	12917.0
254.0	12416.0
255.0	12547.0
256.0	12835.0
257.0	12481.0
258.0	12863.0
259.0	13056.0
260.0	12723.0
261.0	13040.0
262.0	12830.0
263.0	13132.0
264.0	12879.0
265.0	12628.0
266.0	12746.0
267.0	12727.0
268.0	12538.0
269.0	12845.0
270.0	12559.0
271.0	12904.0
272.0	12706.0
273.0	12646.0
274.0	12915.0
275.0	12407.0
276.0	12118.0
277.0	12548.0
278.0	12508.0
279.0	12824.0
280.0	12548.0
281.0	13184.0
282.0	13172.0
283.0	12848.0
284.0	12310.0
285.0	12080.0
286.0	12802.0
287.0	12754.0
288.0	12577.0
289.0	13099.0
290.0	12518.0
291.0	12650.0
292.0	13502.0
293.0	12857.0
294.0	12552.0
295.0	13150.0
296.0	12301.0
297.0	12553.0
298.0	12546.0
299.0	12681.0
300.0	11980.0
301.0	12613.0
302.0	12849.0
303.0	12843.0
304.0	12683.0
305.0	13107.0
306.0	12730.0
307.0	12370.0
308.0	12944.0
309.0	12662.0
310.0	12809.0
311.0	12793.0
312.0	13079.0
313.0	12707.0
314.0	12861.0
315.0	12566.0
316.0	12295.0
317.0	13118.0
318.0	12873.0
319.0	12899.0
320.0	12610.0
321.0	12676.0
322.0	12760.0
323.0	12323.0
324.0	13007.0
325.0	12407.0
326.0	12955.0
327.0	12982.0
328.0	13280.0
329.0	12659.0
330.0	13030.0
331.0	13007.0
332.0	12824.0
333.0	13281.0
334.0	12644.0
335.0	12613.0
336.0	12480.0
337.0	12857.0
338.0	13553.0
339.0	12806.0
340.0	12559.0
341.0	12446.0
342.0	12737.0
343.0	12495.0
344.0	12852.0
345.0	12316.0
346.0	13084.0
347.0	12552.0
348.0	12861.0
349.0	12681.0
350.0	12596.0
351.0	12549.0
352.0	12685.0
353.0	13354.0
354.0	12381.0
355.0	12296.0
356.0	12764.0
357.0	12623.0
358.0	12465.0
359.0	12735.0
360.0	13071.0
361.0	12620.0
362.0	12732.0
363.0	12939.0
364.0	12266.0
365.0	13014.0
366.0	13375.0
367.0	12550.0
368.0	12989.0
369.0	12589.0
370.0	12557.0
371.0	12260.0
372.0	12777.0
373.0	13047.0
374.0	12729.0
375.0	13004.0
376.0	12861.0
377.0	12423.0
378.0	12521.0
379.0	12503.0
380.0	13232.0
381.0	12546.0
382.0	12313.0
383.0	12978.0
384.0	12886.0
385.0	12914.0
386.0	12915.0
387.0	12555.0
388.0	12460.0
389.0	12794.0
390.0	12603.0
391.0	12373.0
392.0	12025.0
393.0	12713.0
394.0	12830.0
395.0	12521.0
396.0	12124.0
397.0	12766.0
398.0	13021.0
399.0	13017.0
400.0	12910.0
401.0	12716.0
402.0	12517.0
403.0	12497.0
404.0	12851.0
405.0	12740.0
406.0	13076.0
407.0	12826.0
408.0	12818.0
409.0	13168.0
410.0	12898.0
411.0	12540.0
412.0	12725.0
413.0	12873.0
414.0	12268.0
415.0	12989.0
416.0	12523.0
417.0	12966.0
418.0	12985.0
419.0	12581.0
420.0	12403.0
421.0	12652.0
422.0	12746.0
423.0	13144.0
424.0	12443.0
425.0	12689.0
426.0	12684.0
427.0	12339.0
428.0	12678.0
429.0	12511.0
430.0	12496.0
431.0	12507.0
432.0	12865.0
433.0	13015.0
434.0	13305.0
435.0	12771.0
436.0	12480.0
437.0	12614.0
438.0	12644.0
439.0	12516.0
440.0	12499.0
441.0	12546.0
442.0	12945.0
443.0	12748.0
444.0	12769.0
445.0	12848.0
446.0	12620.0
447.0	13071.0
448.0	12817.0
449.0	12465.0
450.0	12631.0
451.0	13157.0
452.0	12511.0
453.0	12488.0
454.0	12554.0
455.0	12989.0
456.0	12445.0
457.0	12364.0
458.0	12902.0
459.0	13071.0
460.0	12600.0
461.0	12681.0
462.0	12692.0
463.0	12668.0
464.0	12554.0
465.0	12300.0
466.0	13007.0
467.0	12533.0
468.0	12446.0
469.0	12930.0
470.0	13117.0
471.0	12587.0
472.0	12526.0
473.0	12420.0
474.0	12392.0
475.0	13037.0
476.0	12560.0
477.0	13059.0
478.0	13398.0
479.0	13188.0
480.0	13178.0
481.0	12753.0
482.0	13003.0
483.0	12880.0
484.0	12456.0
485.0	12674.0
486.0	13105.0
487.0	12950.0
488.0	12980.0
489.0	12703.0
490.0	13018.0
491.0	12798.0
492.0	13101.0
493.0	13051.0
494.0	12814.0
495.0	13082.0
496.0	12691.0
497.0	12966.0
498.0	12496.0
499.0	13281.0
500.0	12658.0
501.0	12804.0
502.0	13081.0
503.0	13733.0
504.0	12505.0
505.0	13002.0
506.0	13292.0
507.0	12927.0
508.0	12645.0
509.0	13376.0
510.0	12918.0
511.0	13023.0
512.0	13235.0
513.0	12364.0
514.0	12575.0
515.0	12640.0
516.0	12831.0
517.0	12916.0
518.0	12643.0
519.0	12645.0
520.0	13061.0
521.0	12615.0
522.0	12608.0
523.0	13002.0
524.0	13013.0
525.0	12832.0
526.0	12834.0
527.0	13411.0
528.0	12730.0
529.0	12563.0
530.0	12610.0
531.0	12852.0
532.0	12945.0
533.0	13005.0
534.0	13280.0
535.0	12685.0
536.0	12470.0
537.0	12708.0
538.0	12769.0
539.0	13054.0
540.0	12692.0
541.0	12552.0
542.0	12873.0
543.0	12944.0
544.0	12839.0
545.0	12856.0
546.0	12490.0
547.0	13187.0
548.0	13058.0
549.0	12733.0
550.0	13470.0
551.0	13036.0
552.0	13097.0
553.0	13137.0
554.0	13132.0
555.0	12644.0
556.0	12523.0
557.0	12548.0
558.0	12371.0
559.0	12600.0
560.0	13100.0
561.0	13215.0
562.0	13224.0
563.0	12878.0
564.0	12682.0
565.0	12796.0
566.0	12235.0
567.0	13495.0
568.0	13003.0
569.0	12925.0
570.0	12918.0
571.0	13068.0
572.0	12922.0
573.0	12895.0
574.0	12391.0
575.0	13346.0
576.0	12642.0
577.0	13100.0
578.0	13040.0
579.0	12657.0
580.0	12897.0
581.0	12799.0
582.0	12630.0
583.0	13113.0
584.0	12708.0
585.0	13410.0
586.0	12398.0
587.0	12888.0
588.0	12952.0
589.0	12740.0
590.0	12613.0
591.0	12752.0
592.0	12347.0
593.0	12468.0
594.0	12636.0
595.0	13047.0
596.0	12946.0
597.0	12386.0
598.0	12553.0
599.0	12918.0
600.0	12941.0
601.0	13028.0
602.0	12636.0
603.0	12742.0
604.0	12743.0
605.0	12673.0
606.0	12729.0
607.0	12590.0
608.0	13053.0
609.0	12999.0
610.0	12669.0
611.0	12988.0
612.0	12674.0
613.0	12790.0
614.0	12828.0
615.0	13342.0
616.0	12603.0
617.0	12613.0
618.0	12975.0
619.0	12653.0
620.0	12824.0
621.0	13096.0
622.0	12477.0
623.0	12789.0
624.0	12656.0
625.0	12723.0
626.0	12827.0
627.0	12315.0
628.0	12708.0
629.0	12987.0
630.0	12936.0
631.0	12799.0
632.0	12688.0
633.0	13064.0
634.0	12598.0
635.0	13286.0
636.0	13072.0
637.0	12769.0
638.0	12461.0
639.0	12698.0
640.0	12742.0
641.0	13498.0
642.0	12994.0
643.0	13076.0
644.0	12688.0
645.0	12143.0
646.0	12686.0
647.0	12599.0
648.0	12992.0
649.0	12563.0
650.0	12989.0
651.0	12923.0
652.0	12986.0
653.0	12585.0
654.0	12833.0
655.0	13140.0
656.0	12415.0
657.0	12419.0
658.0	12347.0
659.0	12446.0
660.0	12681.0
661.0	12974.0
662.0	12539.0
663.0	12314.0
664.0	13258.0
665.0	12824.0
666.0	12886.0
667.0	12770.0
668.0	12103.0
669.0	12547.0
670.0	12578.0
671.0	12436.0
672.0	13205.0
673.0	12850.0
674.0	13128.0
675.0	12386.0
676.0	12802.0
677.0	13031.0
678.0	12585.0
679.0	13136.0
680.0	12620.0
681.0	12738.0
682.0	12389.0
683.0	12242.0
684.0	13019.0
685.0	12540.0
686.0	12735.0
687.0	12862.0
688.0	12993.0
689.0	12408.0
690.0	12536.0
691.0	12284.0
692.0	12708.0
693.0	13360.0
694.0	12760.0
695.0	12667.0
696.0	12656.0
697.0	12555.0
698.0	12514.0
699.0	12791.0
700.0	12789.0
701.0	12252.0
702.0	12283.0
703.0	12857.0
704.0	12760.0
705.0	12319.0
706.0	12480.0
707.0	12477.0
708.0	12504.0
709.0	12642.0
710.0	12729.0
711.0	12929.0
712.0	12729.0
713.0	12530.0
714.0	12817.0
715.0	12358.0
716.0	12732.0
717.0	13247.0
718.0	12327.0
719.0	12157.0
720.0	12879.0
721.0	12831.0
722.0	13067.0
723.0	12474.0
724.0	12420.0
725.0	12986.0
726.0	12564.0
727.0	13230.0
728.0	12618.0
729.0	12448.0
730.0	12709.0
731.0	12729.0
732.0	12762.0
733.0	12746.0
734.0	12691.0
735.0	12508.0
736.0	13193.0
737.0	12284.0
738.0	12576.0
739.0	12879.0
740.0	12368.0
741.0	12873.0
742.0	13059.0
743.0	12681.0
744.0	12929.0
745.0	12935.0
746.0	12590.0
747.0	12824.0
748.0	12366.0
749.0	12766.0
750.0	12538.0
751.0	12495.0
752.0	12974.0
753.0	12550.0
754.0	12479.0
755.0	12358.0
756.0	12927.0
757.0	12539.0
758.0	12834.0
759.0	11975.0
760.0	13249.0
761.0	12941.0
762.0	11990.0
763.0	12655.0
764.0	13067.0
765.0	12907.0
766.0	12792.0
767.0	12758.0
768.0	12497.0
769.0	12551.0
770.0	12970.0
771.0	12317.0
772.0	12869.0
773.0	12645.0
774.0	12926.0
775.0	12453.0
776.0	12308.0
777.0	12746.0
778.0	13330.0
779.0	12732.0
780.0	13268.0
781.0	13046.0
782.0	12861.0
783.0	13141.0
784.0	12536.0
785.0	12601.0
786.0	12816.0
787.0	12254.0
788.0	12966.0
789.0	13254.0
790.0	12517.0
791.0	12705.0
792.0	12567.0
793.0	13008.0
794.0	12443.0
795.0	12441.0
796.0	13017.0
797.0	12508.0
798.0	12260.0
799.0	12149.0
800.0	12587.0
