$itime = 500
$wv_start = 190.0
$hv = 1000
$grating = 2 1200 g/mm BLZ= 500  nm
$x_amps = 10
$x_volts = 45
$sample = DB2339
$date = 2023-07-04
$temp = 121.99
$wv_stop = 800.0
$time = 12:01:27.564000
$wv_step = 1.0
190.0	13593.0
191.0	13621.0
192.0	13507.0
193.0	13684.0
194.0	13584.0
195.0	13557.0
196.0	13708.0
197.0	13575.0
198.0	13713.0
199.0	13511.0
200.0	13619.0
201.0	13116.0
202.0	13857.0
203.0	12914.0
204.0	13807.0
205.0	13704.0
206.0	13098.0
207.0	13343.0
208.0	13322.0
209.0	13803.0
210.0	14289.0
211.0	13644.0
212.0	13230.0
213.0	13442.0
214.0	13376.0
215.0	13578.0
216.0	13455.0
217.0	14103.0
218.0	13516.0
219.0	13493.0
220.0	13888.0
221.0	13490.0
222.0	13801.0
223.0	13504.0
224.0	13914.0
225.0	13586.0
226.0	13081.0
227.0	13528.0
228.0	13635.0
229.0	13898.0
230.0	13787.0
231.0	13737.0
232.0	13699.0
233.0	13955.0
234.0	13012.0
235.0	13508.0
236.0	13349.0
237.0	13843.0
238.0	13236.0
239.0	13367.0
240.0	13506.0
241.0	13021.0
242.0	13447.0
243.0	13256.0
244.0	13457.0
245.0	13309.0
246.0	13646.0
247.0	13724.0
248.0	13479.0
249.0	13400.0
250.0	13355.0
251.0	13975.0
252.0	13782.0
253.0	13493.0
254.0	13854.0
255.0	13800.0
256.0	13844.0
257.0	14161.0
258.0	13428.0
259.0	13704.0
260.0	13731.0
261.0	13523.0
262.0	13188.0
263.0	13714.0
264.0	13858.0
265.0	13363.0
266.0	13531.0
267.0	13564.0
268.0	13247.0
269.0	13635.0
270.0	13663.0
271.0	13512.0
272.0	13173.0
273.0	14013.0
274.0	13520.0
275.0	13984.0
276.0	13622.0
277.0	13119.0
278.0	13515.0
279.0	13488.0
280.0	13701.0
281.0	13735.0
282.0	14123.0
283.0	13713.0
284.0	13367.0
285.0	13512.0
286.0	13790.0
287.0	13231.0
288.0	13530.0
289.0	13457.0
290.0	14014.0
291.0	13451.0
292.0	13498.0
293.0	13996.0
294.0	13683.0
295.0	14064.0
296.0	14051.0
297.0	13573.0
298.0	13642.0
299.0	13723.0
300.0	13878.0
301.0	13603.0
302.0	13713.0
303.0	13416.0
304.0	13737.0
305.0	13598.0
306.0	14013.0
307.0	13840.0
308.0	13804.0
309.0	13480.0
310.0	13520.0
311.0	13921.0
312.0	14067.0
313.0	13840.0
314.0	13729.0
315.0	13410.0
316.0	13726.0
317.0	14410.0
318.0	13344.0
319.0	13853.0
320.0	13803.0
321.0	13575.0
322.0	13453.0
323.0	13451.0
324.0	13349.0
325.0	13794.0
326.0	13988.0
327.0	13220.0
328.0	13335.0
329.0	13617.0
330.0	14179.0
331.0	13204.0
332.0	13993.0
333.0	13388.0
334.0	13801.0
335.0	13725.0
336.0	13286.0
337.0	12974.0
338.0	12855.0
339.0	14087.0
340.0	13658.0
341.0	13925.0
342.0	13846.0
343.0	13431.0
344.0	13261.0
345.0	13194.0
346.0	13577.0
347.0	13891.0
348.0	13820.0
349.0	13622.0
350.0	13391.0
351.0	13560.0
352.0	13879.0
353.0	13327.0
354.0	13722.0
355.0	13685.0
356.0	13288.0
357.0	13487.0
358.0	13359.0
359.0	13813.0
360.0	13506.0
361.0	13398.0
362.0	13653.0
363.0	13008.0
364.0	13518.0
365.0	14000.0
366.0	14335.0
367.0	14017.0
368.0	13756.0
369.0	13528.0
370.0	13388.0
371.0	13542.0
372.0	13509.0
373.0	13741.0
374.0	13822.0
375.0	13128.0
376.0	13333.0
377.0	13546.0
378.0	14051.0
379.0	13359.0
380.0	13253.0
381.0	13978.0
382.0	13967.0
383.0	12675.0
384.0	13523.0
385.0	13345.0
386.0	13598.0
387.0	13509.0
388.0	14059.0
389.0	13439.0
390.0	13954.0
391.0	13540.0
392.0	13457.0
393.0	13251.0
394.0	13733.0
395.0	13512.0
396.0	13624.0
397.0	13433.0
398.0	14100.0
399.0	13717.0
400.0	13792.0
401.0	13914.0
402.0	13322.0
403.0	13875.0
404.0	13766.0
405.0	13579.0
406.0	13451.0
407.0	13825.0
408.0	13348.0
409.0	12888.0
410.0	13532.0
411.0	14499.0
412.0	13492.0
413.0	13051.0
414.0	13724.0
415.0	13947.0
416.0	13123.0
417.0	13737.0
418.0	13514.0
419.0	13803.0
420.0	13556.0
421.0	13961.0
422.0	13673.0
423.0	14144.0
424.0	13503.0
425.0	13913.0
426.0	13400.0
427.0	13883.0
428.0	13683.0
429.0	13923.0
430.0	13498.0
431.0	13688.0
432.0	14159.0
433.0	13655.0
434.0	13498.0
435.0	13906.0
436.0	13492.0
437.0	13655.0
438.0	13415.0
439.0	13344.0
440.0	13750.0
441.0	14000.0
442.0	12975.0
443.0	13746.0
444.0	13410.0
445.0	13772.0
446.0	13544.0
447.0	13458.0
448.0	13635.0
449.0	13621.0
450.0	13431.0
451.0	13603.0
452.0	13770.0
453.0	13803.0
454.0	14200.0
455.0	13921.0
456.0	13642.0
457.0	14090.0
458.0	14162.0
459.0	13709.0
460.0	13543.0
461.0	13773.0
462.0	13603.0
463.0	13764.0
464.0	14185.0
465.0	13819.0
466.0	14213.0
467.0	13614.0
468.0	13865.0
469.0	13788.0
470.0	14083.0
471.0	13370.0
472.0	13684.0
473.0	14027.0
474.0	13906.0
475.0	13412.0
476.0	13841.0
477.0	13633.0
478.0	13526.0
479.0	13854.0
480.0	14236.0
481.0	14031.0
482.0	14051.0
483.0	13860.0
484.0	13187.0
485.0	13623.0
486.0	13509.0
487.0	13836.0
488.0	14079.0
489.0	14186.0
490.0	13667.0
491.0	13466.0
492.0	13801.0
493.0	13773.0
494.0	14304.0
495.0	13944.0
496.0	14606.0
497.0	13091.0
498.0	13735.0
499.0	14223.0
500.0	14360.0
501.0	14173.0
502.0	13879.0
503.0	14185.0
504.0	14076.0
505.0	14090.0
506.0	13919.0
507.0	13666.0
508.0	13619.0
509.0	14151.0
510.0	14077.0
511.0	14355.0
512.0	13825.0
513.0	13907.0
514.0	13666.0
515.0	13632.0
516.0	14342.0
517.0	14498.0
518.0	13683.0
519.0	13819.0
520.0	14041.0
521.0	14075.0
522.0	13597.0
523.0	13395.0
524.0	13415.0
525.0	13560.0
526.0	14371.0
527.0	14311.0
528.0	13848.0
529.0	13753.0
530.0	14164.0
531.0	13478.0
532.0	14153.0
533.0	13928.0
534.0	13765.0
535.0	14049.0
536.0	14260.0
537.0	13586.0
538.0	13637.0
539.0	14191.0
540.0	13306.0
541.0	14123.0
542.0	14064.0
543.0	13515.0
544.0	14008.0
545.0	14452.0
546.0	13816.0
547.0	13836.0
548.0	13849.0
549.0	13742.0
550.0	13830.0
551.0	13812.0
552.0	13921.0
553.0	13200.0
554.0	13912.0
555.0	14365.0
556.0	13797.0
557.0	13547.0
558.0	14025.0
559.0	14185.0
560.0	13543.0
561.0	14426.0
562.0	13368.0
563.0	13327.0
564.0	13473.0
565.0	13557.0
566.0	13944.0
567.0	13888.0
568.0	13845.0
569.0	13817.0
570.0	13424.0
571.0	13866.0
572.0	13655.0
573.0	13482.0
574.0	14262.0
575.0	13659.0
576.0	13718.0
577.0	13629.0
578.0	13666.0
579.0	14289.0
580.0	13830.0
581.0	13263.0
582.0	14076.0
583.0	13669.0
584.0	13968.0
585.0	14027.0
586.0	13526.0
587.0	13908.0
588.0	13533.0
589.0	13364.0
590.0	13523.0
591.0	13812.0
592.0	13832.0
593.0	14032.0
594.0	13523.0
595.0	13803.0
596.0	13240.0
597.0	13779.0
598.0	13491.0
599.0	13380.0
600.0	14026.0
601.0	13837.0
602.0	13742.0
603.0	14260.0
604.0	13854.0
605.0	13661.0
606.0	13699.0
607.0	13803.0
608.0	13752.0
609.0	13708.0
610.0	13880.0
611.0	13674.0
612.0	14021.0
613.0	13983.0
614.0	13609.0
615.0	12877.0
616.0	13737.0
617.0	13612.0
618.0	13442.0
619.0	13709.0
620.0	13631.0
621.0	13742.0
622.0	13787.0
623.0	13928.0
624.0	13791.0
625.0	13718.0
626.0	13766.0
627.0	13625.0
628.0	13252.0
629.0	13896.0
630.0	13634.0
631.0	13531.0
632.0	13539.0
633.0	13912.0
634.0	13515.0
635.0	14023.0
636.0	13928.0
637.0	13907.0
638.0	13938.0
639.0	13829.0
640.0	13555.0
641.0	14525.0
642.0	13564.0
643.0	13659.0
644.0	12971.0
645.0	13998.0
646.0	13464.0
647.0	13039.0
648.0	13328.0
649.0	13326.0
650.0	13544.0
651.0	13558.0
652.0	13699.0
653.0	13802.0
654.0	13367.0
655.0	13255.0
656.0	13438.0
657.0	13492.0
658.0	13504.0
659.0	13693.0
660.0	13354.0
661.0	13644.0
662.0	13451.0
663.0	13132.0
664.0	13867.0
665.0	13636.0
666.0	13678.0
667.0	14035.0
668.0	13236.0
669.0	13440.0
670.0	14148.0
671.0	13655.0
672.0	13684.0
673.0	14468.0
674.0	13438.0
675.0	13420.0
676.0	13834.0
677.0	13764.0
678.0	13515.0
679.0	13270.0
680.0	13940.0
681.0	13930.0
682.0	13631.0
683.0	13659.0
684.0	13780.0
685.0	13440.0
686.0	13724.0
687.0	13599.0
688.0	13269.0
689.0	13546.0
690.0	13555.0
691.0	13433.0
692.0	13644.0
693.0	13625.0
694.0	13180.0
695.0	13708.0
696.0	13588.0
697.0	13480.0
698.0	14021.0
699.0	13128.0
700.0	13689.0
701.0	13155.0
702.0	13496.0
703.0	13921.0
704.0	13859.0
705.0	13181.0
706.0	13680.0
707.0	13384.0
708.0	13600.0
709.0	14098.0
710.0	14049.0
711.0	13221.0
712.0	13717.0
713.0	13438.0
714.0	13791.0
715.0	13891.0
716.0	14005.0
717.0	13395.0
718.0	13889.0
719.0	13836.0
720.0	13972.0
721.0	13795.0
722.0	13858.0
723.0	13543.0
724.0	13586.0
725.0	14040.0
726.0	13095.0
727.0	13505.0
728.0	13616.0
729.0	13431.0
730.0	13603.0
731.0	13415.0
732.0	13611.0
733.0	13822.0
734.0	13236.0
735.0	13835.0
736.0	13263.0
737.0	13239.0
738.0	13353.0
739.0	13290.0
740.0	13411.0
741.0	13577.0
742.0	14204.0
743.0	13600.0
744.0	13532.0
745.0	13662.0
746.0	13727.0
747.0	13730.0
748.0	13415.0
749.0	13512.0
750.0	13650.0
751.0	13704.0
752.0	13364.0
753.0	13940.0
754.0	13780.0
755.0	13366.0
756.0	13930.0
757.0	13058.0
758.0	13517.0
759.0	13707.0
760.0	13105.0
761.0	13780.0
762.0	13494.0
763.0	14071.0
764.0	13480.0
765.0	13938.0
766.0	13687.0
767.0	13507.0
768.0	13400.0
769.0	13561.0
770.0	13415.0
771.0	13430.0
772.0	13274.0
773.0	13587.0
774.0	13387.0
775.0	13836.0
776.0	13788.0
777.0	13512.0
778.0	13122.0
779.0	13687.0
780.0	14134.0
781.0	13381.0
782.0	14233.0
783.0	13611.0
784.0	13719.0
785.0	13781.0
786.0	13259.0
787.0	13379.0
788.0	13511.0
789.0	13346.0
790.0	12653.0
791.0	13316.0
792.0	13859.0
793.0	13330.0
794.0	13851.0
795.0	13456.0
796.0	13766.0
797.0	13836.0
798.0	13587.0
799.0	13598.0
800.0	13927.0
