$itime = 500
$wv_start = 190.0
$hv = 1000
$grating = 2 1200 g/mm BLZ= 500  nm
$x_amps = 10
$x_volts = 45
$sample = DB2339
$date = 2023-07-04
$temp = 32.0
$wv_stop = 800.0
$time = 12:01:27.564000
$wv_step = 1.0
190.0	13879.0
191.0	13664.0
192.0	14560.0
193.0	14012.0
194.0	15119.0
195.0	14272.0
196.0	13678.0
197.0	13694.0
198.0	14142.0
199.0	14429.0
200.0	13746.0
201.0	14195.0
202.0	13793.0
203.0	14098.0
204.0	14199.0
205.0	14220.0
206.0	14192.0
207.0	14000.0
208.0	14313.0
209.0	13805.0
210.0	13939.0
211.0	14519.0
212.0	14320.0
213.0	14101.0
214.0	14808.0
215.0	14569.0
216.0	14765.0
217.0	13797.0
218.0	14651.0
219.0	14110.0
220.0	14531.0
221.0	14193.0
222.0	14289.0
223.0	14309.0
224.0	14351.0
225.0	14228.0
226.0	14189.0
227.0	13780.0
228.0	14429.0
229.0	14191.0
230.0	14171.0
231.0	14611.0
232.0	14583.0
233.0	13737.0
234.0	13451.0
235.0	14004.0
236.0	14396.0
237.0	13748.0
238.0	14297.0
239.0	14316.0
240.0	14543.0
241.0	14169.0
242.0	14561.0
243.0	14313.0
244.0	14040.0
245.0	14163.0
246.0	14206.0
247.0	14682.0
248.0	14407.0
249.0	14062.0
250.0	14637.0
251.0	14133.0
252.0	14353.0
253.0	14024.0
254.0	14324.0
255.0	14273.0
256.0	14138.0
257.0	14353.0
258.0	14521.0
259.0	14417.0
260.0	14045.0
261.0	14341.0
262.0	14027.0
263.0	14353.0
264.0	14534.0
265.0	14233.0
266.0	14583.0
267.0	14176.0
268.0	14249.0
269.0	14944.0
270.0	14440.0
271.0	14494.0
272.0	14285.0
273.0	13713.0
274.0	14339.0
275.0	14336.0
276.0	14201.0
277.0	14280.0
278.0	14032.0
279.0	14524.0
280.0	14239.0
281.0	13836.0
282.0	14189.0
283.0	14159.0
284.0	14372.0
285.0	14427.0
286.0	14349.0
287.0	14010.0
288.0	14152.0
289.0	14401.0
290.0	14940.0
291.0	14529.0
292.0	14537.0
293.0	14153.0
294.0	14723.0
295.0	14819.0
296.0	14287.0
297.0	14481.0
298.0	13667.0
299.0	14460.0
300.0	13899.0
301.0	14746.0
302.0	14484.0
303.0	14113.0
304.0	14616.0
305.0	14119.0
306.0	14028.0
307.0	13991.0
308.0	14596.0
309.0	14525.0
310.0	14787.0
311.0	14163.0
312.0	14992.0
313.0	14753.0
314.0	14087.0
315.0	14241.0
316.0	13972.0
317.0	14035.0
318.0	14185.0
319.0	14526.0
320.0	14585.0
321.0	14182.0
322.0	13982.0
323.0	14410.0
324.0	14584.0
325.0	14755.0
326.0	14782.0
327.0	14115.0
328.0	14547.0
329.0	13702.0
330.0	15341.0
331.0	14687.0
332.0	14616.0
333.0	14302.0
334.0	14311.0
335.0	14005.0
336.0	14059.0
337.0	14798.0
338.0	14337.0
339.0	14138.0
340.0	14185.0
341.0	14043.0
342.0	14722.0
343.0	14501.0
344.0	14162.0
345.0	14227.0
346.0	14358.0
347.0	14339.0
348.0	14085.0
349.0	13940.0
350.0	14126.0
351.0	14443.0
352.0	13921.0
353.0	14362.0
354.0	14637.0
355.0	14215.0
356.0	14339.0
357.0	14753.0
358.0	14005.0
359.0	14494.0
360.0	14241.0
361.0	14379.0
362.0	14378.0
363.0	14349.0
364.0	14165.0
365.0	14187.0
366.0	14114.0
367.0	14452.0
368.0	14304.0
369.0	14641.0
370.0	14670.0
371.0	14062.0
372.0	14278.0
373.0	14715.0
374.0	13998.0
375.0	14431.0
376.0	14043.0
377.0	14064.0
378.0	14215.0
379.0	14477.0
380.0	14289.0
381.0	14534.0
382.0	14051.0
383.0	14235.0
384.0	13990.0
385.0	14035.0
386.0	14632.0
387.0	14023.0
388.0	13810.0
389.0	13990.0
390.0	14221.0
391.0	14359.0
392.0	14550.0
393.0	13852.0
394.0	13986.0
395.0	14076.0
396.0	14028.0
397.0	14356.0
398.0	14477.0
399.0	14820.0
400.0	14419.0
401.0	13699.0
402.0	14182.0
403.0	15010.0
404.0	14753.0
405.0	14031.0
406.0	14328.0
407.0	14410.0
408.0	14413.0
409.0	14152.0
410.0	13879.0
411.0	14416.0
412.0	15030.0
413.0	14402.0
414.0	14547.0
415.0	14559.0
416.0	14100.0
417.0	14165.0
418.0	14415.0
419.0	14681.0
420.0	14238.0
421.0	13622.0
422.0	14468.0
423.0	14088.0
424.0	14561.0
425.0	14075.0
426.0	14868.0
427.0	14267.0
428.0	14716.0
429.0	14108.0
430.0	14622.0
431.0	14669.0
432.0	14124.0
433.0	14472.0
434.0	14574.0
435.0	14185.0
436.0	14376.0
437.0	13816.0
438.0	14593.0
439.0	14275.0
440.0	14316.0
441.0	13977.0
442.0	14434.0
443.0	14470.0
444.0	14349.0
445.0	14459.0
446.0	14509.0
447.0	13906.0
448.0	14301.0
449.0	14275.0
450.0	14429.0
451.0	13907.0
452.0	14525.0
453.0	14361.0
454.0	13865.0
455.0	14358.0
456.0	14208.0
457.0	14888.0
458.0	14650.0
459.0	14228.0
460.0	14518.0
461.0	14219.0
462.0	13928.0
463.0	14125.0
464.0	15212.0
465.0	13784.0
466.0	14405.0
467.0	14755.0
468.0	14416.0
469.0	14329.0
470.0	14386.0
471.0	14207.0
472.0	14755.0
473.0	14440.0
474.0	14642.0
475.0	14587.0
476.0	14857.0
477.0	14688.0
478.0	14300.0
479.0	14712.0
480.0	14845.0
481.0	14528.0
482.0	14788.0
483.0	15005.0
484.0	14822.0
485.0	13851.0
486.0	14570.0
487.0	14808.0
488.0	14465.0
489.0	14151.0
490.0	14340.0
491.0	14735.0
492.0	14253.0
493.0	14504.0
494.0	14628.0
495.0	14355.0
496.0	14472.0
497.0	14552.0
498.0	14631.0
499.0	14481.0
500.0	14535.0
501.0	14419.0
502.0	14537.0
503.0	14618.0
504.0	14631.0
505.0	15404.0
506.0	14519.0
507.0	14364.0
508.0	14884.0
509.0	13976.0
510.0	14632.0
511.0	14628.0
512.0	14343.0
513.0	14342.0
514.0	13760.0
515.0	13994.0
516.0	14380.0
517.0	14847.0
518.0	14431.0
519.0	14271.0
520.0	14428.0
521.0	15298.0
522.0	14253.0
523.0	14595.0
524.0	14235.0
525.0	15000.0
526.0	14575.0
527.0	14662.0
528.0	14487.0
529.0	15011.0
530.0	14777.0
531.0	14262.0
532.0	14769.0
533.0	14707.0
534.0	14871.0
535.0	15150.0
536.0	14012.0
537.0	14823.0
538.0	14581.0
539.0	14677.0
540.0	14771.0
541.0	14608.0
542.0	14499.0
543.0	15106.0
544.0	14742.0
545.0	14619.0
546.0	15045.0
547.0	14362.0
548.0	13984.0
549.0	14851.0
550.0	14219.0
551.0	14823.0
552.0	14728.0
553.0	14394.0
554.0	14273.0
555.0	14581.0
556.0	14304.0
557.0	14936.0
558.0	14506.0
559.0	14797.0
560.0	14673.0
561.0	14416.0
562.0	14716.0
563.0	14846.0
564.0	14483.0
565.0	14502.0
566.0	14844.0
567.0	14763.0
568.0	14877.0
569.0	14758.0
570.0	13967.0
571.0	14953.0
572.0	14242.0
573.0	14132.0
574.0	14578.0
575.0	13875.0
576.0	14633.0
577.0	14702.0
578.0	14627.0
579.0	14558.0
580.0	14494.0
581.0	14656.0
582.0	14500.0
583.0	13833.0
584.0	14990.0
585.0	14162.0
586.0	14564.0
587.0	14570.0
588.0	14213.0
589.0	14228.0
590.0	14337.0
591.0	14333.0
592.0	14953.0
593.0	14402.0
594.0	14700.0
595.0	15031.0
596.0	14196.0
597.0	14537.0
598.0	14249.0
599.0	14388.0
600.0	15123.0
601.0	14527.0
602.0	14752.0
603.0	14555.0
604.0	14466.0
605.0	14896.0
606.0	14764.0
607.0	14466.0
608.0	14801.0
609.0	14107.0
610.0	14158.0
611.0	14802.0
612.0	14379.0
613.0	14760.0
614.0	14665.0
615.0	14203.0
616.0	14647.0
617.0	14619.0
618.0	14464.0
619.0	14460.0
620.0	14043.0
621.0	14009.0
622.0	14358.0
623.0	14180.0
624.0	14549.0
625.0	14585.0
626.0	13919.0
627.0	14576.0
628.0	13997.0
629.0	14301.0
630.0	14304.0
631.0	14534.0
632.0	14482.0
633.0	14327.0
634.0	14428.0
635.0	14170.0
636.0	14684.0
637.0	15016.0
638.0	14766.0
639.0	13809.0
640.0	14484.0
641.0	13997.0
642.0	14256.0
643.0	14123.0
644.0	14715.0
645.0	14307.0
646.0	14474.0
647.0	14255.0
648.0	14637.0
649.0	14307.0
650.0	14093.0
651.0	14197.0
652.0	14093.0
653.0	14497.0
654.0	14298.0
655.0	13630.0
656.0	14417.0
657.0	14092.0
658.0	14325.0
659.0	14731.0
660.0	14642.0
661.0	13889.0
662.0	14639.0
663.0	14125.0
664.0	14344.0
665.0	14552.0
666.0	14110.0
667.0	14457.0
668.0	14105.0
669.0	14334.0
670.0	14401.0
671.0	14224.0
672.0	14253.0
673.0	13806.0
674.0	14841.0
675.0	14474.0
676.0	14185.0
677.0	13751.0
678.0	14268.0
679.0	14289.0
680.0	14346.0
681.0	13993.0
682.0	14518.0
683.0	13993.0
684.0	14255.0
685.0	14289.0
686.0	14386.0
687.0	14461.0
688.0	14333.0
689.0	14003.0
690.0	14185.0
691.0	14335.0
692.0	14873.0
693.0	14873.0
694.0	14408.0
695.0	14041.0
696.0	14120.0
697.0	14678.0
698.0	14000.0
699.0	14099.0
700.0	13895.0
701.0	14717.0
702.0	14095.0
703.0	14316.0
704.0	13929.0
705.0	14519.0
706.0	14396.0
707.0	14231.0
708.0	14569.0
709.0	14153.0
710.0	14444.0
711.0	14328.0
712.0	14761.0
713.0	14542.0
714.0	14573.0
715.0	14141.0
716.0	14634.0
717.0	14244.0
718.0	13928.0
719.0	14182.0
720.0	14285.0
721.0	14470.0
722.0	13914.0
723.0	15264.0
724.0	14566.0
725.0	14766.0
726.0	14178.0
727.0	14880.0
728.0	13859.0
729.0	14260.0
730.0	15121.0
731.0	14512.0
732.0	13888.0
733.0	14376.0
734.0	13897.0
735.0	14259.0
736.0	14592.0
737.0	13871.0
738.0	14104.0
739.0	14582.0
740.0	13807.0
741.0	14794.0
742.0	13816.0
743.0	14464.0
744.0	14154.0
745.0	14464.0
746.0	14529.0
747.0	14644.0
748.0	14070.0
749.0	14734.0
750.0	14326.0
751.0	14071.0
752.0	14286.0
753.0	14479.0
754.0	14346.0
755.0	14882.0
756.0	14426.0
757.0	14598.0
758.0	14472.0
759.0	14365.0
760.0	14243.0
761.0	14475.0
762.0	14273.0
763.0	13901.0
764.0	14949.0
765.0	13864.0
766.0	14883.0
767.0	14477.0
768.0	14518.0
769.0	14310.0
770.0	14914.0
771.0	14524.0
772.0	14833.0
773.0	14338.0
774.0	14631.0
775.0	14227.0
776.0	14429.0
777.0	14007.0
778.0	14433.0
779.0	14499.0
780.0	14253.0
781.0	14969.0
782.0	14573.0
783.0	14683.0
784.0	14764.0
785.0	14053.0
786.0	13898.0
787.0	14383.0
788.0	14180.0
789.0	14349.0
790.0	14812.0
791.0	14537.0
792.0	14075.0
793.0	14563.0
794.0	14254.0
795.0	14741.0
796.0	13953.0
797.0	14278.0
798.0	13951.0
799.0	14270.0
800.0	14440.0
