$itime = 500
$wv_start = 190.0
$hv = 1000
$grating = 2 1200 g/mm BLZ= 500  nm
$x_amps = 10
$x_volts = 45
$sample = DB2339
$date = 2023-07-04
$temp = 62.01
$wv_stop = 800.0
$time = 12:01:27.564000
$wv_step = 1.0
190.0	14391.0
191.0	13852.0
192.0	14049.0
193.0	14029.0
194.0	13700.0
195.0	13807.0
196.0	13727.0
197.0	14496.0
198.0	14035.0
199.0	14093.0
200.0	14052.0
201.0	14019.0
202.0	14304.0
203.0	14115.0
204.0	13528.0
205.0	14222.0
206.0	14016.0
207.0	14215.0
208.0	13701.0
209.0	13779.0
210.0	14153.0
211.0	14047.0
212.0	13586.0
213.0	14153.0
214.0	14156.0
215.0	13751.0
216.0	14067.0
217.0	14202.0
218.0	13764.0
219.0	13701.0
220.0	14135.0
221.0	14529.0
222.0	14245.0
223.0	13901.0
224.0	14205.0
225.0	14001.0
226.0	13944.0
227.0	13667.0
228.0	13789.0
229.0	13669.0
230.0	14426.0
231.0	13244.0
232.0	13373.0
233.0	14120.0
234.0	14258.0
235.0	14372.0
236.0	13713.0
237.0	13792.0
238.0	14300.0
239.0	14293.0
240.0	14434.0
241.0	13912.0
242.0	14059.0
243.0	14362.0
244.0	13961.0
245.0	14079.0
246.0	13936.0
247.0	14052.0
248.0	13860.0
249.0	14299.0
250.0	14016.0
251.0	14391.0
252.0	13928.0
253.0	14152.0
254.0	14263.0
255.0	14484.0
256.0	14204.0
257.0	13749.0
258.0	14080.0
259.0	13615.0
260.0	14132.0
261.0	14098.0
262.0	13968.0
263.0	14213.0
264.0	14252.0
265.0	14456.0
266.0	14201.0
267.0	14122.0
268.0	13503.0
269.0	13860.0
270.0	13850.0
271.0	14623.0
272.0	13896.0
273.0	14262.0
274.0	14277.0
275.0	14007.0
276.0	14290.0
277.0	13834.0
278.0	13753.0
279.0	14018.0
280.0	14123.0
281.0	13723.0
282.0	14371.0
283.0	13774.0
284.0	14016.0
285.0	14688.0
286.0	14419.0
287.0	13655.0
288.0	13740.0
289.0	13843.0
290.0	15291.0
291.0	14239.0
292.0	14484.0
293.0	14683.0
294.0	14161.0
295.0	14492.0
296.0	14180.0
297.0	14196.0
298.0	13948.0
299.0	14240.0
300.0	14134.0
301.0	14563.0
302.0	14404.0
303.0	14061.0
304.0	14041.0
305.0	14124.0
306.0	14180.0
307.0	13990.0
308.0	14004.0
309.0	14297.0
310.0	14468.0
311.0	13917.0
312.0	14286.0
313.0	13928.0
314.0	14000.0
315.0	14000.0
316.0	13394.0
317.0	14340.0
318.0	13725.0
319.0	13909.0
320.0	14557.0
321.0	14047.0
322.0	14325.0
323.0	14302.0
324.0	13693.0
325.0	14443.0
326.0	14320.0
327.0	13845.0
328.0	13894.0
329.0	14468.0
330.0	13701.0
331.0	14249.0
332.0	14776.0
333.0	14535.0
334.0	14298.0
335.0	14196.0
336.0	14271.0
337.0	14341.0
338.0	13864.0
339.0	14181.0
340.0	14071.0
341.0	14302.0
342.0	13788.0
343.0	14064.0
344.0	13836.0
345.0	14195.0
346.0	14115.0
347.0	14277.0
348.0	14162.0
349.0	13947.0
350.0	13694.0
351.0	14173.0
352.0	13888.0
353.0	13864.0
354.0	14153.0
355.0	14532.0
356.0	14132.0
357.0	14088.0
358.0	13920.0
359.0	14356.0
360.0	13910.0
361.0	14286.0
362.0	14282.0
363.0	14491.0
364.0	14429.0
365.0	13852.0
366.0	14297.0
367.0	13676.0
368.0	13790.0
369.0	13855.0
370.0	14001.0
371.0	13895.0
372.0	14136.0
373.0	13528.0
374.0	13910.0
375.0	13790.0
376.0	14364.0
377.0	14181.0
378.0	13810.0
379.0	14342.0
380.0	13807.0
381.0	14611.0
382.0	13961.0
383.0	13999.0
384.0	13648.0
385.0	14051.0
386.0	13732.0
387.0	14016.0
388.0	14228.0
389.0	14220.0
390.0	14293.0
391.0	14006.0
392.0	14107.0
393.0	13751.0
394.0	14198.0
395.0	14063.0
396.0	14419.0
397.0	13905.0
398.0	14566.0
399.0	14373.0
400.0	14022.0
401.0	14201.0
402.0	13713.0
403.0	14082.0
404.0	13907.0
405.0	13822.0
406.0	13722.0
407.0	13825.0
408.0	13803.0
409.0	14096.0
410.0	13738.0
411.0	14067.0
412.0	13976.0
413.0	14166.0
414.0	13866.0
415.0	13911.0
416.0	14429.0
417.0	13720.0
418.0	13878.0
419.0	13790.0
420.0	14013.0
421.0	14668.0
422.0	14413.0
423.0	14487.0
424.0	14474.0
425.0	14501.0
426.0	13641.0
427.0	13990.0
428.0	14568.0
429.0	13792.0
430.0	13871.0
431.0	14355.0
432.0	14397.0
433.0	14439.0
434.0	14134.0
435.0	14189.0
436.0	14035.0
437.0	13970.0
438.0	14129.0
439.0	14123.0
440.0	14459.0
441.0	13582.0
442.0	14283.0
443.0	14563.0
444.0	14309.0
445.0	14187.0
446.0	14262.0
447.0	14051.0
448.0	14410.0
449.0	13903.0
450.0	13791.0
451.0	14671.0
452.0	13547.0
453.0	13902.0
454.0	14217.0
455.0	14571.0
456.0	14396.0
457.0	14236.0
458.0	14431.0
459.0	13955.0
460.0	13870.0
461.0	14231.0
462.0	14341.0
463.0	14117.0
464.0	13783.0
465.0	13994.0
466.0	14361.0
467.0	14185.0
468.0	14496.0
469.0	14361.0
470.0	14021.0
471.0	13764.0
472.0	14463.0
473.0	14297.0
474.0	13966.0
475.0	14571.0
476.0	14588.0
477.0	14062.0
478.0	13680.0
479.0	14438.0
480.0	14997.0
481.0	14937.0
482.0	14392.0
483.0	13820.0
484.0	14123.0
485.0	14240.0
486.0	13944.0
487.0	14373.0
488.0	14348.0
489.0	14745.0
490.0	14187.0
491.0	13669.0
492.0	14902.0
493.0	14229.0
494.0	14656.0
495.0	14515.0
496.0	14807.0
497.0	14061.0
498.0	13925.0
499.0	14426.0
500.0	14911.0
501.0	15018.0
502.0	15055.0
503.0	14675.0
504.0	14871.0
505.0	14318.0
506.0	14521.0
507.0	14779.0
508.0	14763.0
509.0	14289.0
510.0	14325.0
511.0	14355.0
512.0	14793.0
513.0	14344.0
514.0	13914.0
515.0	14557.0
516.0	14386.0
517.0	14178.0
518.0	14162.0
519.0	14412.0
520.0	14723.0
521.0	14196.0
522.0	13766.0
523.0	14642.0
524.0	14211.0
525.0	14316.0
526.0	13816.0
527.0	14346.0
528.0	14182.0
529.0	14153.0
530.0	14160.0
531.0	14313.0
532.0	14098.0
533.0	14204.0
534.0	14325.0
535.0	14528.0
536.0	14253.0
537.0	14563.0
538.0	14059.0
539.0	14597.0
540.0	14276.0
541.0	14456.0
542.0	14473.0
543.0	14811.0
544.0	14250.0
545.0	14620.0
546.0	14051.0
547.0	14626.0
548.0	15247.0
549.0	14409.0
550.0	14316.0
551.0	13836.0
552.0	14334.0
553.0	14578.0
554.0	14086.0
555.0	14440.0
556.0	14465.0
557.0	14471.0
558.0	13880.0
559.0	14838.0
560.0	13858.0
561.0	15077.0
562.0	14036.0
563.0	14032.0
564.0	14475.0
565.0	14159.0
566.0	14620.0
567.0	14222.0
568.0	13909.0
569.0	14134.0
570.0	14468.0
571.0	14189.0
572.0	13930.0
573.0	14344.0
574.0	14410.0
575.0	14732.0
576.0	14097.0
577.0	13810.0
578.0	14148.0
579.0	14307.0
580.0	14320.0
581.0	14225.0
582.0	14331.0
583.0	14230.0
584.0	14784.0
585.0	14385.0
586.0	14036.0
587.0	14518.0
588.0	14543.0
589.0	14552.0
590.0	13967.0
591.0	13864.0
592.0	14099.0
593.0	13669.0
594.0	14893.0
595.0	14029.0
596.0	14299.0
597.0	13917.0
598.0	13792.0
599.0	13836.0
600.0	14067.0
601.0	14016.0
602.0	14096.0
603.0	13780.0
604.0	13613.0
605.0	14078.0
606.0	14099.0
607.0	14235.0
608.0	14102.0
609.0	14650.0
610.0	14569.0
611.0	14289.0
612.0	14889.0
613.0	14035.0
614.0	14353.0
615.0	14316.0
616.0	14521.0
617.0	13816.0
618.0	14088.0
619.0	14000.0
620.0	14524.0
621.0	14494.0
622.0	14077.0
623.0	13871.0
624.0	13928.0
625.0	14359.0
626.0	14207.0
627.0	14109.0
628.0	14166.0
629.0	14356.0
630.0	14277.0
631.0	13961.0
632.0	14440.0
633.0	14351.0
634.0	14449.0
635.0	14438.0
636.0	14304.0
637.0	14204.0
638.0	13998.0
639.0	14050.0
640.0	14053.0
641.0	13930.0
642.0	14180.0
643.0	14300.0
644.0	14329.0
645.0	13895.0
646.0	14125.0
647.0	14159.0
648.0	14584.0
649.0	13840.0
650.0	14387.0
651.0	14811.0
652.0	14552.0
653.0	14289.0
654.0	13730.0
655.0	14791.0
656.0	14231.0
657.0	14155.0
658.0	14348.0
659.0	14134.0
660.0	14241.0
661.0	13067.0
662.0	13948.0
663.0	14433.0
664.0	14160.0
665.0	14665.0
666.0	14875.0
667.0	13993.0
668.0	13953.0
669.0	14474.0
670.0	14167.0
671.0	14181.0
672.0	14125.0
673.0	13724.0
674.0	14268.0
675.0	14172.0
676.0	13912.0
677.0	13862.0
678.0	14222.0
679.0	14220.0
680.0	13930.0
681.0	14316.0
682.0	13937.0
683.0	14056.0
684.0	14231.0
685.0	13835.0
686.0	14226.0
687.0	13854.0
688.0	13970.0
689.0	14506.0
690.0	13905.0
691.0	14014.0
692.0	13872.0
693.0	14337.0
694.0	13970.0
695.0	14170.0
696.0	14348.0
697.0	14156.0
698.0	13654.0
699.0	14547.0
700.0	13989.0
701.0	14402.0
702.0	14277.0
703.0	14467.0
704.0	14471.0
705.0	13999.0
706.0	13944.0
707.0	13874.0
708.0	13397.0
709.0	14016.0
710.0	14254.0
711.0	14245.0
712.0	13928.0
713.0	13961.0
714.0	14102.0
715.0	14484.0
716.0	13850.0
717.0	14318.0
718.0	13931.0
719.0	14107.0
720.0	13795.0
721.0	13598.0
722.0	14102.0
723.0	13630.0
724.0	13859.0
725.0	13987.0
726.0	14492.0
727.0	14161.0
728.0	14028.0
729.0	14316.0
730.0	13843.0
731.0	14012.0
732.0	13919.0
733.0	13399.0
734.0	14043.0
735.0	14494.0
736.0	13908.0
737.0	14302.0
738.0	13870.0
739.0	14036.0
740.0	14508.0
741.0	14117.0
742.0	14306.0
743.0	14319.0
744.0	14162.0
745.0	13945.0
746.0	13956.0
747.0	14639.0
748.0	13993.0
749.0	14206.0
750.0	14456.0
751.0	14746.0
752.0	14452.0
753.0	14268.0
754.0	14241.0
755.0	14666.0
756.0	14064.0
757.0	14472.0
758.0	13442.0
759.0	13942.0
760.0	13716.0
761.0	14005.0
762.0	14296.0
763.0	14184.0
764.0	13622.0
765.0	14325.0
766.0	14205.0
767.0	14682.0
768.0	14012.0
769.0	14297.0
770.0	15084.0
771.0	14490.0
772.0	14377.0
773.0	14067.0
774.0	13930.0
775.0	14115.0
776.0	14262.0
777.0	14712.0
778.0	14396.0
779.0	13713.0
780.0	13840.0
781.0	14470.0
782.0	13981.0
783.0	14041.0
784.0	14527.0
785.0	14216.0
786.0	13750.0
787.0	14212.0
788.0	14094.0
789.0	14360.0
790.0	13943.0
791.0	14466.0
792.0	14528.0
793.0	13696.0
794.0	14230.0
795.0	14202.0
796.0	14289.0
797.0	14497.0
798.0	13394.0
799.0	14862.0
800.0	14426.0
