$itime = 500
$wv_start = 190.0
$hv = 1000
$grating = 2 1200 g/mm BLZ= 500  nm
$x_amps = 10
$x_volts = 45
$sample = DB2339
$date = 2023-07-04
$temp = 312.0
$wv_stop = 800.0
$time = 12:01:27.564000
$wv_step = 1.0
190.0	11761.0
191.0	11759.0
192.0	11588.0
193.0	11957.0
194.0	11584.0
195.0	11765.0
196.0	12007.0
197.0	11949.0
198.0	11557.0
199.0	11584.0
200.0	11646.0
201.0	12144.0
202.0	11735.0
203.0	12116.0
204.0	12161.0
205.0	11890.0
206.0	11673.0
207.0	11236.0
208.0	11432.0
209.0	11300.0
210.0	11438.0
211.0	11829.0
212.0	11709.0
213.0	11999.0
214.0	12030.0
215.0	11718.0
216.0	11455.0
217.0	12062.0
218.0	11797.0
219.0	11981.0
220.0	11996.0
221.0	11845.0
222.0	11947.0
223.0	11984.0
224.0	11630.0
225.0	12125.0
226.0	11453.0
227.0	11188.0
228.0	11893.0
229.0	11435.0
230.0	11571.0
231.0	11957.0
232.0	11761.0
233.0	11723.0
234.0	12131.0
235.0	11653.0
236.0	11687.0
237.0	11834.0
238.0	12003.0
239.0	11476.0
240.0	11740.0
241.0	11623.0
242.0	11736.0
243.0	11581.0
244.0	11957.0
245.0	12092.0
246.0	11684.0
247.0	11603.0
248.0	11732.0
249.0	11249.0
250.0	11593.0
251.0	11763.0
252.0	12217.0
253.0	11684.0
254.0	11685.0
255.0	11740.0
256.0	11851.0
257.0	12316.0
258.0	11742.0
259.0	12068.0
260.0	11710.0
261.0	11435.0
262.0	11912.0
263.0	11825.0
264.0	11865.0
265.0	11715.0
266.0	12083.0
267.0	12246.0
268.0	11979.0
269.0	12104.0
270.0	11785.0
271.0	11880.0
272.0	12004.0
273.0	12035.0
274.0	11420.0
275.0	12249.0
276.0	12398.0
277.0	11916.0
278.0	11533.0
279.0	11490.0
280.0	11927.0
281.0	11928.0
282.0	12203.0
283.0	11774.0
284.0	11741.0
285.0	11712.0
286.0	12319.0
287.0	11973.0
288.0	12104.0
289.0	11747.0
290.0	12211.0
291.0	12051.0
292.0	11877.0
293.0	11478.0
294.0	11736.0
295.0	12011.0
296.0	11955.0
297.0	11667.0
298.0	11434.0
299.0	11656.0
300.0	12236.0
301.0	11877.0
302.0	11675.0
303.0	11736.0
304.0	11530.0
305.0	11889.0
306.0	11203.0
307.0	11824.0
308.0	12000.0
309.0	11748.0
310.0	11925.0
311.0	12023.0
312.0	12239.0
313.0	11999.0
314.0	11817.0
315.0	11491.0
316.0	11836.0
317.0	11668.0
318.0	12145.0
319.0	11642.0
320.0	11865.0
321.0	11816.0
322.0	11964.0
323.0	11718.0
324.0	11654.0
325.0	11954.0
326.0	11912.0
327.0	12434.0
328.0	11568.0
329.0	12053.0
330.0	11748.0
331.0	11828.0
332.0	11898.0
333.0	11586.0
334.0	11676.0
335.0	11505.0
336.0	11860.0
337.0	11835.0
338.0	11892.0
339.0	11954.0
340.0	11867.0
341.0	11666.0
342.0	11794.0
343.0	11883.0
344.0	11951.0
345.0	11641.0
346.0	12110.0
347.0	11638.0
348.0	11867.0
349.0	12044.0
350.0	11706.0
351.0	11850.0
352.0	11963.0
353.0	11734.0
354.0	12009.0
355.0	12041.0
356.0	11540.0
357.0	11677.0
358.0	11801.0
359.0	11777.0
360.0	11955.0
361.0	12042.0
362.0	11786.0
363.0	12236.0
364.0	12107.0
365.0	11716.0
366.0	12331.0
367.0	11727.0
368.0	11736.0
369.0	12013.0
370.0	11265.0
371.0	11631.0
372.0	11786.0
373.0	11957.0
374.0	12083.0
375.0	12209.0
376.0	11773.0
377.0	11639.0
378.0	11832.0
379.0	11852.0
380.0	11639.0
381.0	11536.0
382.0	12039.0
383.0	11806.0
384.0	11344.0
385.0	11522.0
386.0	11741.0
387.0	11707.0
388.0	11376.0
389.0	11859.0
390.0	11734.0
391.0	11697.0
392.0	11289.0
393.0	12097.0
394.0	11965.0
395.0	11653.0
396.0	11736.0
397.0	11564.0
398.0	12161.0
399.0	11617.0
400.0	12029.0
401.0	11889.0
402.0	11986.0
403.0	11963.0
404.0	12268.0
405.0	11823.0
406.0	11898.0
407.0	11777.0
408.0	11765.0
409.0	12287.0
410.0	11878.0
411.0	11311.0
412.0	11438.0
413.0	11415.0
414.0	12476.0
415.0	12070.0
416.0	12018.0
417.0	11570.0
418.0	12127.0
419.0	11711.0
420.0	12233.0
421.0	11915.0
422.0	11344.0
423.0	12040.0
424.0	12020.0
425.0	11878.0
426.0	11896.0
427.0	12212.0
428.0	11722.0
429.0	11388.0
430.0	11566.0
431.0	11950.0
432.0	11949.0
433.0	11990.0
434.0	11692.0
435.0	11579.0
436.0	11734.0
437.0	11512.0
438.0	11949.0
439.0	11572.0
440.0	11658.0
441.0	11860.0
442.0	11880.0
443.0	12144.0
444.0	11559.0
445.0	11371.0
446.0	12025.0
447.0	11750.0
448.0	11318.0
449.0	11668.0
450.0	11848.0
451.0	11734.0
452.0	11949.0
453.0	11945.0
454.0	11671.0
455.0	11667.0
456.0	11643.0
457.0	11797.0
458.0	11400.0
459.0	11705.0
460.0	12272.0
461.0	11681.0
462.0	11422.0
463.0	11502.0
464.0	11922.0
465.0	11637.0
466.0	11809.0
467.0	11993.0
468.0	12144.0
469.0	11392.0
470.0	11917.0
471.0	11442.0
472.0	12051.0
473.0	11743.0
474.0	12205.0
475.0	11803.0
476.0	11537.0
477.0	12091.0
478.0	11429.0
479.0	12207.0
480.0	11890.0
481.0	11652.0
482.0	11963.0
483.0	12021.0
484.0	11884.0
485.0	11850.0
486.0	12376.0
487.0	12121.0
488.0	11847.0
489.0	11639.0
490.0	11732.0
491.0	11102.0
492.0	12064.0
493.0	12010.0
494.0	11545.0
495.0	11882.0
496.0	12145.0
497.0	11713.0
498.0	11686.0
499.0	12258.0
500.0	11963.0
501.0	12091.0
502.0	11581.0
503.0	11898.0
504.0	11949.0
505.0	11735.0
506.0	11490.0
507.0	11977.0
508.0	11350.0
509.0	12203.0
510.0	11665.0
511.0	11421.0
512.0	11991.0
513.0	11756.0
514.0	12145.0
515.0	11823.0
516.0	11495.0
517.0	11914.0
518.0	11949.0
519.0	12103.0
520.0	12377.0
521.0	12009.0
522.0	11381.0
523.0	12065.0
524.0	11725.0
525.0	11796.0
526.0	11797.0
527.0	11883.0
528.0	11317.0
529.0	11755.0
530.0	12008.0
531.0	11462.0
532.0	11729.0
533.0	12243.0
534.0	11572.0
535.0	12333.0
536.0	11887.0
537.0	12104.0
538.0	12038.0
539.0	11927.0
540.0	12133.0
541.0	11741.0
542.0	11949.0
543.0	11927.0
544.0	12007.0
545.0	11893.0
546.0	11336.0
547.0	12297.0
548.0	11933.0
549.0	11664.0
550.0	11889.0
551.0	12107.0
552.0	11806.0
553.0	11455.0
554.0	11580.0
555.0	11450.0
556.0	12475.0
557.0	11678.0
558.0	11296.0
559.0	12193.0
560.0	11808.0
561.0	11876.0
562.0	11863.0
563.0	11949.0
564.0	12550.0
565.0	12703.0
566.0	11670.0
567.0	11807.0
568.0	11977.0
569.0	12043.0
570.0	12097.0
571.0	11730.0
572.0	11965.0
573.0	11816.0
574.0	11665.0
575.0	11803.0
576.0	11668.0
577.0	12104.0
578.0	11867.0
579.0	12029.0
580.0	11648.0
581.0	11896.0
582.0	11551.0
583.0	11803.0
584.0	11911.0
585.0	11337.0
586.0	12470.0
587.0	11861.0
588.0	11737.0
589.0	12175.0
590.0	12369.0
591.0	11972.0
592.0	11236.0
593.0	11964.0
594.0	11880.0
595.0	11942.0
596.0	11684.0
597.0	11773.0
598.0	12098.0
599.0	11663.0
600.0	12381.0
601.0	11725.0
602.0	11843.0
603.0	12154.0
604.0	11803.0
605.0	11670.0
606.0	11972.0
607.0	11973.0
608.0	12132.0
609.0	12041.0
610.0	11782.0
611.0	12186.0
612.0	11544.0
613.0	11810.0
614.0	11498.0
615.0	12063.0
616.0	11382.0
617.0	12200.0
618.0	12258.0
619.0	11517.0
620.0	11884.0
621.0	11850.0
622.0	11735.0
623.0	11858.0
624.0	11691.0
625.0	11786.0
626.0	11347.0
627.0	11737.0
628.0	11988.0
629.0	11581.0
630.0	12009.0
631.0	11787.0
632.0	11503.0
633.0	11744.0
634.0	12161.0
635.0	12103.0
636.0	11613.0
637.0	11901.0
638.0	11692.0
639.0	11991.0
640.0	11420.0
641.0	12197.0
642.0	11949.0
643.0	11844.0
644.0	12345.0
645.0	11671.0
646.0	12173.0
647.0	11656.0
648.0	11885.0
649.0	12012.0
650.0	12009.0
651.0	11803.0
652.0	11958.0
653.0	11593.0
654.0	11637.0
655.0	12155.0
656.0	11862.0
657.0	11927.0
658.0	11861.0
659.0	11597.0
660.0	11692.0
661.0	11513.0
662.0	11555.0
663.0	11972.0
664.0	11765.0
665.0	11803.0
666.0	11564.0
667.0	11958.0
668.0	11893.0
669.0	11584.0
670.0	12399.0
671.0	11865.0
672.0	11940.0
673.0	12138.0
674.0	11909.0
675.0	11958.0
676.0	12105.0
677.0	11725.0
678.0	11815.0
679.0	11272.0
680.0	11576.0
681.0	11773.0
682.0	11544.0
683.0	12339.0
684.0	11734.0
685.0	11911.0
686.0	12243.0
687.0	11796.0
688.0	12001.0
689.0	12283.0
690.0	11467.0
691.0	11590.0
692.0	11325.0
693.0	11364.0
694.0	11828.0
695.0	11813.0
696.0	11750.0
697.0	11662.0
698.0	12208.0
699.0	11626.0
700.0	11923.0
701.0	11813.0
702.0	11410.0
703.0	11400.0
704.0	11092.0
705.0	11370.0
706.0	11823.0
707.0	11363.0
708.0	11136.0
709.0	11535.0
710.0	11426.0
711.0	11666.0
712.0	12092.0
713.0	12074.0
714.0	12567.0
715.0	11805.0
716.0	11200.0
717.0	11904.0
718.0	11659.0
719.0	11862.0
720.0	12011.0
721.0	11742.0
722.0	11763.0
723.0	12122.0
724.0	11660.0
725.0	12101.0
726.0	11973.0
727.0	11209.0
728.0	11678.0
729.0	11189.0
730.0	11592.0
731.0	11632.0
732.0	12059.0
733.0	11711.0
734.0	11701.0
735.0	12173.0
736.0	11988.0
737.0	12329.0
738.0	11327.0
739.0	11878.0
740.0	11706.0
741.0	11754.0
742.0	11792.0
743.0	11503.0
744.0	12256.0
745.0	11731.0
746.0	12206.0
747.0	11670.0
748.0	12209.0
749.0	11714.0
750.0	11770.0
751.0	11612.0
752.0	11906.0
753.0	12153.0
754.0	11990.0
755.0	11996.0
756.0	12114.0
757.0	11893.0
758.0	11498.0
759.0	12045.0
760.0	11334.0
761.0	12112.0
762.0	11810.0
763.0	11861.0
764.0	12080.0
765.0	11977.0
766.0	11694.0
767.0	12037.0
768.0	11965.0
769.0	11972.0
770.0	11862.0
771.0	12149.0
772.0	12038.0
773.0	11566.0
774.0	11748.0
775.0	11473.0
776.0	11878.0
777.0	11974.0
778.0	11832.0
779.0	11960.0
780.0	11949.0
781.0	11738.0
782.0	12061.0
783.0	12223.0
784.0	11729.0
785.0	11901.0
786.0	12012.0
787.0	11386.0
788.0	12051.0
789.0	11893.0
790.0	11998.0
791.0	11813.0
792.0	11899.0
793.0	11664.0
794.0	11703.0
795.0	11691.0
796.0	11718.0
797.0	11592.0
798.0	11625.0
799.0	11823.0
800.0	11800.0
