$itime = 500
$wv_start = 190.0
$hv = 1000
$grating = 2 1200 g/mm BLZ= 500  nm
$x_amps = 10
$x_volts = 45
$sample = DB2339
$date = 2023-07-04
$temp = 322.0
$wv_stop = 800.0
$time = 12:01:27.564000
$wv_step = 1.0
190.0	11699.0
191.0	11825.0
192.0	11781.0
193.0	11364.0
194.0	12013.0
195.0	11183.0
196.0	12058.0
197.0	12155.0
198.0	12306.0
199.0	11687.0
200.0	11758.0
201.0	12059.0
202.0	11649.0
203.0	11200.0
204.0	11484.0
205.0	11524.0
206.0	11972.0
207.0	11540.0
208.0	11084.0
209.0	11855.0
210.0	11857.0
211.0	11711.0
212.0	11008.0
213.0	11925.0
214.0	11920.0
215.0	11900.0
216.0	11606.0
217.0	11637.0
218.0	11363.0
219.0	11680.0
220.0	11649.0
221.0	11721.0
222.0	11765.0
223.0	11873.0
224.0	11508.0
225.0	11667.0
226.0	11665.0
227.0	11874.0
228.0	11459.0
229.0	11708.0
230.0	11386.0
231.0	11848.0
232.0	11410.0
233.0	11858.0
234.0	12027.0
235.0	11197.0
236.0	11339.0
237.0	12131.0
238.0	11646.0
239.0	12016.0
240.0	11420.0
241.0	11399.0
242.0	11867.0
243.0	11576.0
244.0	12020.0
245.0	11802.0
246.0	11721.0
247.0	11717.0
248.0	11714.0
249.0	11677.0
250.0	11194.0
251.0	11624.0
252.0	11416.0
253.0	11732.0
254.0	11961.0
255.0	11898.0
256.0	11393.0
257.0	12036.0
258.0	12121.0
259.0	12045.0
260.0	11786.0
261.0	11841.0
262.0	11746.0
263.0	11850.0
264.0	11876.0
265.0	11865.0
266.0	12246.0
267.0	11880.0
268.0	11879.0
269.0	11963.0
270.0	11666.0
271.0	11560.0
272.0	11653.0
273.0	11482.0
274.0	11641.0
275.0	11705.0
276.0	11899.0
277.0	12274.0
278.0	11990.0
279.0	11879.0
280.0	11965.0
281.0	11759.0
282.0	11460.0
283.0	11808.0
284.0	11507.0
285.0	11993.0
286.0	11746.0
287.0	11976.0
288.0	11600.0
289.0	12319.0
290.0	11858.0
291.0	11687.0
292.0	11553.0
293.0	11877.0
294.0	11455.0
295.0	11334.0
296.0	11450.0
297.0	12077.0
298.0	11851.0
299.0	11954.0
300.0	12060.0
301.0	11650.0
302.0	11817.0
303.0	11897.0
304.0	11701.0
305.0	12022.0
306.0	11885.0
307.0	11928.0
308.0	11706.0
309.0	11861.0
310.0	11782.0
311.0	11242.0
312.0	11588.0
313.0	12317.0
314.0	11882.0
315.0	11960.0
316.0	12271.0
317.0	12007.0
318.0	12042.0
319.0	11784.0
320.0	11719.0
321.0	12051.0
322.0	11733.0
323.0	12061.0
324.0	11770.0
325.0	12398.0
326.0	11563.0
327.0	11657.0
328.0	11944.0
329.0	11975.0
330.0	11818.0
331.0	12309.0
332.0	11872.0
333.0	11994.0
334.0	11799.0
335.0	11664.0
336.0	11520.0
337.0	11378.0
338.0	11999.0
339.0	12039.0
340.0	11247.0
341.0	11572.0
342.0	11803.0
343.0	11861.0
344.0	11728.0
345.0	11653.0
346.0	11763.0
347.0	11901.0
348.0	11154.0
349.0	11846.0
350.0	11945.0
351.0	12151.0
352.0	11753.0
353.0	11713.0
354.0	11511.0
355.0	12028.0
356.0	12246.0
357.0	11737.0
358.0	11740.0
359.0	11385.0
360.0	11684.0
361.0	11803.0
362.0	11653.0
363.0	11945.0
364.0	11684.0
365.0	11951.0
366.0	12016.0
367.0	11810.0
368.0	11074.0
369.0	11841.0
370.0	12023.0
371.0	11911.0
372.0	11490.0
373.0	11216.0
374.0	11875.0
375.0	12179.0
376.0	12103.0
377.0	11826.0
378.0	11657.0
379.0	12179.0
380.0	11484.0
381.0	11216.0
382.0	11377.0
383.0	11495.0
384.0	11694.0
385.0	12209.0
386.0	11584.0
387.0	11735.0
388.0	11393.0
389.0	11517.0
390.0	12113.0
391.0	11627.0
392.0	11490.0
393.0	11842.0
394.0	11454.0
395.0	11799.0
396.0	12135.0
397.0	11364.0
398.0	11351.0
399.0	11901.0
400.0	11999.0
401.0	11533.0
402.0	11780.0
403.0	12007.0
404.0	11893.0
405.0	11750.0
406.0	11374.0
407.0	12127.0
408.0	11822.0
409.0	11762.0
410.0	11880.0
411.0	11889.0
412.0	11779.0
413.0	11296.0
414.0	11868.0
415.0	12331.0
416.0	11653.0
417.0	11388.0
418.0	11581.0
419.0	12126.0
420.0	11422.0
421.0	11903.0
422.0	11885.0
423.0	11892.0
424.0	11833.0
425.0	11737.0
426.0	11501.0
427.0	11503.0
428.0	11387.0
429.0	11574.0
430.0	12090.0
431.0	12325.0
432.0	12378.0
433.0	11420.0
434.0	11421.0
435.0	11437.0
436.0	11642.0
437.0	11655.0
438.0	11242.0
439.0	11592.0
440.0	11932.0
441.0	12003.0
442.0	12061.0
443.0	11344.0
444.0	11636.0
445.0	12036.0
446.0	11922.0
447.0	11850.0
448.0	11639.0
449.0	12233.0
450.0	11460.0
451.0	11803.0
452.0	11500.0
453.0	11586.0
454.0	11670.0
455.0	12012.0
456.0	11352.0
457.0	12189.0
458.0	11556.0
459.0	11951.0
460.0	12079.0
461.0	11857.0
462.0	12056.0
463.0	11851.0
464.0	11670.0
465.0	12019.0
466.0	11510.0
467.0	11974.0
468.0	11893.0
469.0	12208.0
470.0	11889.0
471.0	11821.0
472.0	11489.0
473.0	11823.0
474.0	11501.0
475.0	11418.0
476.0	12190.0
477.0	11619.0
478.0	11643.0
479.0	12159.0
480.0	11604.0
481.0	11432.0
482.0	11762.0
483.0	11828.0
484.0	11984.0
485.0	11990.0
486.0	12002.0
487.0	11786.0
488.0	11413.0
489.0	11664.0
490.0	11803.0
491.0	11878.0
492.0	11843.0
493.0	11498.0
494.0	11835.0
495.0	12380.0
496.0	11885.0
497.0	11878.0
498.0	11665.0
499.0	11364.0
500.0	12272.0
501.0	12001.0
502.0	11559.0
503.0	11839.0
504.0	11443.0
505.0	12060.0
506.0	11692.0
507.0	12082.0
508.0	11803.0
509.0	12008.0
510.0	11999.0
511.0	12142.0
512.0	11692.0
513.0	11572.0
514.0	12091.0
515.0	11473.0
516.0	11744.0
517.0	12248.0
518.0	11772.0
519.0	11829.0
520.0	11996.0
521.0	12113.0
522.0	11997.0
523.0	12069.0
524.0	11875.0
525.0	11729.0
526.0	12198.0
527.0	11639.0
528.0	11739.0
529.0	11499.0
530.0	11797.0
531.0	11888.0
532.0	12156.0
533.0	11893.0
534.0	11825.0
535.0	11822.0
536.0	11360.0
537.0	11664.0
538.0	11737.0
539.0	11757.0
540.0	12127.0
541.0	11486.0
542.0	11715.0
543.0	11641.0
544.0	11825.0
545.0	11500.0
546.0	12074.0
547.0	12053.0
548.0	11972.0
549.0	12029.0
550.0	11754.0
551.0	11706.0
552.0	11720.0
553.0	11654.0
554.0	11801.0
555.0	11985.0
556.0	11543.0
557.0	11492.0
558.0	11987.0
559.0	11801.0
560.0	11186.0
561.0	12363.0
562.0	12002.0
563.0	11754.0
564.0	12123.0
565.0	11702.0
566.0	11630.0
567.0	11800.0
568.0	12159.0
569.0	11781.0
570.0	11344.0
571.0	11766.0
572.0	11641.0
573.0	11923.0
574.0	11680.0
575.0	11858.0
576.0	11364.0
577.0	12169.0
578.0	11703.0
579.0	12102.0
580.0	11817.0
581.0	12080.0
582.0	11874.0
583.0	11606.0
584.0	11715.0
585.0	11941.0
586.0	11320.0
587.0	11988.0
588.0	11854.0
589.0	11795.0
590.0	11507.0
591.0	11887.0
592.0	11498.0
593.0	11282.0
594.0	11874.0
595.0	12082.0
596.0	11828.0
597.0	11876.0
598.0	11382.0
599.0	11524.0
600.0	11484.0
601.0	11884.0
602.0	11828.0
603.0	11755.0
604.0	11785.0
605.0	11149.0
606.0	12279.0
607.0	11996.0
608.0	11749.0
609.0	11847.0
610.0	11814.0
611.0	11958.0
612.0	11639.0
613.0	11842.0
614.0	11584.0
615.0	11675.0
616.0	11649.0
617.0	11668.0
618.0	11528.0
619.0	12132.0
620.0	11914.0
621.0	12092.0
622.0	11475.0
623.0	11884.0
624.0	11609.0
625.0	11524.0
626.0	12092.0
627.0	11602.0
628.0	11663.0
629.0	11513.0
630.0	11959.0
631.0	11788.0
632.0	12017.0
633.0	11860.0
634.0	11901.0
635.0	11378.0
636.0	12049.0
637.0	12451.0
638.0	11964.0
639.0	11729.0
640.0	11580.0
641.0	11833.0
642.0	11258.0
643.0	11507.0
644.0	11971.0
645.0	11841.0
646.0	11097.0
647.0	12143.0
648.0	11572.0
649.0	11498.0
650.0	11771.0
651.0	11777.0
652.0	11752.0
653.0	11488.0
654.0	12469.0
655.0	12169.0
656.0	11803.0
657.0	11790.0
658.0	11492.0
659.0	11796.0
660.0	11820.0
661.0	11851.0
662.0	11736.0
663.0	11889.0
664.0	11840.0
665.0	11878.0
666.0	11492.0
667.0	11407.0
668.0	12186.0
669.0	11887.0
670.0	11846.0
671.0	11632.0
672.0	11870.0
673.0	11884.0
674.0	11931.0
675.0	11833.0
676.0	11540.0
677.0	12372.0
678.0	11322.0
679.0	11342.0
680.0	11381.0
681.0	12269.0
682.0	12065.0
683.0	12071.0
684.0	11501.0
685.0	12060.0
686.0	11724.0
687.0	11659.0
688.0	11707.0
689.0	11643.0
690.0	11884.0
691.0	11632.0
692.0	11920.0
693.0	11703.0
694.0	12067.0
695.0	11922.0
696.0	11497.0
697.0	11751.0
698.0	11777.0
699.0	12192.0
700.0	11861.0
701.0	11901.0
702.0	11533.0
703.0	11507.0
704.0	11971.0
705.0	11657.0
706.0	11903.0
707.0	11540.0
708.0	11456.0
709.0	12037.0
710.0	11654.0
711.0	11506.0
712.0	11638.0
713.0	11965.0
714.0	11734.0
715.0	11763.0
716.0	11844.0
717.0	11580.0
718.0	11481.0
719.0	11854.0
720.0	11679.0
721.0	11843.0
722.0	12124.0
723.0	11718.0
724.0	11312.0
725.0	11665.0
726.0	12116.0
727.0	11843.0
728.0	11378.0
729.0	11963.0
730.0	12051.0
731.0	12291.0
732.0	11325.0
733.0	11981.0
734.0	11551.0
735.0	11677.0
736.0	11508.0
737.0	11644.0
738.0	11835.0
739.0	11896.0
740.0	11776.0
741.0	12042.0
742.0	11650.0
743.0	12189.0
744.0	11842.0
745.0	11565.0
746.0	11656.0
747.0	11645.0
748.0	12339.0
749.0	11823.0
750.0	11477.0
751.0	11943.0
752.0	11483.0
753.0	11545.0
754.0	11889.0
755.0	11695.0
756.0	11688.0
757.0	11724.0
758.0	11306.0
759.0	11473.0
760.0	11440.0
761.0	11880.0
762.0	12273.0
763.0	11963.0
764.0	11511.0
765.0	11508.0
766.0	11323.0
767.0	11664.0
768.0	11758.0
769.0	11816.0
770.0	11879.0
771.0	12076.0
772.0	11422.0
773.0	11399.0
774.0	11761.0
775.0	11495.0
776.0	11784.0
777.0	11743.0
778.0	11913.0
779.0	11605.0
780.0	12050.0
781.0	12008.0
782.0	12583.0
783.0	11750.0
784.0	11909.0
785.0	11782.0
786.0	12012.0
787.0	11402.0
788.0	11568.0
789.0	12044.0
790.0	11938.0
791.0	11513.0
792.0	12010.0
793.0	11719.0
794.0	11797.0
795.0	11784.0
796.0	12124.0
797.0	11603.0
798.0	11901.0
799.0	11276.0
800.0	11823.0
