$itime = 500
$wv_start = 190.0
$hv = 1000
$grating = 2 1200 g/mm BLZ= 500  nm
$x_amps = 10
$x_volts = 45
$sample = DB2333
$date = 2023-06-02
$temp = 42.0
$wv_stop = 800.0
$time = 19:18:14.045000
$wv_step = 1.0
190.0	9859.0
191.0	9677.0
192.0	9742.0
193.0	9845.0
194.0	9975.0
195.0	9980.0
196.0	9825.0
197.0	9835.0
198.0	9786.0
199.0	10446.0
200.0	10465.0
201.0	10086.0
202.0	9780.0
203.0	9706.0
204.0	9772.0
205.0	9506.0
206.0	9793.0
207.0	9557.0
208.0	10065.0
209.0	10059.0
210.0	9970.0
211.0	10146.0
212.0	10520.0
213.0	10047.0
214.0	9661.0
215.0	10309.0
216.0	10002.0
217.0	10078.0
218.0	10270.0
219.0	9794.0
220.0	9777.0
221.0	9532.0
222.0	10234.0
223.0	9932.0
224.0	9926.0
225.0	10274.0
226.0	10231.0
227.0	10289.0
228.0	9833.0
229.0	9922.0
230.0	10163.0
231.0	10410.0
232.0	9619.0
233.0	9865.0
234.0	10351.0
235.0	10123.0
236.0	9356.0
237.0	9485.0
238.0	10012.0
239.0	10181.0
240.0	10280.0
241.0	10183.0
242.0	10000.0
243.0	10021.0
244.0	9986.0
245.0	10149.0
246.0	9690.0
247.0	9712.0
248.0	10240.0
249.0	9783.0
250.0	10347.0
251.0	10326.0
252.0	9670.0
253.0	10337.0
254.0	9710.0
255.0	9984.0
256.0	10254.0
257.0	9916.0
258.0	9970.0
259.0	10301.0
260.0	9978.0
261.0	9985.0
262.0	9500.0
263.0	10150.0
264.0	10258.0
265.0	10138.0
266.0	10197.0
267.0	9959.0
268.0	10327.0
269.0	10021.0
270.0	10003.0
271.0	9969.0
272.0	9997.0
273.0	10272.0
274.0	9904.0
275.0	10066.0
276.0	10129.0
277.0	9708.0
278.0	10213.0
279.0	10038.0
280.0	10458.0
281.0	10439.0
282.0	9545.0
283.0	10181.0
284.0	10024.0
285.0	10245.0
286.0	10117.0
287.0	10087.0
288.0	9968.0
289.0	9922.0
290.0	9993.0
291.0	9916.0
292.0	10016.0
293.0	10300.0
294.0	9915.0
295.0	10359.0
296.0	9959.0
297.0	9884.0
298.0	10398.0
299.0	9637.0
300.0	10027.0
301.0	10072.0
302.0	10073.0
303.0	10134.0
304.0	9769.0
305.0	9984.0
306.0	9841.0
307.0	10415.0
308.0	10310.0
309.0	9867.0
310.0	10528.0
311.0	10579.0
312.0	10166.0
313.0	10173.0
314.0	10097.0
315.0	10244.0
316.0	9861.0
317.0	10156.0
318.0	10115.0
319.0	11002.0
320.0	9879.0
321.0	9728.0
322.0	10153.0
323.0	10553.0
324.0	9607.0
325.0	10101.0
326.0	9869.0
327.0	10030.0
328.0	10041.0
329.0	10048.0
330.0	10229.0
331.0	9833.0
332.0	10030.0
333.0	9905.0
334.0	9903.0
335.0	9672.0
336.0	9834.0
337.0	10266.0
338.0	10232.0
339.0	9937.0
340.0	10162.0
341.0	9940.0
342.0	9940.0
343.0	10220.0
344.0	9989.0
345.0	10401.0
346.0	9993.0
347.0	10181.0
348.0	10220.0
349.0	10064.0
350.0	10169.0
351.0	10101.0
352.0	9961.0
353.0	9837.0
354.0	10182.0
355.0	10004.0
356.0	9969.0
357.0	9632.0
358.0	10217.0
359.0	9980.0
360.0	9779.0
361.0	10368.0
362.0	10243.0
363.0	10423.0
364.0	9869.0
365.0	10542.0
366.0	10166.0
367.0	10629.0
368.0	9878.0
369.0	9997.0
370.0	10209.0
371.0	10547.0
372.0	10214.0
373.0	9841.0
374.0	9954.0
375.0	9758.0
376.0	10023.0
377.0	9558.0
378.0	9981.0
379.0	9834.0
380.0	10253.0
381.0	9811.0
382.0	10102.0
383.0	9919.0
384.0	9443.0
385.0	10072.0
386.0	9754.0
387.0	10126.0
388.0	9579.0
389.0	9816.0
390.0	10018.0
391.0	9694.0
392.0	9671.0
393.0	9648.0
394.0	10390.0
395.0	9772.0
396.0	9728.0
397.0	10167.0
398.0	9724.0
399.0	9653.0
400.0	9835.0
401.0	10004.0
402.0	9922.0
403.0	10105.0
404.0	10412.0
405.0	10244.0
406.0	10039.0
407.0	9872.0
408.0	10174.0
409.0	9785.0
410.0	9916.0
411.0	10041.0
412.0	9915.0
413.0	10267.0
414.0	9860.0
415.0	10031.0
416.0	9595.0
417.0	10354.0
418.0	10044.0
419.0	9758.0
420.0	10255.0
421.0	9533.0
422.0	9757.0
423.0	10083.0
424.0	10010.0
425.0	10200.0
426.0	10009.0
427.0	10392.0
428.0	10013.0
429.0	9830.0
430.0	10211.0
431.0	10453.0
432.0	10174.0
433.0	10280.0
434.0	10065.0
435.0	10382.0
436.0	10346.0
437.0	10411.0
438.0	9335.0
439.0	9869.0
440.0	10240.0
441.0	9981.0
442.0	9849.0
443.0	10249.0
444.0	9910.0
445.0	10118.0
446.0	9852.0
447.0	10165.0
448.0	10665.0
449.0	9789.0
450.0	9936.0
451.0	9769.0
452.0	10450.0
453.0	10068.0
454.0	9607.0
455.0	9996.0
456.0	10123.0
457.0	9981.0
458.0	10059.0
459.0	9788.0
460.0	10060.0
461.0	10083.0
462.0	10090.0
463.0	10209.0
464.0	10167.0
465.0	10487.0
466.0	11019.0
467.0	10926.0
468.0	10758.0
469.0	10826.0
470.0	10217.0
471.0	10516.0
472.0	10347.0
473.0	10021.0
474.0	10258.0
475.0	10487.0
476.0	10376.0
477.0	10986.0
478.0	11128.0
479.0	12551.0
480.0	12113.0
481.0	11869.0
482.0	11033.0
483.0	11440.0
484.0	10842.0
485.0	10795.0
486.0	10962.0
487.0	10321.0
488.0	10367.0
489.0	10388.0
490.0	10347.0
491.0	10713.0
492.0	10916.0
493.0	10916.0
494.0	11261.0
495.0	10972.0
496.0	11019.0
497.0	10978.0
498.0	10448.0
499.0	11174.0
500.0	11271.0
501.0	11626.0
502.0	12261.0
503.0	12141.0
504.0	11886.0
505.0	11335.0
506.0	11064.0
507.0	11862.0
508.0	11418.0
509.0	11129.0
510.0	11158.0
511.0	11256.0
512.0	11363.0
513.0	11163.0
514.0	10866.0
515.0	10795.0
516.0	11726.0
517.0	10872.0
518.0	11185.0
519.0	10892.0
520.0	11084.0
521.0	10698.0
522.0	10310.0
523.0	10692.0
524.0	11058.0
525.0	10757.0
526.0	11169.0
527.0	11476.0
528.0	10923.0
529.0	10871.0
530.0	11037.0
531.0	11139.0
532.0	11079.0
533.0	10834.0
534.0	11037.0
535.0	10851.0
536.0	11077.0
537.0	10893.0
538.0	10633.0
539.0	11070.0
540.0	10800.0
541.0	10527.0
542.0	10871.0
543.0	10714.0
544.0	11179.0
545.0	11252.0
546.0	11054.0
547.0	10991.0
548.0	10535.0
549.0	10793.0
550.0	10716.0
551.0	10896.0
552.0	10831.0
553.0	10826.0
554.0	10867.0
555.0	10662.0
556.0	10637.0
557.0	10890.0
558.0	11114.0
559.0	10484.0
560.0	10254.0
561.0	10575.0
562.0	10418.0
563.0	10138.0
564.0	10261.0
565.0	10639.0
566.0	10681.0
567.0	10872.0
568.0	10584.0
569.0	10719.0
570.0	10377.0
571.0	10945.0
572.0	10407.0
573.0	10387.0
574.0	10275.0
575.0	10603.0
576.0	10631.0
577.0	10414.0
578.0	10321.0
579.0	10166.0
580.0	10301.0
581.0	10397.0
582.0	10044.0
583.0	10117.0
584.0	10241.0
585.0	10316.0
586.0	10381.0
587.0	10705.0
588.0	10362.0
589.0	10174.0
590.0	10483.0
591.0	10280.0
592.0	9703.0
593.0	10395.0
594.0	10208.0
595.0	9963.0
596.0	9858.0
597.0	10110.0
598.0	10304.0
599.0	9985.0
600.0	10608.0
601.0	10273.0
602.0	10242.0
603.0	9986.0
604.0	10180.0
605.0	10249.0
606.0	10247.0
607.0	10026.0
608.0	10235.0
609.0	9946.0
610.0	10199.0
611.0	9879.0
612.0	10133.0
613.0	10341.0
614.0	10117.0
615.0	10254.0
616.0	10605.0
617.0	9670.0
618.0	9776.0
619.0	10224.0
620.0	10308.0
621.0	10384.0
622.0	9948.0
623.0	10106.0
624.0	10291.0
625.0	10244.0
626.0	10066.0
627.0	10738.0
628.0	10154.0
629.0	10082.0
630.0	9975.0
631.0	10006.0
632.0	10389.0
633.0	9855.0
634.0	10194.0
635.0	10307.0
636.0	10408.0
637.0	9957.0
638.0	10443.0
639.0	9605.0
640.0	10211.0
641.0	10149.0
642.0	10247.0
643.0	9859.0
644.0	10317.0
645.0	9972.0
646.0	10220.0
647.0	9997.0
648.0	10159.0
649.0	9980.0
650.0	10151.0
651.0	9442.0
652.0	9918.0
653.0	10310.0
654.0	10003.0
655.0	10177.0
656.0	10265.0
657.0	10685.0
658.0	9922.0
659.0	9962.0
660.0	9833.0
661.0	10071.0
662.0	9829.0
663.0	9993.0
664.0	10104.0
665.0	10039.0
666.0	9726.0
667.0	10263.0
668.0	10003.0
669.0	9847.0
670.0	10041.0
671.0	9878.0
672.0	9701.0
673.0	10528.0
674.0	10493.0
675.0	9871.0
676.0	9873.0
677.0	10025.0
678.0	10038.0
679.0	9857.0
680.0	9888.0
681.0	9583.0
682.0	9869.0
683.0	9968.0
684.0	9694.0
685.0	10142.0
686.0	10481.0
687.0	9859.0
688.0	9893.0
689.0	10024.0
690.0	10249.0
691.0	9695.0
692.0	9981.0
693.0	10018.0
694.0	9650.0
695.0	10375.0
696.0	10122.0
697.0	9923.0
698.0	9619.0
699.0	9988.0
700.0	10031.0
701.0	10248.0
702.0	10159.0
703.0	10061.0
704.0	9793.0
705.0	10242.0
706.0	9997.0
707.0	10308.0
708.0	9999.0
709.0	9908.0
710.0	9596.0
711.0	10306.0
712.0	10425.0
713.0	9893.0
714.0	10309.0
715.0	10260.0
716.0	9725.0
717.0	10293.0
718.0	9625.0
719.0	9775.0
720.0	9861.0
721.0	9995.0
722.0	9670.0
723.0	9861.0
724.0	10204.0
725.0	10106.0
726.0	10403.0
727.0	9654.0
728.0	10001.0
729.0	10181.0
730.0	10184.0
731.0	10096.0
732.0	9922.0
733.0	9980.0
734.0	9828.0
735.0	10242.0
736.0	9672.0
737.0	9624.0
738.0	9851.0
739.0	9769.0
740.0	10259.0
741.0	9676.0
742.0	10255.0
743.0	10245.0
744.0	10024.0
745.0	9695.0
746.0	10193.0
747.0	10258.0
748.0	9645.0
749.0	9786.0
750.0	10171.0
751.0	9559.0
752.0	9972.0
753.0	10299.0
754.0	9815.0
755.0	9852.0
756.0	9784.0
757.0	10188.0
758.0	10018.0
759.0	9458.0
760.0	9826.0
761.0	10075.0
762.0	9852.0
763.0	10149.0
764.0	10007.0
765.0	9806.0
766.0	9848.0
767.0	10008.0
768.0	10009.0
769.0	9978.0
770.0	9577.0
771.0	10138.0
772.0	9989.0
773.0	10118.0
774.0	10169.0
775.0	9936.0
776.0	9934.0
777.0	9968.0
778.0	10451.0
779.0	9770.0
780.0	9990.0
781.0	10258.0
782.0	10216.0
783.0	9943.0
784.0	9721.0
785.0	10045.0
786.0	10151.0
787.0	10107.0
788.0	9985.0
789.0	10004.0
790.0	9848.0
791.0	9725.0
792.0	9961.0
793.0	9663.0
794.0	10049.0
795.0	10398.0
796.0	9779.0
797.0	9544.0
798.0	9770.0
799.0	9785.0
800.0	9977.0
