$itime = 500
$wv_start = 190.0
$hv = 1000
$grating = 2 1200 g/mm BLZ= 500  nm
$x_amps = 10
$x_volts = 45
$sample = DB2333
$date = 2023-06-02
$temp = 182.0
$wv_stop = 800.0
$time = 19:18:14.045000
$wv_step = 1.0
190.0	9847.0
191.0	9762.0
192.0	9789.0
193.0	9553.0
194.0	10108.0
195.0	9806.0
196.0	9686.0
197.0	9587.0
198.0	9970.0
199.0	10075.0
200.0	9472.0
201.0	9831.0
202.0	9459.0
203.0	9778.0
204.0	9576.0
205.0	9347.0
206.0	9294.0
207.0	9929.0
208.0	9514.0
209.0	9714.0
210.0	9936.0
211.0	9851.0
212.0	10049.0
213.0	9621.0
214.0	10088.0
215.0	9704.0
216.0	9471.0
217.0	9430.0
218.0	9646.0
219.0	9873.0
220.0	9876.0
221.0	9858.0
222.0	9769.0
223.0	9478.0
224.0	9721.0
225.0	9546.0
226.0	9915.0
227.0	9775.0
228.0	9273.0
229.0	9478.0
230.0	10275.0
231.0	9892.0
232.0	9653.0
233.0	9431.0
234.0	9769.0
235.0	9785.0
236.0	9974.0
237.0	9639.0
238.0	9140.0
239.0	9767.0
240.0	9439.0
241.0	9901.0
242.0	9848.0
243.0	9438.0
244.0	9987.0
245.0	9635.0
246.0	9473.0
247.0	9670.0
248.0	9655.0
249.0	9941.0
250.0	9670.0
251.0	9705.0
252.0	10155.0
253.0	10168.0
254.0	9339.0
255.0	9841.0
256.0	9981.0
257.0	10260.0
258.0	9770.0
259.0	9404.0
260.0	9848.0
261.0	9416.0
262.0	9940.0
263.0	9983.0
264.0	10196.0
265.0	9301.0
266.0	9703.0
267.0	9623.0
268.0	9529.0
269.0	9893.0
270.0	9900.0
271.0	9861.0
272.0	10188.0
273.0	9890.0
274.0	9822.0
275.0	9994.0
276.0	10235.0
277.0	9573.0
278.0	9408.0
279.0	10352.0
280.0	10065.0
281.0	9881.0
282.0	9565.0
283.0	9844.0
284.0	10170.0
285.0	9898.0
286.0	9558.0
287.0	9912.0
288.0	10361.0
289.0	9858.0
290.0	9762.0
291.0	10044.0
292.0	9666.0
293.0	9841.0
294.0	9721.0
295.0	9356.0
296.0	9746.0
297.0	9636.0
298.0	9633.0
299.0	9649.0
300.0	9461.0
301.0	9690.0
302.0	9778.0
303.0	9829.0
304.0	9473.0
305.0	9613.0
306.0	9572.0
307.0	10029.0
308.0	10141.0
309.0	9479.0
310.0	9605.0
311.0	9535.0
312.0	9544.0
313.0	9688.0
314.0	9794.0
315.0	9955.0
316.0	9522.0
317.0	9946.0
318.0	10189.0
319.0	9508.0
320.0	10187.0
321.0	9471.0
322.0	9777.0
323.0	9763.0
324.0	9640.0
325.0	9557.0
326.0	9610.0
327.0	9762.0
328.0	9940.0
329.0	9650.0
330.0	9550.0
331.0	9635.0
332.0	9322.0
333.0	9844.0
334.0	10258.0
335.0	9940.0
336.0	9724.0
337.0	10113.0
338.0	10059.0
339.0	10119.0
340.0	10142.0
341.0	9752.0
342.0	9798.0
343.0	9745.0
344.0	9752.0
345.0	9816.0
346.0	9635.0
347.0	9471.0
348.0	9796.0
349.0	9246.0
350.0	9752.0
351.0	9557.0
352.0	9257.0
353.0	9763.0
354.0	9442.0
355.0	9832.0
356.0	9998.0
357.0	9806.0
358.0	9514.0
359.0	9506.0
360.0	9569.0
361.0	9573.0
362.0	9521.0
363.0	9772.0
364.0	9410.0
365.0	9800.0
366.0	9997.0
367.0	9905.0
368.0	9761.0
369.0	9841.0
370.0	9852.0
371.0	9849.0
372.0	9925.0
373.0	9731.0
374.0	9979.0
375.0	9650.0
376.0	9673.0
377.0	10110.0
378.0	9587.0
379.0	9672.0
380.0	9864.0
381.0	9974.0
382.0	9687.0
383.0	9279.0
384.0	9713.0
385.0	9505.0
386.0	9564.0
387.0	9743.0
388.0	9771.0
389.0	9537.0
390.0	9607.0
391.0	9522.0
392.0	9423.0
393.0	9782.0
394.0	9945.0
395.0	9637.0
396.0	10243.0
397.0	9708.0
398.0	10202.0
399.0	9272.0
400.0	9634.0
401.0	9608.0
402.0	9640.0
403.0	9989.0
404.0	9859.0
405.0	9819.0
406.0	9561.0
407.0	9940.0
408.0	9802.0
409.0	9255.0
410.0	9900.0
411.0	9735.0
412.0	9206.0
413.0	10033.0
414.0	9607.0
415.0	9881.0
416.0	10149.0
417.0	9556.0
418.0	9604.0
419.0	9699.0
420.0	9500.0
421.0	10223.0
422.0	9593.0
423.0	10174.0
424.0	9575.0
425.0	9499.0
426.0	9798.0
427.0	9447.0
428.0	9674.0
429.0	9981.0
430.0	9921.0
431.0	9841.0
432.0	9507.0
433.0	9707.0
434.0	10111.0
435.0	9303.0
436.0	9566.0
437.0	9926.0
438.0	9686.0
439.0	9593.0
440.0	9492.0
441.0	9852.0
442.0	9873.0
443.0	9210.0
444.0	9621.0
445.0	9537.0
446.0	9624.0
447.0	9935.0
448.0	10045.0
449.0	10071.0
450.0	10158.0
451.0	9872.0
452.0	9531.0
453.0	9786.0
454.0	9605.0
455.0	9800.0
456.0	9990.0
457.0	10104.0
458.0	9566.0
459.0	9906.0
460.0	9960.0
461.0	9611.0
462.0	9985.0
463.0	9613.0
464.0	9755.0
465.0	9987.0
466.0	10357.0
467.0	10193.0
468.0	10282.0
469.0	9865.0
470.0	10342.0
471.0	9952.0
472.0	9597.0
473.0	10098.0
474.0	9600.0
475.0	9453.0
476.0	9904.0
477.0	10016.0
478.0	10008.0
479.0	10573.0
480.0	10706.0
481.0	10080.0
482.0	10166.0
483.0	10136.0
484.0	10245.0
485.0	10379.0
486.0	9991.0
487.0	9975.0
488.0	9609.0
489.0	10469.0
490.0	10229.0
491.0	10154.0
492.0	10428.0
493.0	10374.0
494.0	9815.0
495.0	10467.0
496.0	10133.0
497.0	9972.0
498.0	9271.0
499.0	10437.0
500.0	10211.0
501.0	10372.0
502.0	10223.0
503.0	10640.0
504.0	10311.0
505.0	10483.0
506.0	10462.0
507.0	10196.0
508.0	10266.0
509.0	10158.0
510.0	9869.0
511.0	10030.0
512.0	10374.0
513.0	10843.0
514.0	9701.0
515.0	10523.0
516.0	10486.0
517.0	10235.0
518.0	10517.0
519.0	10199.0
520.0	10152.0
521.0	10203.0
522.0	9980.0
523.0	10065.0
524.0	10369.0
525.0	10177.0
526.0	10626.0
527.0	9962.0
528.0	9922.0
529.0	10167.0
530.0	10128.0
531.0	10314.0
532.0	10339.0
533.0	10322.0
534.0	10075.0
535.0	10662.0
536.0	10452.0
537.0	10031.0
538.0	10088.0
539.0	10654.0
540.0	10520.0
541.0	10595.0
542.0	10114.0
543.0	10157.0
544.0	9969.0
545.0	10172.0
546.0	10145.0
547.0	10693.0
548.0	10033.0
549.0	10022.0
550.0	9897.0
551.0	10414.0
552.0	10674.0
553.0	9981.0
554.0	10624.0
555.0	10451.0
556.0	10038.0
557.0	9672.0
558.0	10347.0
559.0	9997.0
560.0	10329.0
561.0	9687.0
562.0	10470.0
563.0	10400.0
564.0	10070.0
565.0	10174.0
566.0	10157.0
567.0	10317.0
568.0	10029.0
569.0	10267.0
570.0	9750.0
571.0	10387.0
572.0	10259.0
573.0	10411.0
574.0	9940.0
575.0	10325.0
576.0	9615.0
577.0	10301.0
578.0	9645.0
579.0	9771.0
580.0	10328.0
581.0	9529.0
582.0	9730.0
583.0	9973.0
584.0	9858.0
585.0	9482.0
586.0	9829.0
587.0	9999.0
588.0	9871.0
589.0	9819.0
590.0	9636.0
591.0	10421.0
592.0	10080.0
593.0	10174.0
594.0	9978.0
595.0	9544.0
596.0	9398.0
597.0	9621.0
598.0	9727.0
599.0	9969.0
600.0	9860.0
601.0	9720.0
602.0	10109.0
603.0	10039.0
604.0	9913.0
605.0	9977.0
606.0	10049.0
607.0	10104.0
608.0	9981.0
609.0	9602.0
610.0	9676.0
611.0	9680.0
612.0	9807.0
613.0	9779.0
614.0	9519.0
615.0	9703.0
616.0	9838.0
617.0	9554.0
618.0	9893.0
619.0	9984.0
620.0	9704.0
621.0	9808.0
622.0	9743.0
623.0	10018.0
624.0	9782.0
625.0	9722.0
626.0	9981.0
627.0	9873.0
628.0	9794.0
629.0	9779.0
630.0	9224.0
631.0	10143.0
632.0	10177.0
633.0	9174.0
634.0	9829.0
635.0	10068.0
636.0	9665.0
637.0	9910.0
638.0	10024.0
639.0	10012.0
640.0	9615.0
641.0	9978.0
642.0	9698.0
643.0	9558.0
644.0	10161.0
645.0	9943.0
646.0	10019.0
647.0	9630.0
648.0	9578.0
649.0	9250.0
650.0	9691.0
651.0	9628.0
652.0	10126.0
653.0	9975.0
654.0	9775.0
655.0	9799.0
656.0	10008.0
657.0	9873.0
658.0	9599.0
659.0	9989.0
660.0	10117.0
661.0	9668.0
662.0	9650.0
663.0	9147.0
664.0	9471.0
665.0	10120.0
666.0	9414.0
667.0	9660.0
668.0	9826.0
669.0	9829.0
670.0	9612.0
671.0	9307.0
672.0	9881.0
673.0	9809.0
674.0	9547.0
675.0	9869.0
676.0	9594.0
677.0	9701.0
678.0	9607.0
679.0	9131.0
680.0	9709.0
681.0	9434.0
682.0	9847.0
683.0	9714.0
684.0	9602.0
685.0	9351.0
686.0	9937.0
687.0	9623.0
688.0	9879.0
689.0	9886.0
690.0	9897.0
691.0	9820.0
692.0	9926.0
693.0	9959.0
694.0	9093.0
695.0	10028.0
696.0	9320.0
697.0	9696.0
698.0	10082.0
699.0	9929.0
700.0	9653.0
701.0	9590.0
702.0	9982.0
703.0	9668.0
704.0	9541.0
705.0	9872.0
706.0	9625.0
707.0	9542.0
708.0	9466.0
709.0	9381.0
710.0	9597.0
711.0	9509.0
712.0	9630.0
713.0	9867.0
714.0	9579.0
715.0	9293.0
716.0	9519.0
717.0	9416.0
718.0	9869.0
719.0	9503.0
720.0	10110.0
721.0	9774.0
722.0	10351.0
723.0	9509.0
724.0	9429.0
725.0	9537.0
726.0	9331.0
727.0	9730.0
728.0	9849.0
729.0	9625.0
730.0	9761.0
731.0	9881.0
732.0	9886.0
733.0	9272.0
734.0	9588.0
735.0	9489.0
736.0	9717.0
737.0	9584.0
738.0	9875.0
739.0	9080.0
740.0	10034.0
741.0	9751.0
742.0	9672.0
743.0	9597.0
744.0	10117.0
745.0	9676.0
746.0	10392.0
747.0	9724.0
748.0	9413.0
749.0	9507.0
750.0	9706.0
751.0	9707.0
752.0	9746.0
753.0	9893.0
754.0	9909.0
755.0	9958.0
756.0	9247.0
757.0	9714.0
758.0	9855.0
759.0	9683.0
760.0	9725.0
761.0	9651.0
762.0	9798.0
763.0	9497.0
764.0	9200.0
765.0	10278.0
766.0	9701.0
767.0	9987.0
768.0	9188.0
769.0	10132.0
770.0	9609.0
771.0	9826.0
772.0	9333.0
773.0	9765.0
774.0	9665.0
775.0	9410.0
776.0	9866.0
777.0	9971.0
778.0	9955.0
779.0	9672.0
780.0	9556.0
781.0	9588.0
782.0	10161.0
783.0	9772.0
784.0	9503.0
785.0	9695.0
786.0	9628.0
787.0	9742.0
788.0	10165.0
789.0	9806.0
790.0	10111.0
791.0	9567.0
792.0	9755.0
793.0	9722.0
794.0	9470.0
795.0	9850.0
796.0	9737.0
797.0	9758.0
798.0	10104.0
799.0	9770.0
800.0	9703.0
