$itime = 500
$wv_start = 190.0
$hv = 1000
$grating = 2 1200 g/mm BLZ= 500  nm
$x_amps = 10
$x_volts = 45
$sample = DB2333
$date = 2023-06-02
$temp = 242.0
$wv_stop = 800.0
$time = 11:41:43.714000
$wv_step = 1.0
190.0	8633.0
191.0	7559.0
192.0	8197.0
193.0	8397.0
194.0	8328.0
195.0	8568.0
196.0	8433.0
197.0	8027.0
198.0	8409.0
199.0	8240.0
200.0	8211.0
201.0	8295.0
202.0	7881.0
203.0	8219.0
204.0	7812.0
205.0	8325.0
206.0	7905.0
207.0	8809.0
208.0	8245.0
209.0	8505.0
210.0	8501.0
211.0	7991.0
212.0	8015.0
213.0	7965.0
214.0	8298.0
215.0	8076.0
216.0	8234.0
217.0	8056.0
218.0	8152.0
219.0	8295.0
220.0	8426.0
221.0	8202.0
222.0	7802.0
223.0	8381.0
224.0	8594.0
225.0	8520.0
226.0	8092.0
227.0	8188.0
228.0	8424.0
229.0	8301.0
230.0	8345.0
231.0	8005.0
232.0	8382.0
233.0	8209.0
234.0	8167.0
235.0	8161.0
236.0	8475.0
237.0	8117.0
238.0	8383.0
239.0	8533.0
240.0	8061.0
241.0	7915.0
242.0	8148.0
243.0	8273.0
244.0	7905.0
245.0	7965.0
246.0	7947.0
247.0	7729.0
248.0	8319.0
249.0	8006.0
250.0	8347.0
251.0	8429.0
252.0	8004.0
253.0	8446.0
254.0	8071.0
255.0	8082.0
256.0	7853.0
257.0	8009.0
258.0	8258.0
259.0	8139.0
260.0	8441.0
261.0	8680.0
262.0	8651.0
263.0	8265.0
264.0	7968.0
265.0	8192.0
266.0	8257.0
267.0	8609.0
268.0	7940.0
269.0	7891.0
270.0	8385.0
271.0	8338.0
272.0	8136.0
273.0	8385.0
274.0	8437.0
275.0	8429.0
276.0	7914.0
277.0	8405.0
278.0	8431.0
279.0	8097.0
280.0	8412.0
281.0	8667.0
282.0	8011.0
283.0	8256.0
284.0	8257.0
285.0	8410.0
286.0	8524.0
287.0	8502.0
288.0	8027.0
289.0	8421.0
290.0	8800.0
291.0	8699.0
292.0	8708.0
293.0	8761.0
294.0	8078.0
295.0	8401.0
296.0	8441.0
297.0	8707.0
298.0	8558.0
299.0	8385.0
300.0	8485.0
301.0	8447.0
302.0	8902.0
303.0	8285.0
304.0	8183.0
305.0	8453.0
306.0	8500.0
307.0	8262.0
308.0	8507.0
309.0	8059.0
310.0	8732.0
311.0	8314.0
312.0	8608.0
313.0	8435.0
314.0	8495.0
315.0	8049.0
316.0	8518.0
317.0	8336.0
318.0	8058.0
319.0	8587.0
320.0	8310.0
321.0	8445.0
322.0	7833.0
323.0	8475.0
324.0	8125.0
325.0	8516.0
326.0	8243.0
327.0	8407.0
328.0	7988.0
329.0	8000.0
330.0	8202.0
331.0	8437.0
332.0	8515.0
333.0	8226.0
334.0	8223.0
335.0	8314.0
336.0	8513.0
337.0	8350.0
338.0	8304.0
339.0	8473.0
340.0	8194.0
341.0	8064.0
342.0	8189.0
343.0	8466.0
344.0	8003.0
345.0	8570.0
346.0	8402.0
347.0	8439.0
348.0	8476.0
349.0	8454.0
350.0	8202.0
351.0	8058.0
352.0	8347.0
353.0	8524.0
354.0	8680.0
355.0	8159.0
356.0	8597.0
357.0	8213.0
358.0	8419.0
359.0	8253.0
360.0	7995.0
361.0	8228.0
362.0	8827.0
363.0	7856.0
364.0	8561.0
365.0	8316.0
366.0	8087.0
367.0	8572.0
368.0	8372.0
369.0	8083.0
370.0	8430.0
371.0	7755.0
372.0	8339.0
373.0	8477.0
374.0	8719.0
375.0	8682.0
376.0	8658.0
377.0	8313.0
378.0	8209.0
379.0	8407.0
380.0	8187.0
381.0	8395.0
382.0	9052.0
383.0	7926.0
384.0	8156.0
385.0	8237.0
386.0	7988.0
387.0	8430.0
388.0	8486.0
389.0	8209.0
390.0	8209.0
391.0	8334.0
392.0	8308.0
393.0	8285.0
394.0	8253.0
395.0	8298.0
396.0	8038.0
397.0	8058.0
398.0	8184.0
399.0	8327.0
400.0	8304.0
401.0	8489.0
402.0	8317.0
403.0	8454.0
404.0	8716.0
405.0	8525.0
406.0	8215.0
407.0	8486.0
408.0	8103.0
409.0	8833.0
410.0	7951.0
411.0	8255.0
412.0	8271.0
413.0	7838.0
414.0	8012.0
415.0	8187.0
416.0	7901.0
417.0	8051.0
418.0	8521.0
419.0	8290.0
420.0	7976.0
421.0	8162.0
422.0	8443.0
423.0	8604.0
424.0	8417.0
425.0	8457.0
426.0	7970.0
427.0	8436.0
428.0	8504.0
429.0	8412.0
430.0	8162.0
431.0	8339.0
432.0	8688.0
433.0	8275.0
434.0	8292.0
435.0	8251.0
436.0	8005.0
437.0	8559.0
438.0	8349.0
439.0	8610.0
440.0	8548.0
441.0	8307.0
442.0	8538.0
443.0	8092.0
444.0	8220.0
445.0	8467.0
446.0	8301.0
447.0	8717.0
448.0	8349.0
449.0	8419.0
450.0	8389.0
451.0	8674.0
452.0	8498.0
453.0	8677.0
454.0	8432.0
455.0	7845.0
456.0	8118.0
457.0	8265.0
458.0	8583.0
459.0	8525.0
460.0	8470.0
461.0	8121.0
462.0	8152.0
463.0	8495.0
464.0	8276.0
465.0	8696.0
466.0	8401.0
467.0	8465.0
468.0	8183.0
469.0	8314.0
470.0	8585.0
471.0	8338.0
472.0	7976.0
473.0	8688.0
474.0	8209.0
475.0	8272.0
476.0	8383.0
477.0	8835.0
478.0	8128.0
479.0	8430.0
480.0	8806.0
481.0	8204.0
482.0	8429.0
483.0	8078.0
484.0	8676.0
485.0	8785.0
486.0	8076.0
487.0	8888.0
488.0	8274.0
489.0	8356.0
490.0	8591.0
491.0	8915.0
492.0	8080.0
493.0	8424.0
494.0	8430.0
495.0	8262.0
496.0	8409.0
497.0	8869.0
498.0	7994.0
499.0	8534.0
500.0	8693.0
501.0	8508.0
502.0	8169.0
503.0	8363.0
504.0	7974.0
505.0	8474.0
506.0	8773.0
507.0	8395.0
508.0	8865.0
509.0	8212.0
510.0	8125.0
511.0	8623.0
512.0	8384.0
513.0	8110.0
514.0	8680.0
515.0	8943.0
516.0	8475.0
517.0	8634.0
518.0	8510.0
519.0	8323.0
520.0	8310.0
521.0	8599.0
522.0	8184.0
523.0	8275.0
524.0	8310.0
525.0	7940.0
526.0	8290.0
527.0	8440.0
528.0	8805.0
529.0	8406.0
530.0	7875.0
531.0	8397.0
532.0	8604.0
533.0	8441.0
534.0	8294.0
535.0	8298.0
536.0	8570.0
537.0	8877.0
538.0	8597.0
539.0	8105.0
540.0	8372.0
541.0	8344.0
542.0	8204.0
543.0	8236.0
544.0	8690.0
545.0	8436.0
546.0	8623.0
547.0	8732.0
548.0	8151.0
549.0	8208.0
550.0	8304.0
551.0	8439.0
552.0	8077.0
553.0	8481.0
554.0	8472.0
555.0	8273.0
556.0	8442.0
557.0	8175.0
558.0	8486.0
559.0	8476.0
560.0	8232.0
561.0	8300.0
562.0	8289.0
563.0	8394.0
564.0	8396.0
565.0	8214.0
566.0	8417.0
567.0	8425.0
568.0	8419.0
569.0	8262.0
570.0	8678.0
571.0	8320.0
572.0	8601.0
573.0	8743.0
574.0	8889.0
575.0	8421.0
576.0	8097.0
577.0	8480.0
578.0	8534.0
579.0	8630.0
580.0	8215.0
581.0	8461.0
582.0	8443.0
583.0	8613.0
584.0	8300.0
585.0	8578.0
586.0	8176.0
587.0	7784.0
588.0	8687.0
589.0	8338.0
590.0	8649.0
591.0	8405.0
592.0	8639.0
593.0	8850.0
594.0	8223.0
595.0	8511.0
596.0	8093.0
597.0	8190.0
598.0	8281.0
599.0	8534.0
600.0	8319.0
601.0	8372.0
602.0	8349.0
603.0	8289.0
604.0	8192.0
605.0	8384.0
606.0	7991.0
607.0	8291.0
608.0	8312.0
609.0	8287.0
610.0	8353.0
611.0	7855.0
612.0	8847.0
613.0	8209.0
614.0	8294.0
615.0	8200.0
616.0	8345.0
617.0	8525.0
618.0	8304.0
619.0	8571.0
620.0	7961.0
621.0	8047.0
622.0	8240.0
623.0	7926.0
624.0	8234.0
625.0	8438.0
626.0	8575.0
627.0	8578.0
628.0	8220.0
629.0	8467.0
630.0	8035.0
631.0	8498.0
632.0	8352.0
633.0	8045.0
634.0	8111.0
635.0	8331.0
636.0	8386.0
637.0	8685.0
638.0	8445.0
639.0	8516.0
640.0	8273.0
641.0	8179.0
642.0	8604.0
643.0	8153.0
644.0	8178.0
645.0	7941.0
646.0	8679.0
647.0	8645.0
648.0	8509.0
649.0	8493.0
650.0	7761.0
651.0	8316.0
652.0	8750.0
653.0	8352.0
654.0	8455.0
655.0	7851.0
656.0	8414.0
657.0	8648.0
658.0	8172.0
659.0	8369.0
660.0	8110.0
661.0	7885.0
662.0	8496.0
663.0	8214.0
664.0	8091.0
665.0	8534.0
666.0	8172.0
667.0	7718.0
668.0	8121.0
669.0	8575.0
670.0	8225.0
671.0	8136.0
672.0	7973.0
673.0	8489.0
674.0	8203.0
675.0	8452.0
676.0	7694.0
677.0	8756.0
678.0	8285.0
679.0	8458.0
680.0	7875.0
681.0	8228.0
682.0	8583.0
683.0	8159.0
684.0	8256.0
685.0	8192.0
686.0	8338.0
687.0	8115.0
688.0	8099.0
689.0	7930.0
690.0	8408.0
691.0	8615.0
692.0	8310.0
693.0	8293.0
694.0	8279.0
695.0	8355.0
696.0	8436.0
697.0	8428.0
698.0	8349.0
699.0	8187.0
700.0	8097.0
701.0	7997.0
702.0	8405.0
703.0	8062.0
704.0	8262.0
705.0	8098.0
706.0	8658.0
707.0	8334.0
708.0	8259.0
709.0	8529.0
710.0	8188.0
711.0	8137.0
712.0	7757.0
713.0	8437.0
714.0	8370.0
715.0	8434.0
716.0	9110.0
717.0	8243.0
718.0	8190.0
719.0	8369.0
720.0	8042.0
721.0	8086.0
722.0	8056.0
723.0	8233.0
724.0	8603.0
725.0	8260.0
726.0	8429.0
727.0	8511.0
728.0	8255.0
729.0	8409.0
730.0	8381.0
731.0	8322.0
732.0	8297.0
733.0	8153.0
734.0	8205.0
735.0	8169.0
736.0	8026.0
737.0	7923.0
738.0	8087.0
739.0	8655.0
740.0	8214.0
741.0	8207.0
742.0	8461.0
743.0	8432.0
744.0	7810.0
745.0	8262.0
746.0	8196.0
747.0	8385.0
748.0	8559.0
749.0	8475.0
750.0	8283.0
751.0	8084.0
752.0	8358.0
753.0	7969.0
754.0	8247.0
755.0	8305.0
756.0	8081.0
757.0	8641.0
758.0	7940.0
759.0	8201.0
760.0	8190.0
761.0	8026.0
762.0	8234.0
763.0	8362.0
764.0	8520.0
765.0	7985.0
766.0	8498.0
767.0	8105.0
768.0	8351.0
769.0	8396.0
770.0	8169.0
771.0	8166.0
772.0	8322.0
773.0	7853.0
774.0	8290.0
775.0	8683.0
776.0	8591.0
777.0	8202.0
778.0	8562.0
779.0	8362.0
780.0	8501.0
781.0	8253.0
782.0	8524.0
783.0	7861.0
784.0	8352.0
785.0	7887.0
786.0	8736.0
787.0	8025.0
788.0	8444.0
789.0	8196.0
790.0	8429.0
791.0	7989.0
792.0	8307.0
793.0	8276.0
794.0	8488.0
795.0	8041.0
796.0	7994.0
797.0	8303.0
798.0	8346.0
799.0	8110.0
800.0	8200.0
