$itime = 500
$wv_start = 190.0
$hv = 1000
$grating = 2 1200 g/mm BLZ= 500  nm
$x_amps = 10
$x_volts = 45
$sample = DB2333
$date = 2023-06-02
$temp = 51.99
$wv_stop = 800.0
$time = 19:18:14.045000
$wv_step = 1.0
190.0	9671.0
191.0	10034.0
192.0	9602.0
193.0	9684.0
194.0	9356.0
195.0	9481.0
196.0	10143.0
197.0	9632.0
198.0	10198.0
199.0	10075.0
200.0	10131.0
201.0	9893.0
202.0	10179.0
203.0	10222.0
204.0	10044.0
205.0	10133.0
206.0	9900.0
207.0	10363.0
208.0	10068.0
209.0	9974.0
210.0	10181.0
211.0	10162.0
212.0	9876.0
213.0	10382.0
214.0	10454.0
215.0	9875.0
216.0	10251.0
217.0	10357.0
218.0	10382.0
219.0	10282.0
220.0	10208.0
221.0	9374.0
222.0	10338.0
223.0	10008.0
224.0	9769.0
225.0	9937.0
226.0	9860.0
227.0	9743.0
228.0	9851.0
229.0	9759.0
230.0	9712.0
231.0	10012.0
232.0	10272.0
233.0	9946.0
234.0	9963.0
235.0	9951.0
236.0	10024.0
237.0	9852.0
238.0	10220.0
239.0	9816.0
240.0	10217.0
241.0	9688.0
242.0	9548.0
243.0	9528.0
244.0	10010.0
245.0	9841.0
246.0	9978.0
247.0	10263.0
248.0	10494.0
249.0	10030.0
250.0	9724.0
251.0	10119.0
252.0	9970.0
253.0	9825.0
254.0	10469.0
255.0	9866.0
256.0	9965.0
257.0	9893.0
258.0	10352.0
259.0	9882.0
260.0	10562.0
261.0	10039.0
262.0	9826.0
263.0	10001.0
264.0	9643.0
265.0	9946.0
266.0	9638.0
267.0	10325.0
268.0	9758.0
269.0	10116.0
270.0	10048.0
271.0	9866.0
272.0	9890.0
273.0	10544.0
274.0	10105.0
275.0	9999.0
276.0	10153.0
277.0	9964.0
278.0	9686.0
279.0	10076.0
280.0	10021.0
281.0	9599.0
282.0	9670.0
283.0	9982.0
284.0	9913.0
285.0	10009.0
286.0	9988.0
287.0	10083.0
288.0	9896.0
289.0	10582.0
290.0	9869.0
291.0	9921.0
292.0	10382.0
293.0	9748.0
294.0	10407.0
295.0	9737.0
296.0	9803.0
297.0	9494.0
298.0	9988.0
299.0	9858.0
300.0	10243.0
301.0	10267.0
302.0	9922.0
303.0	10224.0
304.0	9810.0
305.0	9863.0
306.0	10069.0
307.0	9907.0
308.0	9916.0
309.0	10067.0
310.0	9975.0
311.0	10246.0
312.0	10006.0
313.0	10280.0
314.0	10110.0
315.0	9726.0
316.0	10283.0
317.0	9871.0
318.0	9826.0
319.0	10342.0
320.0	10339.0
321.0	10060.0
322.0	10689.0
323.0	9865.0
324.0	10125.0
325.0	10056.0
326.0	10480.0
327.0	9739.0
328.0	10267.0
329.0	9993.0
330.0	10559.0
331.0	9785.0
332.0	9787.0
333.0	10028.0
334.0	10130.0
335.0	10368.0
336.0	10075.0
337.0	9865.0
338.0	10552.0
339.0	10425.0
340.0	9820.0
341.0	9605.0
342.0	9619.0
343.0	10243.0
344.0	10203.0
345.0	10329.0
346.0	9940.0
347.0	10294.0
348.0	9149.0
349.0	9918.0
350.0	9971.0
351.0	9644.0
352.0	9777.0
353.0	9901.0
354.0	10280.0
355.0	10232.0
356.0	9925.0
357.0	9532.0
358.0	9469.0
359.0	9978.0
360.0	9722.0
361.0	9821.0
362.0	10152.0
363.0	10513.0
364.0	10281.0
365.0	9849.0
366.0	10071.0
367.0	9915.0
368.0	10159.0
369.0	9860.0
370.0	9865.0
371.0	9980.0
372.0	9650.0
373.0	10029.0
374.0	9700.0
375.0	9890.0
376.0	9922.0
377.0	9983.0
378.0	9935.0
379.0	9788.0
380.0	10088.0
381.0	10368.0
382.0	10172.0
383.0	10167.0
384.0	10403.0
385.0	10102.0
386.0	10076.0
387.0	9956.0
388.0	9971.0
389.0	9981.0
390.0	9989.0
391.0	9985.0
392.0	10173.0
393.0	10150.0
394.0	9756.0
395.0	9895.0
396.0	9845.0
397.0	9887.0
398.0	10174.0
399.0	9985.0
400.0	9774.0
401.0	9995.0
402.0	10109.0
403.0	10057.0
404.0	10397.0
405.0	10034.0
406.0	10187.0
407.0	9520.0
408.0	10350.0
409.0	10254.0
410.0	10033.0
411.0	9757.0
412.0	10049.0
413.0	10008.0
414.0	9863.0
415.0	10108.0
416.0	9825.0
417.0	9907.0
418.0	10069.0
419.0	10031.0
420.0	10348.0
421.0	10243.0
422.0	10008.0
423.0	9868.0
424.0	10188.0
425.0	10024.0
426.0	10643.0
427.0	9800.0
428.0	10154.0
429.0	10210.0
430.0	10013.0
431.0	10006.0
432.0	10490.0
433.0	10273.0
434.0	10441.0
435.0	10152.0
436.0	10306.0
437.0	10156.0
438.0	10294.0
439.0	9660.0
440.0	10067.0
441.0	10075.0
442.0	9700.0
443.0	10261.0
444.0	9706.0
445.0	10272.0
446.0	9772.0
447.0	10101.0
448.0	10255.0
449.0	10152.0
450.0	10002.0
451.0	10060.0
452.0	10024.0
453.0	10162.0
454.0	9988.0
455.0	9854.0
456.0	10262.0
457.0	10395.0
458.0	9900.0
459.0	9857.0
460.0	9935.0
461.0	10161.0
462.0	10167.0
463.0	10622.0
464.0	10244.0
465.0	10399.0
466.0	11250.0
467.0	10946.0
468.0	10277.0
469.0	10734.0
470.0	10222.0
471.0	10603.0
472.0	10450.0
473.0	10430.0
474.0	10310.0
475.0	10387.0
476.0	10458.0
477.0	10936.0
478.0	10453.0
479.0	11877.0
480.0	11847.0
481.0	11438.0
482.0	10720.0
483.0	11280.0
484.0	10531.0
485.0	10730.0
486.0	10402.0
487.0	11004.0
488.0	10948.0
489.0	11360.0
490.0	10936.0
491.0	10612.0
492.0	10893.0
493.0	10662.0
494.0	11127.0
495.0	11535.0
496.0	10805.0
497.0	11397.0
498.0	11341.0
499.0	11309.0
500.0	11766.0
501.0	11730.0
502.0	12208.0
503.0	12370.0
504.0	11300.0
505.0	11416.0
506.0	10925.0
507.0	11493.0
508.0	11240.0
509.0	11179.0
510.0	11231.0
511.0	11273.0
512.0	11070.0
513.0	11386.0
514.0	11166.0
515.0	11339.0
516.0	11217.0
517.0	11010.0
518.0	11127.0
519.0	11565.0
520.0	10723.0
521.0	10247.0
522.0	10933.0
523.0	10945.0
524.0	11537.0
525.0	10938.0
526.0	11029.0
527.0	11190.0
528.0	11141.0
529.0	11481.0
530.0	11004.0
531.0	10769.0
532.0	10629.0
533.0	11262.0
534.0	10780.0
535.0	11013.0
536.0	10556.0
537.0	10740.0
538.0	10866.0
539.0	10941.0
540.0	10607.0
541.0	10803.0
542.0	11140.0
543.0	10705.0
544.0	10875.0
545.0	11256.0
546.0	11041.0
547.0	11208.0
548.0	10523.0
549.0	10622.0
550.0	10985.0
551.0	10155.0
552.0	10645.0
553.0	10827.0
554.0	10520.0
555.0	10810.0
556.0	10353.0
557.0	10648.0
558.0	10609.0
559.0	10409.0
560.0	10598.0
561.0	10449.0
562.0	10156.0
563.0	10098.0
564.0	10241.0
565.0	10062.0
566.0	10562.0
567.0	10355.0
568.0	10496.0
569.0	10457.0
570.0	10724.0
571.0	10568.0
572.0	10670.0
573.0	9957.0
574.0	10617.0
575.0	10353.0
576.0	10315.0
577.0	10043.0
578.0	10716.0
579.0	10307.0
580.0	10388.0
581.0	10299.0
582.0	9967.0
583.0	10302.0
584.0	9869.0
585.0	10270.0
586.0	10295.0
587.0	9868.0
588.0	10356.0
589.0	10148.0
590.0	10260.0
591.0	10488.0
592.0	9854.0
593.0	10734.0
594.0	10245.0
595.0	10490.0
596.0	10061.0
597.0	10167.0
598.0	9893.0
599.0	10031.0
600.0	10286.0
601.0	9982.0
602.0	9887.0
603.0	10144.0
604.0	9475.0
605.0	9626.0
606.0	10200.0
607.0	10156.0
608.0	10357.0
609.0	10286.0
610.0	10138.0
611.0	9981.0
612.0	10077.0
613.0	10043.0
614.0	10307.0
615.0	9415.0
616.0	9809.0
617.0	10276.0
618.0	10187.0
619.0	10170.0
620.0	9970.0
621.0	9847.0
622.0	9534.0
623.0	10404.0
624.0	10300.0
625.0	10056.0
626.0	9752.0
627.0	9529.0
628.0	9787.0
629.0	10556.0
630.0	9897.0
631.0	9845.0
632.0	10075.0
633.0	10511.0
634.0	10346.0
635.0	10134.0
636.0	9881.0
637.0	10351.0
638.0	10026.0
639.0	9737.0
640.0	10203.0
641.0	9646.0
642.0	10152.0
643.0	10161.0
644.0	9750.0
645.0	9706.0
646.0	10053.0
647.0	9505.0
648.0	9771.0
649.0	9519.0
650.0	9901.0
651.0	10124.0
652.0	10176.0
653.0	9859.0
654.0	10230.0
655.0	9583.0
656.0	10186.0
657.0	9399.0
658.0	10035.0
659.0	10180.0
660.0	9992.0
661.0	9658.0
662.0	9786.0
663.0	9995.0
664.0	10145.0
665.0	10082.0
666.0	10090.0
667.0	9893.0
668.0	10038.0
669.0	9785.0
670.0	10303.0
671.0	9929.0
672.0	10170.0
673.0	10319.0
674.0	10255.0
675.0	9993.0
676.0	10301.0
677.0	9998.0
678.0	10261.0
679.0	9613.0
680.0	9453.0
681.0	10211.0
682.0	9969.0
683.0	9459.0
684.0	10008.0
685.0	10535.0
686.0	10545.0
687.0	9716.0
688.0	9971.0
689.0	10165.0
690.0	10235.0
691.0	10056.0
692.0	9825.0
693.0	9725.0
694.0	10380.0
695.0	10028.0
696.0	10174.0
697.0	10144.0
698.0	9312.0
699.0	10207.0
700.0	9741.0
701.0	9694.0
702.0	10269.0
703.0	9829.0
704.0	9798.0
705.0	9940.0
706.0	10056.0
707.0	9914.0
708.0	9813.0
709.0	9841.0
710.0	9985.0
711.0	10294.0
712.0	10187.0
713.0	10487.0
714.0	10161.0
715.0	10321.0
716.0	10188.0
717.0	9901.0
718.0	9738.0
719.0	9573.0
720.0	10320.0
721.0	9683.0
722.0	10176.0
723.0	9816.0
724.0	9478.0
725.0	9539.0
726.0	9896.0
727.0	9806.0
728.0	9989.0
729.0	9860.0
730.0	9900.0
731.0	9800.0
732.0	10172.0
733.0	10304.0
734.0	9981.0
735.0	10334.0
736.0	10106.0
737.0	9621.0
738.0	10009.0
739.0	9940.0
740.0	9983.0
741.0	9716.0
742.0	10158.0
743.0	9980.0
744.0	9822.0
745.0	10160.0
746.0	9852.0
747.0	10269.0
748.0	9725.0
749.0	9853.0
750.0	10378.0
751.0	9997.0
752.0	10243.0
753.0	10325.0
754.0	9928.0
755.0	10152.0
756.0	10064.0
757.0	10312.0
758.0	9407.0
759.0	10207.0
760.0	10165.0
761.0	10004.0
762.0	10273.0
763.0	10186.0
764.0	9777.0
765.0	9901.0
766.0	9977.0
767.0	10008.0
768.0	9580.0
769.0	9746.0
770.0	9482.0
771.0	9981.0
772.0	10286.0
773.0	10064.0
774.0	10174.0
775.0	9921.0
776.0	9916.0
777.0	10023.0
778.0	9979.0
779.0	10281.0
780.0	9961.0
781.0	10157.0
782.0	10326.0
783.0	9825.0
784.0	10476.0
785.0	10411.0
786.0	9908.0
787.0	9819.0
788.0	10222.0
789.0	10128.0
790.0	9849.0
791.0	10071.0
792.0	9985.0
793.0	10388.0
794.0	9978.0
795.0	9912.0
796.0	9774.0
797.0	9995.0
798.0	10006.0
799.0	10030.0
800.0	10160.0
