$itime = 500
$wv_start = 190.0
$hv = 1000
$grating = 2 1200 g/mm BLZ= 500  nm
$x_amps = 10
$x_volts = 45
$sample = DB2333
$date = 2023-06-02
$temp = 282.0
$wv_stop = 800.0
$time = 11:41:43.714000
$wv_step = 1.0
190.0	7751.0
191.0	7909.0
192.0	8155.0
193.0	7846.0
194.0	8274.0
195.0	7858.0
196.0	8011.0
197.0	7592.0
198.0	7756.0
199.0	7718.0
200.0	7890.0
201.0	7763.0
202.0	7857.0
203.0	8044.0
204.0	8166.0
205.0	8235.0
206.0	8195.0
207.0	7975.0
208.0	7720.0
209.0	8027.0
210.0	8148.0
211.0	8160.0
212.0	7639.0
213.0	8097.0
214.0	8308.0
215.0	7958.0
216.0	7940.0
217.0	8390.0
218.0	7829.0
219.0	7709.0
220.0	7626.0
221.0	8011.0
222.0	8168.0
223.0	8253.0
224.0	7718.0
225.0	8168.0
226.0	8045.0
227.0	8297.0
228.0	7718.0
229.0	7899.0
230.0	7898.0
231.0	7773.0
232.0	7952.0
233.0	7751.0
234.0	8202.0
235.0	8081.0
236.0	8080.0
237.0	8423.0
238.0	8027.0
239.0	7983.0
240.0	8014.0
241.0	7723.0
242.0	7948.0
243.0	8174.0
244.0	8045.0
245.0	8051.0
246.0	7784.0
247.0	7794.0
248.0	7788.0
249.0	7709.0
250.0	7976.0
251.0	7564.0
252.0	7796.0
253.0	7984.0
254.0	7897.0
255.0	8035.0
256.0	8126.0
257.0	8310.0
258.0	7974.0
259.0	8229.0
260.0	7642.0
261.0	7886.0
262.0	8394.0
263.0	7896.0
264.0	8095.0
265.0	7915.0
266.0	7668.0
267.0	7773.0
268.0	7999.0
269.0	8084.0
270.0	8315.0
271.0	8528.0
272.0	8192.0
273.0	8078.0
274.0	8396.0
275.0	7960.0
276.0	8587.0
277.0	8168.0
278.0	8614.0
279.0	8262.0
280.0	8205.0
281.0	8029.0
282.0	8214.0
283.0	8062.0
284.0	8012.0
285.0	8148.0
286.0	7864.0
287.0	8009.0
288.0	8015.0
289.0	8305.0
290.0	8061.0
291.0	8193.0
292.0	8092.0
293.0	7853.0
294.0	8308.0
295.0	8252.0
296.0	8278.0
297.0	7768.0
298.0	7976.0
299.0	7768.0
300.0	8011.0
301.0	8185.0
302.0	8586.0
303.0	7948.0
304.0	8390.0
305.0	7863.0
306.0	8339.0
307.0	7583.0
308.0	7747.0
309.0	7854.0
310.0	8027.0
311.0	8247.0
312.0	8327.0
313.0	8170.0
314.0	8092.0
315.0	8315.0
316.0	8226.0
317.0	8554.0
318.0	7879.0
319.0	8485.0
320.0	8291.0
321.0	8436.0
322.0	8208.0
323.0	7976.0
324.0	8141.0
325.0	7788.0
326.0	8013.0
327.0	8274.0
328.0	7961.0
329.0	8197.0
330.0	7712.0
331.0	8214.0
332.0	7728.0
333.0	7909.0
334.0	7951.0
335.0	8019.0
336.0	7860.0
337.0	8086.0
338.0	7903.0
339.0	7984.0
340.0	8260.0
341.0	7846.0
342.0	8500.0
343.0	8247.0
344.0	7995.0
345.0	8172.0
346.0	8091.0
347.0	7686.0
348.0	7937.0
349.0	8196.0
350.0	7774.0
351.0	7792.0
352.0	7957.0
353.0	8134.0
354.0	8274.0
355.0	7999.0
356.0	7590.0
357.0	8013.0
358.0	7948.0
359.0	8291.0
360.0	7931.0
361.0	7951.0
362.0	8284.0
363.0	7903.0
364.0	8121.0
365.0	8045.0
366.0	7775.0
367.0	8150.0
368.0	7907.0
369.0	7679.0
370.0	8260.0
371.0	7771.0
372.0	8327.0
373.0	7756.0
374.0	8395.0
375.0	8201.0
376.0	8202.0
377.0	8010.0
378.0	8157.0
379.0	8162.0
380.0	8234.0
381.0	8001.0
382.0	8301.0
383.0	7939.0
384.0	7829.0
385.0	8212.0
386.0	8092.0
387.0	8271.0
388.0	7986.0
389.0	7924.0
390.0	8300.0
391.0	8180.0
392.0	8168.0
393.0	7989.0
394.0	8123.0
395.0	8138.0
396.0	7490.0
397.0	7718.0
398.0	7597.0
399.0	7977.0
400.0	7915.0
401.0	8272.0
402.0	7842.0
403.0	8148.0
404.0	8107.0
405.0	7923.0
406.0	8051.0
407.0	8477.0
408.0	8119.0
409.0	7498.0
410.0	8160.0
411.0	7956.0
412.0	8088.0
413.0	7784.0
414.0	8172.0
415.0	8086.0
416.0	7925.0
417.0	8034.0
418.0	8257.0
419.0	8088.0
420.0	7822.0
421.0	7932.0
422.0	7956.0
423.0	8038.0
424.0	7981.0
425.0	8289.0
426.0	7576.0
427.0	7989.0
428.0	8498.0
429.0	8039.0
430.0	7932.0
431.0	8128.0
432.0	7850.0
433.0	8070.0
434.0	8074.0
435.0	8051.0
436.0	8027.0
437.0	7829.0
438.0	7840.0
439.0	8298.0
440.0	8209.0
441.0	8388.0
442.0	8632.0
443.0	7487.0
444.0	7890.0
445.0	8061.0
446.0	7941.0
447.0	7977.0
448.0	8045.0
449.0	8028.0
450.0	8008.0
451.0	7894.0
452.0	8447.0
453.0	8375.0
454.0	7926.0
455.0	7897.0
456.0	7846.0
457.0	7964.0
458.0	8164.0
459.0	8052.0
460.0	8571.0
461.0	7676.0
462.0	8149.0
463.0	8330.0
464.0	8121.0
465.0	7824.0
466.0	7412.0
467.0	8204.0
468.0	8346.0
469.0	8097.0
470.0	8047.0
471.0	7914.0
472.0	8000.0
473.0	8034.0
474.0	7875.0
475.0	8343.0
476.0	7991.0
477.0	7926.0
478.0	8396.0
479.0	8061.0
480.0	8188.0
481.0	8403.0
482.0	7998.0
483.0	8476.0
484.0	8174.0
485.0	8027.0
486.0	8286.0
487.0	8085.0
488.0	7984.0
489.0	7930.0
490.0	8119.0
491.0	8235.0
492.0	8167.0
493.0	7722.0
494.0	8201.0
495.0	8116.0
496.0	7940.0
497.0	8186.0
498.0	8320.0
499.0	7927.0
500.0	8280.0
501.0	7621.0
502.0	8194.0
503.0	8040.0
504.0	8392.0
505.0	8578.0
506.0	7875.0
507.0	7858.0
508.0	8216.0
509.0	8207.0
510.0	8639.0
511.0	8092.0
512.0	8055.0
513.0	7951.0
514.0	8300.0
515.0	8608.0
516.0	8192.0
517.0	7577.0
518.0	8213.0
519.0	7880.0
520.0	8460.0
521.0	7853.0
522.0	7947.0
523.0	8009.0
524.0	8088.0
525.0	8272.0
526.0	7945.0
527.0	7999.0
528.0	8183.0
529.0	8056.0
530.0	8082.0
531.0	8604.0
532.0	7914.0
533.0	8196.0
534.0	8272.0
535.0	8111.0
536.0	7929.0
537.0	8524.0
538.0	8445.0
539.0	8084.0
540.0	8276.0
541.0	7937.0
542.0	8206.0
543.0	7870.0
544.0	8166.0
545.0	7676.0
546.0	8142.0
547.0	7995.0
548.0	8280.0
549.0	8086.0
550.0	7974.0
551.0	8115.0
552.0	8340.0
553.0	8409.0
554.0	8134.0
555.0	8409.0
556.0	7957.0
557.0	8520.0
558.0	8185.0
559.0	8102.0
560.0	7986.0
561.0	8518.0
562.0	7724.0
563.0	7876.0
564.0	7925.0
565.0	8139.0
566.0	8385.0
567.0	8027.0
568.0	8350.0
569.0	8431.0
570.0	8297.0
571.0	8583.0
572.0	8167.0
573.0	8074.0
574.0	7875.0
575.0	8218.0
576.0	8025.0
577.0	7828.0
578.0	8467.0
579.0	8681.0
580.0	8338.0
581.0	8320.0
582.0	8181.0
583.0	7652.0
584.0	8068.0
585.0	8134.0
586.0	7950.0
587.0	7979.0
588.0	8622.0
589.0	7773.0
590.0	8196.0
591.0	8229.0
592.0	8236.0
593.0	8186.0
594.0	8097.0
595.0	8110.0
596.0	8229.0
597.0	8223.0
598.0	7897.0
599.0	8012.0
600.0	7766.0
601.0	8000.0
602.0	8008.0
603.0	8086.0
604.0	8311.0
605.0	8104.0
606.0	8242.0
607.0	8436.0
608.0	7819.0
609.0	8218.0
610.0	8351.0
611.0	8115.0
612.0	7671.0
613.0	7682.0
614.0	7968.0
615.0	8209.0
616.0	8208.0
617.0	8126.0
618.0	8424.0
619.0	7937.0
620.0	8338.0
621.0	8706.0
622.0	7748.0
623.0	8202.0
624.0	8021.0
625.0	7875.0
626.0	8235.0
627.0	8358.0
628.0	8016.0
629.0	8205.0
630.0	7774.0
631.0	8405.0
632.0	8085.0
633.0	8402.0
634.0	8005.0
635.0	7976.0
636.0	8112.0
637.0	8027.0
638.0	7698.0
639.0	8044.0
640.0	7975.0
641.0	7718.0
642.0	8277.0
643.0	7598.0
644.0	7745.0
645.0	8236.0
646.0	8281.0
647.0	7568.0
648.0	7874.0
649.0	8181.0
650.0	7918.0
651.0	8308.0
652.0	8113.0
653.0	8187.0
654.0	7895.0
655.0	8409.0
656.0	8259.0
657.0	7598.0
658.0	8035.0
659.0	8446.0
660.0	7652.0
661.0	8338.0
662.0	8235.0
663.0	8256.0
664.0	8108.0
665.0	8190.0
666.0	8015.0
667.0	8158.0
668.0	8073.0
669.0	8029.0
670.0	7985.0
671.0	7655.0
672.0	8307.0
673.0	8074.0
674.0	8375.0
675.0	8211.0
676.0	8166.0
677.0	8293.0
678.0	7965.0
679.0	7980.0
680.0	7929.0
681.0	8375.0
682.0	8205.0
683.0	8076.0
684.0	7881.0
685.0	8005.0
686.0	8112.0
687.0	8072.0
688.0	8098.0
689.0	8009.0
690.0	7679.0
691.0	7699.0
692.0	8414.0
693.0	7918.0
694.0	8492.0
695.0	8050.0
696.0	7917.0
697.0	8567.0
698.0	8258.0
699.0	8009.0
700.0	7752.0
701.0	8060.0
702.0	7940.0
703.0	8205.0
704.0	8121.0
705.0	8103.0
706.0	7761.0
707.0	8307.0
708.0	7477.0
709.0	8236.0
710.0	7951.0
711.0	8210.0
712.0	8166.0
713.0	7956.0
714.0	7651.0
715.0	8295.0
716.0	7753.0
717.0	8007.0
718.0	8480.0
719.0	7890.0
720.0	8002.0
721.0	8296.0
722.0	7747.0
723.0	7829.0
724.0	7747.0
725.0	8411.0
726.0	7721.0
727.0	7593.0
728.0	7970.0
729.0	8005.0
730.0	7628.0
731.0	8116.0
732.0	8136.0
733.0	8467.0
734.0	8279.0
735.0	7933.0
736.0	8339.0
737.0	7995.0
738.0	7979.0
739.0	7926.0
740.0	7830.0
741.0	7999.0
742.0	7974.0
743.0	8076.0
744.0	8319.0
745.0	8271.0
746.0	8300.0
747.0	8011.0
748.0	8190.0
749.0	7826.0
750.0	7731.0
751.0	8256.0
752.0	7847.0
753.0	8447.0
754.0	7713.0
755.0	8038.0
756.0	8234.0
757.0	8027.0
758.0	8038.0
759.0	7996.0
760.0	7972.0
761.0	7929.0
762.0	8005.0
763.0	8154.0
764.0	7888.0
765.0	8150.0
766.0	8276.0
767.0	7735.0
768.0	7718.0
769.0	7937.0
770.0	7972.0
771.0	7849.0
772.0	7997.0
773.0	7831.0
774.0	8077.0
775.0	8299.0
776.0	8036.0
777.0	8062.0
778.0	8087.0
779.0	7989.0
780.0	8110.0
781.0	7724.0
782.0	8330.0
783.0	7923.0
784.0	8003.0
785.0	8011.0
786.0	8002.0
787.0	8192.0
788.0	8293.0
789.0	8406.0
790.0	8014.0
791.0	8077.0
792.0	8085.0
793.0	8260.0
794.0	8152.0
795.0	7875.0
796.0	7901.0
797.0	7933.0
798.0	8220.0
799.0	8224.0
800.0	7879.0
