$itime = 510
$wv_start = 190.0
$hv = 1000
$grating = 2 1200 g/mm BLZ= 500  nm
$x_amps = 10
$x_volts = 45
$sample = DB2333_012
$date = 2023-06-02
$temp = 24.57
$wv_stop = 800.0
$time = 22:08:34.337000
$wv_step = 1.0
190.0	10228.0
191.0	10409.0
192.0	10224.0
193.0	9957.0
194.0	9979.0
195.0	10124.0
196.0	10618.0
197.0	10594.0
198.0	10406.0
199.0	10057.0
200.0	10170.0
201.0	10085.0
202.0	10072.0
203.0	10454.0
204.0	10348.0
205.0	10168.0
206.0	9854.0
207.0	10546.0
208.0	10344.0
209.0	10087.0
210.0	10434.0
211.0	9903.0
212.0	9813.0
213.0	10150.0
214.0	9844.0
215.0	10387.0
216.0	10161.0
217.0	9940.0
218.0	10098.0
219.0	9955.0
220.0	10299.0
221.0	10315.0
222.0	10143.0
223.0	10144.0
224.0	9563.0
225.0	10106.0
226.0	10219.0
227.0	10182.0
228.0	9954.0
229.0	10072.0
230.0	10234.0
231.0	10094.0
232.0	10155.0
233.0	10338.0
234.0	9833.0
235.0	10321.0
236.0	10169.0
237.0	9868.0
238.0	10250.0
239.0	10467.0
240.0	10490.0
241.0	9835.0
242.0	10256.0
243.0	10397.0
244.0	10861.0
245.0	10015.0
246.0	10284.0
247.0	10473.0
248.0	10189.0
249.0	10170.0
250.0	9903.0
251.0	9975.0
252.0	10485.0
253.0	9894.0
254.0	9960.0
255.0	9993.0
256.0	9972.0
257.0	10175.0
258.0	10359.0
259.0	10259.0
260.0	10536.0
261.0	10133.0
262.0	10063.0
263.0	10219.0
264.0	10107.0
265.0	10692.0
266.0	9881.0
267.0	9959.0
268.0	10159.0
269.0	10420.0
270.0	9985.0
271.0	10018.0
272.0	9995.0
273.0	10232.0
274.0	10701.0
275.0	10159.0
276.0	10535.0
277.0	10420.0
278.0	10468.0
279.0	10282.0
280.0	10408.0
281.0	10492.0
282.0	10387.0
283.0	10154.0
284.0	10560.0
285.0	10249.0
286.0	10308.0
287.0	10350.0
288.0	10099.0
289.0	10310.0
290.0	10242.0
291.0	10011.0
292.0	10388.0
293.0	10091.0
294.0	10209.0
295.0	10576.0
296.0	10010.0
297.0	10471.0
298.0	10802.0
299.0	9954.0
300.0	10582.0
301.0	9946.0
302.0	10221.0
303.0	10120.0
304.0	10357.0
305.0	10674.0
306.0	9952.0
307.0	10854.0
308.0	10307.0
309.0	9990.0
310.0	10353.0
311.0	10263.0
312.0	10707.0
313.0	10174.0
314.0	10857.0
315.0	10417.0
316.0	10387.0
317.0	9993.0
318.0	10258.0
319.0	10587.0
320.0	10929.0
321.0	10394.0
322.0	10510.0
323.0	10353.0
324.0	10211.0
325.0	10303.0
326.0	10119.0
327.0	10126.0
328.0	10476.0
329.0	10261.0
330.0	9933.0
331.0	10536.0
332.0	10560.0
333.0	10809.0
334.0	10047.0
335.0	10633.0
336.0	10128.0
337.0	10161.0
338.0	10299.0
339.0	10072.0
340.0	10338.0
341.0	10329.0
342.0	10476.0
343.0	10214.0
344.0	10342.0
345.0	10241.0
346.0	10573.0
347.0	10643.0
348.0	10748.0
349.0	9955.0
350.0	9957.0
351.0	10478.0
352.0	10231.0
353.0	9957.0
354.0	10260.0
355.0	10118.0
356.0	9996.0
357.0	10258.0
358.0	10293.0
359.0	10160.0
360.0	10304.0
361.0	10109.0
362.0	10005.0
363.0	10297.0
364.0	10359.0
365.0	10182.0
366.0	10224.0
367.0	10212.0
368.0	10251.0
369.0	9862.0
370.0	10105.0
371.0	10139.0
372.0	10173.0
373.0	9943.0
374.0	9941.0
375.0	10253.0
376.0	10140.0
377.0	10481.0
378.0	10472.0
379.0	10226.0
380.0	10055.0
381.0	10405.0
382.0	10072.0
383.0	10421.0
384.0	10520.0
385.0	10148.0
386.0	9698.0
387.0	10392.0
388.0	10309.0
389.0	10058.0
390.0	10212.0
391.0	10041.0
392.0	10243.0
393.0	10227.0
394.0	10388.0
395.0	9956.0
396.0	10423.0
397.0	10228.0
398.0	10570.0
399.0	10604.0
400.0	9835.0
401.0	10295.0
402.0	10160.0
403.0	10436.0
404.0	10770.0
405.0	10338.0
406.0	10415.0
407.0	10340.0
408.0	10045.0
409.0	10212.0
410.0	9940.0
411.0	10545.0
412.0	10762.0
413.0	10087.0
414.0	10127.0
415.0	9841.0
416.0	9895.0
417.0	10104.0
418.0	10399.0
419.0	10346.0
420.0	9954.0
421.0	10052.0
422.0	10051.0
423.0	10306.0
424.0	10159.0
425.0	10703.0
426.0	10512.0
427.0	10595.0
428.0	10647.0
429.0	10746.0
430.0	10353.0
431.0	10754.0
432.0	10075.0
433.0	10207.0
434.0	10026.0
435.0	10144.0
436.0	10028.0
437.0	10474.0
438.0	10155.0
439.0	9975.0
440.0	10447.0
441.0	10313.0
442.0	10996.0
443.0	10610.0
444.0	10070.0
445.0	10395.0
446.0	10645.0
447.0	10310.0
448.0	9660.0
449.0	10638.0
450.0	9646.0
451.0	10433.0
452.0	10465.0
453.0	10599.0
454.0	10436.0
455.0	10417.0
456.0	10196.0
457.0	10237.0
458.0	10177.0
459.0	10265.0
460.0	10149.0
461.0	10485.0
462.0	10251.0
463.0	10165.0
464.0	10720.0
465.0	11042.0
466.0	11308.0
467.0	11548.0
468.0	11338.0
469.0	10357.0
470.0	10603.0
471.0	10877.0
472.0	10631.0
473.0	10749.0
474.0	10267.0
475.0	10840.0
476.0	10941.0
477.0	11207.0
478.0	11431.0
479.0	12572.0
480.0	12580.0
481.0	12371.0
482.0	10993.0
483.0	11237.0
484.0	10899.0
485.0	10526.0
486.0	10704.0
487.0	10896.0
488.0	10815.0
489.0	10908.0
490.0	11139.0
491.0	11016.0
492.0	10699.0
493.0	11524.0
494.0	11462.0
495.0	10995.0
496.0	10906.0
497.0	10816.0
498.0	10898.0
499.0	11148.0
500.0	11692.0
501.0	11551.0
502.0	12908.0
503.0	12233.0
504.0	11236.0
505.0	11764.0
506.0	11506.0
507.0	11711.0
508.0	11712.0
509.0	11102.0
510.0	11461.0
511.0	11423.0
512.0	11176.0
513.0	11928.0
514.0	10929.0
515.0	11784.0
516.0	11361.0
517.0	11474.0
518.0	11497.0
519.0	10889.0
520.0	11232.0
521.0	10812.0
522.0	11469.0
523.0	10707.0
524.0	11617.0
525.0	10973.0
526.0	11120.0
527.0	11176.0
528.0	11627.0
529.0	11089.0
530.0	11082.0
531.0	11230.0
532.0	11267.0
533.0	11017.0
534.0	11405.0
535.0	11130.0
536.0	11685.0
537.0	11353.0
538.0	10984.0
539.0	11256.0
540.0	10639.0
541.0	11429.0
542.0	10941.0
543.0	11105.0
544.0	11862.0
545.0	10925.0
546.0	11256.0
547.0	10690.0
548.0	10961.0
549.0	10745.0
550.0	10621.0
551.0	10523.0
552.0	11019.0
553.0	11528.0
554.0	10299.0
555.0	10626.0
556.0	10640.0
557.0	10615.0
558.0	10822.0
559.0	10462.0
560.0	10574.0
561.0	10546.0
562.0	10723.0
563.0	10408.0
564.0	10872.0
565.0	10969.0
566.0	10713.0
567.0	11137.0
568.0	10847.0
569.0	10770.0
570.0	10746.0
571.0	11208.0
572.0	10990.0
573.0	10494.0
574.0	10950.0
575.0	10533.0
576.0	10661.0
577.0	10607.0
578.0	10996.0
579.0	10609.0
580.0	10691.0
581.0	10821.0
582.0	10661.0
583.0	11050.0
584.0	10303.0
585.0	10863.0
586.0	10439.0
587.0	10022.0
588.0	10512.0
589.0	10814.0
590.0	10491.0
591.0	10624.0
592.0	10296.0
593.0	10543.0
594.0	10514.0
595.0	10488.0
596.0	11003.0
597.0	10159.0
598.0	10149.0
599.0	10768.0
600.0	10017.0
601.0	10352.0
602.0	10456.0
603.0	10466.0
604.0	10910.0
605.0	10906.0
606.0	10506.0
607.0	10399.0
608.0	10417.0
609.0	10003.0
610.0	10375.0
611.0	10167.0
612.0	10158.0
613.0	10538.0
614.0	10392.0
615.0	10155.0
616.0	10171.0
617.0	9972.0
618.0	9772.0
619.0	10467.0
620.0	10184.0
621.0	10131.0
622.0	10236.0
623.0	10124.0
624.0	10003.0
625.0	10345.0
626.0	10241.0
627.0	10633.0
628.0	10253.0
629.0	10153.0
630.0	9979.0
631.0	10295.0
632.0	10055.0
633.0	9998.0
634.0	10341.0
635.0	10415.0
636.0	10091.0
637.0	10930.0
638.0	10083.0
639.0	10491.0
640.0	10317.0
641.0	10334.0
642.0	10116.0
643.0	10408.0
644.0	10227.0
645.0	9979.0
646.0	10004.0
647.0	10215.0
648.0	10350.0
649.0	10235.0
650.0	10098.0
651.0	10094.0
652.0	10091.0
653.0	10271.0
654.0	10438.0
655.0	10307.0
656.0	9878.0
657.0	9836.0
658.0	9958.0
659.0	10397.0
660.0	10108.0
661.0	10118.0
662.0	10366.0
663.0	10116.0
664.0	10574.0
665.0	10537.0
666.0	10397.0
667.0	9821.0
668.0	10574.0
669.0	9970.0
670.0	10058.0
671.0	9775.0
672.0	10163.0
673.0	10728.0
674.0	10491.0
675.0	10491.0
676.0	10201.0
677.0	9970.0
678.0	10160.0
679.0	10369.0
680.0	10473.0
681.0	10332.0
682.0	10146.0
683.0	10121.0
684.0	10176.0
685.0	10339.0
686.0	9957.0
687.0	9953.0
688.0	10462.0
689.0	9687.0
690.0	10438.0
691.0	10464.0
692.0	9844.0
693.0	10487.0
694.0	10390.0
695.0	10273.0
696.0	10297.0
697.0	10641.0
698.0	9977.0
699.0	9868.0
700.0	9990.0
701.0	10032.0
702.0	9902.0
703.0	10468.0
704.0	10054.0
705.0	10384.0
706.0	9835.0
707.0	9885.0
708.0	10246.0
709.0	10464.0
710.0	10374.0
711.0	10294.0
712.0	10688.0
713.0	10583.0
714.0	10015.0
715.0	9923.0
716.0	9679.0
717.0	10244.0
718.0	10006.0
719.0	10032.0
720.0	9981.0
721.0	10166.0
722.0	9993.0
723.0	10230.0
724.0	10170.0
725.0	10312.0
726.0	10582.0
727.0	10388.0
728.0	10084.0
729.0	10381.0
730.0	10255.0
731.0	10379.0
732.0	10168.0
733.0	10396.0
734.0	10610.0
735.0	10170.0
736.0	10420.0
737.0	10636.0
738.0	10394.0
739.0	10247.0
740.0	10330.0
741.0	10383.0
742.0	10370.0
743.0	10305.0
744.0	10309.0
745.0	10191.0
746.0	10320.0
747.0	10612.0
748.0	10352.0
749.0	10361.0
750.0	9881.0
751.0	10385.0
752.0	10139.0
753.0	10696.0
754.0	10463.0
755.0	10594.0
756.0	10563.0
757.0	10011.0
758.0	10639.0
759.0	10026.0
760.0	10052.0
761.0	9739.0
762.0	9969.0
763.0	10167.0
764.0	10097.0
765.0	10040.0
766.0	10388.0
767.0	10278.0
768.0	9858.0
769.0	10116.0
770.0	10456.0
771.0	9922.0
772.0	10005.0
773.0	10131.0
774.0	10012.0
775.0	10032.0
776.0	10016.0
777.0	10168.0
778.0	10727.0
779.0	10374.0
780.0	10093.0
781.0	9966.0
782.0	10015.0
783.0	10393.0
784.0	10165.0
785.0	10136.0
786.0	10358.0
787.0	10084.0
788.0	10201.0
789.0	10305.0
790.0	9953.0
791.0	10375.0
792.0	10260.0
793.0	9533.0
794.0	9968.0
795.0	10498.0
796.0	10488.0
797.0	10425.0
798.0	10397.0
799.0	10224.0
800.0	10150.0
