$itime = 500
$wv_start = 190.0
$hv = 1000
$grating = 2 1200 g/mm BLZ= 500  nm
$x_amps = 10
$x_volts = 45
$sample = DB2333
$date = 2023-06-02
$temp = 171.99
$wv_stop = 800.0
$time = 19:18:14.045000
$wv_step = 1.0
190.0	9623.0
191.0	9366.0
192.0	9675.0
193.0	9972.0
194.0	9606.0
195.0	9469.0
196.0	9688.0
197.0	9526.0
198.0	9709.0
199.0	10504.0
200.0	9260.0
201.0	9644.0
202.0	9374.0
203.0	9444.0
204.0	9574.0
205.0	9866.0
206.0	9259.0
207.0	9493.0
208.0	9786.0
209.0	9721.0
210.0	10174.0
211.0	9754.0
212.0	9706.0
213.0	9554.0
214.0	9588.0
215.0	10229.0
216.0	9702.0
217.0	9945.0
218.0	9690.0
219.0	9948.0
220.0	9759.0
221.0	9901.0
222.0	9323.0
223.0	9963.0
224.0	9707.0
225.0	9405.0
226.0	9539.0
227.0	9341.0
228.0	9546.0
229.0	9453.0
230.0	9970.0
231.0	9603.0
232.0	9441.0
233.0	9627.0
234.0	9827.0
235.0	9793.0
236.0	9569.0
237.0	9852.0
238.0	9801.0
239.0	9617.0
240.0	10295.0
241.0	9757.0
242.0	9573.0
243.0	9779.0
244.0	9428.0
245.0	9806.0
246.0	9777.0
247.0	9695.0
248.0	9856.0
249.0	10013.0
250.0	9756.0
251.0	9579.0
252.0	9733.0
253.0	9715.0
254.0	9653.0
255.0	9977.0
256.0	9509.0
257.0	10264.0
258.0	9800.0
259.0	9978.0
260.0	10173.0
261.0	9852.0
262.0	9422.0
263.0	9295.0
264.0	9341.0
265.0	9368.0
266.0	9763.0
267.0	9549.0
268.0	9626.0
269.0	9812.0
270.0	9916.0
271.0	9765.0
272.0	9876.0
273.0	10106.0
274.0	9759.0
275.0	9525.0
276.0	9831.0
277.0	9990.0
278.0	9778.0
279.0	9858.0
280.0	9544.0
281.0	9848.0
282.0	10139.0
283.0	10169.0
284.0	9778.0
285.0	9354.0
286.0	9995.0
287.0	9492.0
288.0	9800.0
289.0	9725.0
290.0	10298.0
291.0	10004.0
292.0	10096.0
293.0	9915.0
294.0	9989.0
295.0	9431.0
296.0	10076.0
297.0	10157.0
298.0	10000.0
299.0	9725.0
300.0	9775.0
301.0	9733.0
302.0	9659.0
303.0	9667.0
304.0	9667.0
305.0	9879.0
306.0	10144.0
307.0	9258.0
308.0	9625.0
309.0	10142.0
310.0	9279.0
311.0	10155.0
312.0	10012.0
313.0	9522.0
314.0	10453.0
315.0	9377.0
316.0	9981.0
317.0	10209.0
318.0	9893.0
319.0	10105.0
320.0	10098.0
321.0	10447.0
322.0	10049.0
323.0	9948.0
324.0	9490.0
325.0	9668.0
326.0	9730.0
327.0	9499.0
328.0	9869.0
329.0	9705.0
330.0	9589.0
331.0	10113.0
332.0	9614.0
333.0	9808.0
334.0	9205.0
335.0	9534.0
336.0	9246.0
337.0	10375.0
338.0	10283.0
339.0	9850.0
340.0	9769.0
341.0	9764.0
342.0	9926.0
343.0	9717.0
344.0	9623.0
345.0	9695.0
346.0	9962.0
347.0	9893.0
348.0	9481.0
349.0	9441.0
350.0	10052.0
351.0	9857.0
352.0	9981.0
353.0	9718.0
354.0	9794.0
355.0	9985.0
356.0	9908.0
357.0	10440.0
358.0	9734.0
359.0	10111.0
360.0	9980.0
361.0	9545.0
362.0	10072.0
363.0	9369.0
364.0	10078.0
365.0	9588.0
366.0	9793.0
367.0	9658.0
368.0	9651.0
369.0	9619.0
370.0	9784.0
371.0	9534.0
372.0	9970.0
373.0	9470.0
374.0	9726.0
375.0	9786.0
376.0	9691.0
377.0	10068.0
378.0	9654.0
379.0	9493.0
380.0	9755.0
381.0	10333.0
382.0	9170.0
383.0	9993.0
384.0	9623.0
385.0	9806.0
386.0	9619.0
387.0	9526.0
388.0	9755.0
389.0	10053.0
390.0	9262.0
391.0	9604.0
392.0	9763.0
393.0	10080.0
394.0	10039.0
395.0	9765.0
396.0	9625.0
397.0	9625.0
398.0	10079.0
399.0	9826.0
400.0	9465.0
401.0	9887.0
402.0	9852.0
403.0	9465.0
404.0	9755.0
405.0	9584.0
406.0	10367.0
407.0	9737.0
408.0	10115.0
409.0	9935.0
410.0	9354.0
411.0	9791.0
412.0	9688.0
413.0	10129.0
414.0	9624.0
415.0	9763.0
416.0	9721.0
417.0	9700.0
418.0	9847.0
419.0	9877.0
420.0	9650.0
421.0	9438.0
422.0	9645.0
423.0	9594.0
424.0	9480.0
425.0	9935.0
426.0	10171.0
427.0	10172.0
428.0	10172.0
429.0	9875.0
430.0	9374.0
431.0	9743.0
432.0	9670.0
433.0	9940.0
434.0	9941.0
435.0	9867.0
436.0	9900.0
437.0	9686.0
438.0	9378.0
439.0	9463.0
440.0	10044.0
441.0	9749.0
442.0	10316.0
443.0	10144.0
444.0	9706.0
445.0	9451.0
446.0	9924.0
447.0	9872.0
448.0	10011.0
449.0	9701.0
450.0	9907.0
451.0	9981.0
452.0	9630.0
453.0	9673.0
454.0	10110.0
455.0	10169.0
456.0	10243.0
457.0	9340.0
458.0	9519.0
459.0	10329.0
460.0	9619.0
461.0	10153.0
462.0	9821.0
463.0	9915.0
464.0	9897.0
465.0	10132.0
466.0	10082.0
467.0	10317.0
468.0	10206.0
469.0	10254.0
470.0	10056.0
471.0	10173.0
472.0	10244.0
473.0	9636.0
474.0	10150.0
475.0	10015.0
476.0	9740.0
477.0	9748.0
478.0	10310.0
479.0	10371.0
480.0	10289.0
481.0	10708.0
482.0	10283.0
483.0	10321.0
484.0	10249.0
485.0	10465.0
486.0	10490.0
487.0	10245.0
488.0	9764.0
489.0	9742.0
490.0	10487.0
491.0	10193.0
492.0	9979.0
493.0	9727.0
494.0	10352.0
495.0	10138.0
496.0	10484.0
497.0	10427.0
498.0	10603.0
499.0	10144.0
500.0	10378.0
501.0	10627.0
502.0	10388.0
503.0	10638.0
504.0	10461.0
505.0	10657.0
506.0	10869.0
507.0	10588.0
508.0	10852.0
509.0	10263.0
510.0	10500.0
511.0	10014.0
512.0	10609.0
513.0	10645.0
514.0	10075.0
515.0	10292.0
516.0	10068.0
517.0	10601.0
518.0	10697.0
519.0	10456.0
520.0	10587.0
521.0	10401.0
522.0	10593.0
523.0	10384.0
524.0	10060.0
525.0	10410.0
526.0	10584.0
527.0	10220.0
528.0	10236.0
529.0	10852.0
530.0	10007.0
531.0	10486.0
532.0	9519.0
533.0	10556.0
534.0	10015.0
535.0	10488.0
536.0	10547.0
537.0	10185.0
538.0	10007.0
539.0	10505.0
540.0	10711.0
541.0	10157.0
542.0	10496.0
543.0	10425.0
544.0	10008.0
545.0	10544.0
546.0	10665.0
547.0	10183.0
548.0	9938.0
549.0	10443.0
550.0	10034.0
551.0	10080.0
552.0	10371.0
553.0	10361.0
554.0	10319.0
555.0	10478.0
556.0	9993.0
557.0	10152.0
558.0	10282.0
559.0	10362.0
560.0	10258.0
561.0	10274.0
562.0	10567.0
563.0	9987.0
564.0	10213.0
565.0	10272.0
566.0	10329.0
567.0	10300.0
568.0	10200.0
569.0	9973.0
570.0	9777.0
571.0	9873.0
572.0	10512.0
573.0	10492.0
574.0	9782.0
575.0	10576.0
576.0	10283.0
577.0	9701.0
578.0	9944.0
579.0	9592.0
580.0	9969.0
581.0	10159.0
582.0	10140.0
583.0	9869.0
584.0	9673.0
585.0	9517.0
586.0	9840.0
587.0	9546.0
588.0	9973.0
589.0	10164.0
590.0	9827.0
591.0	9991.0
592.0	9621.0
593.0	10286.0
594.0	9566.0
595.0	9791.0
596.0	9636.0
597.0	10116.0
598.0	9989.0
599.0	9652.0
600.0	9833.0
601.0	9998.0
602.0	10056.0
603.0	9971.0
604.0	9583.0
605.0	9867.0
606.0	9604.0
607.0	10167.0
608.0	9551.0
609.0	9971.0
610.0	9761.0
611.0	10237.0
612.0	10000.0
613.0	9500.0
614.0	10326.0
615.0	9670.0
616.0	9758.0
617.0	9858.0
618.0	9731.0
619.0	9852.0
620.0	9607.0
621.0	9729.0
622.0	9721.0
623.0	10023.0
624.0	9682.0
625.0	9672.0
626.0	9753.0
627.0	9526.0
628.0	9770.0
629.0	9919.0
630.0	9869.0
631.0	9650.0
632.0	9876.0
633.0	10411.0
634.0	9117.0
635.0	9712.0
636.0	9345.0
637.0	9716.0
638.0	9758.0
639.0	9469.0
640.0	9815.0
641.0	9748.0
642.0	9686.0
643.0	9844.0
644.0	10034.0
645.0	9668.0
646.0	9509.0
647.0	9404.0
648.0	9508.0
649.0	9932.0
650.0	9416.0
651.0	9782.0
652.0	9695.0
653.0	9974.0
654.0	9643.0
655.0	9739.0
656.0	9680.0
657.0	10186.0
658.0	10236.0
659.0	9560.0
660.0	9681.0
661.0	9588.0
662.0	9383.0
663.0	9879.0
664.0	10125.0
665.0	9690.0
666.0	9725.0
667.0	10157.0
668.0	9577.0
669.0	9887.0
670.0	9372.0
671.0	9383.0
672.0	9474.0
673.0	9807.0
674.0	9691.0
675.0	9541.0
676.0	10182.0
677.0	9727.0
678.0	9903.0
679.0	10173.0
680.0	9344.0
681.0	9783.0
682.0	9465.0
683.0	9787.0
684.0	9921.0
685.0	9725.0
686.0	9661.0
687.0	9383.0
688.0	9720.0
689.0	9787.0
690.0	9746.0
691.0	10116.0
692.0	9971.0
693.0	9981.0
694.0	9847.0
695.0	9583.0
696.0	9248.0
697.0	9787.0
698.0	9586.0
699.0	10059.0
700.0	9519.0
701.0	9913.0
702.0	9864.0
703.0	9804.0
704.0	9869.0
705.0	9847.0
706.0	10016.0
707.0	9969.0
708.0	9720.0
709.0	9383.0
710.0	9707.0
711.0	9619.0
712.0	9894.0
713.0	10018.0
714.0	9777.0
715.0	9703.0
716.0	9854.0
717.0	9966.0
718.0	9615.0
719.0	10053.0
720.0	9800.0
721.0	9504.0
722.0	9358.0
723.0	9526.0
724.0	9774.0
725.0	9573.0
726.0	9645.0
727.0	10086.0
728.0	9605.0
729.0	9720.0
730.0	9623.0
731.0	9801.0
732.0	10000.0
733.0	10101.0
734.0	9255.0
735.0	9873.0
736.0	9739.0
737.0	9737.0
738.0	9930.0
739.0	9981.0
740.0	10183.0
741.0	9772.0
742.0	9393.0
743.0	9836.0
744.0	10002.0
745.0	9956.0
746.0	10027.0
747.0	9703.0
748.0	9755.0
749.0	9733.0
750.0	9658.0
751.0	9916.0
752.0	9935.0
753.0	9876.0
754.0	9719.0
755.0	9654.0
756.0	10110.0
757.0	9928.0
758.0	10031.0
759.0	9540.0
760.0	9780.0
761.0	10035.0
762.0	9471.0
763.0	9922.0
764.0	9751.0
765.0	9720.0
766.0	9961.0
767.0	9610.0
768.0	9923.0
769.0	9472.0
770.0	10451.0
771.0	9341.0
772.0	9764.0
773.0	9879.0
774.0	9746.0
775.0	9281.0
776.0	10165.0
777.0	9650.0
778.0	9923.0
779.0	10081.0
780.0	9726.0
781.0	9993.0
782.0	9841.0
783.0	9770.0
784.0	9684.0
785.0	9469.0
786.0	9514.0
787.0	9485.0
788.0	9317.0
789.0	9721.0
790.0	9682.0
791.0	9718.0
792.0	10009.0
793.0	10024.0
794.0	9665.0
795.0	9392.0
796.0	9892.0
797.0	9439.0
798.0	9690.0
799.0	9514.0
800.0	9636.0
