$itime = 500
$wv_start = 190.0
$hv = 1000
$grating = 2 1200 g/mm BLZ= 500  nm
$x_amps = 10
$x_volts = 45
$sample = DB2333
$date = 2023-06-02
$temp = 222.0
$wv_stop = 800.0
$time = 11:41:43.714000
$wv_step = 1.0
190.0	8257.0
191.0	8287.0
192.0	8476.0
193.0	7989.0
194.0	8320.0
195.0	8791.0
196.0	8304.0
197.0	8694.0
198.0	8542.0
199.0	8293.0
200.0	8104.0
201.0	8433.0
202.0	8579.0
203.0	8478.0
204.0	8500.0
205.0	8242.0
206.0	8179.0
207.0	8360.0
208.0	8526.0
209.0	8304.0
210.0	8301.0
211.0	8148.0
212.0	8089.0
213.0	8515.0
214.0	8479.0
215.0	8240.0
216.0	8610.0
217.0	8602.0
218.0	8350.0
219.0	8212.0
220.0	8641.0
221.0	7857.0
222.0	8301.0
223.0	8226.0
224.0	8419.0
225.0	8086.0
226.0	8405.0
227.0	8327.0
228.0	8012.0
229.0	8431.0
230.0	8304.0
231.0	8197.0
232.0	8835.0
233.0	8412.0
234.0	8175.0
235.0	8152.0
236.0	8347.0
237.0	8072.0
238.0	8181.0
239.0	8334.0
240.0	8561.0
241.0	8296.0
242.0	8124.0
243.0	8168.0
244.0	8418.0
245.0	8236.0
246.0	8218.0
247.0	8508.0
248.0	8840.0
249.0	8577.0
250.0	8316.0
251.0	8241.0
252.0	8476.0
253.0	8346.0
254.0	8095.0
255.0	7949.0
256.0	8117.0
257.0	8335.0
258.0	8330.0
259.0	8209.0
260.0	8537.0
261.0	8386.0
262.0	8639.0
263.0	7884.0
264.0	8512.0
265.0	8471.0
266.0	8630.0
267.0	8256.0
268.0	8430.0
269.0	8320.0
270.0	8386.0
271.0	8439.0
272.0	8739.0
273.0	8394.0
274.0	8320.0
275.0	8188.0
276.0	8383.0
277.0	8591.0
278.0	8671.0
279.0	7864.0
280.0	8648.0
281.0	8707.0
282.0	8301.0
283.0	8339.0
284.0	8630.0
285.0	8686.0
286.0	8885.0
287.0	8616.0
288.0	8236.0
289.0	8538.0
290.0	8600.0
291.0	8746.0
292.0	8662.0
293.0	8274.0
294.0	8482.0
295.0	8891.0
296.0	8081.0
297.0	8858.0
298.0	8634.0
299.0	8414.0
300.0	8623.0
301.0	8786.0
302.0	8056.0
303.0	8541.0
304.0	8688.0
305.0	8698.0
306.0	8204.0
307.0	8026.0
308.0	8339.0
309.0	8575.0
310.0	8421.0
311.0	8032.0
312.0	8349.0
313.0	7853.0
314.0	8466.0
315.0	8723.0
316.0	8743.0
317.0	8549.0
318.0	8508.0
319.0	8493.0
320.0	8667.0
321.0	8709.0
322.0	8269.0
323.0	8466.0
324.0	8520.0
325.0	8709.0
326.0	7977.0
327.0	8396.0
328.0	8714.0
329.0	8381.0
330.0	8353.0
331.0	8742.0
332.0	8719.0
333.0	8078.0
334.0	8651.0
335.0	8935.0
336.0	8289.0
337.0	8385.0
338.0	8460.0
339.0	8599.0
340.0	8478.0
341.0	8479.0
342.0	8308.0
343.0	8116.0
344.0	8492.0
345.0	8352.0
346.0	8750.0
347.0	8685.0
348.0	9133.0
349.0	8421.0
350.0	8566.0
351.0	8350.0
352.0	8287.0
353.0	8579.0
354.0	8116.0
355.0	8589.0
356.0	8672.0
357.0	8006.0
358.0	8202.0
359.0	8165.0
360.0	8270.0
361.0	8207.0
362.0	8188.0
363.0	8225.0
364.0	8426.0
365.0	8227.0
366.0	8648.0
367.0	8543.0
368.0	8316.0
369.0	8481.0
370.0	8087.0
371.0	8500.0
372.0	8301.0
373.0	8358.0
374.0	8032.0
375.0	8326.0
376.0	8714.0
377.0	8335.0
378.0	8417.0
379.0	8583.0
380.0	8285.0
381.0	8380.0
382.0	8086.0
383.0	8631.0
384.0	8408.0
385.0	8837.0
386.0	8385.0
387.0	8639.0
388.0	8586.0
389.0	8453.0
390.0	8104.0
391.0	8401.0
392.0	8041.0
393.0	8394.0
394.0	8703.0
395.0	8485.0
396.0	8473.0
397.0	8482.0
398.0	8437.0
399.0	8213.0
400.0	8404.0
401.0	8715.0
402.0	8260.0
403.0	8600.0
404.0	8092.0
405.0	8573.0
406.0	8693.0
407.0	8614.0
408.0	8541.0
409.0	8421.0
410.0	8209.0
411.0	8511.0
412.0	8494.0
413.0	8833.0
414.0	8133.0
415.0	8325.0
416.0	8414.0
417.0	8267.0
418.0	8826.0
419.0	8424.0
420.0	8384.0
421.0	8483.0
422.0	8799.0
423.0	8238.0
424.0	7915.0
425.0	8411.0
426.0	8272.0
427.0	8402.0
428.0	8934.0
429.0	8300.0
430.0	8240.0
431.0	8715.0
432.0	8377.0
433.0	8254.0
434.0	8588.0
435.0	8501.0
436.0	8348.0
437.0	8377.0
438.0	7974.0
439.0	8813.0
440.0	8200.0
441.0	8061.0
442.0	8408.0
443.0	8815.0
444.0	8568.0
445.0	8181.0
446.0	8336.0
447.0	9073.0
448.0	8099.0
449.0	8396.0
450.0	8350.0
451.0	8463.0
452.0	8335.0
453.0	8162.0
454.0	8294.0
455.0	8385.0
456.0	8344.0
457.0	8390.0
458.0	8166.0
459.0	8293.0
460.0	8225.0
461.0	8518.0
462.0	8941.0
463.0	8662.0
464.0	7959.0
465.0	8623.0
466.0	8272.0
467.0	8566.0
468.0	8512.0
469.0	8263.0
470.0	8542.0
471.0	8684.0
472.0	8520.0
473.0	8422.0
474.0	8575.0
475.0	8870.0
476.0	8374.0
477.0	8613.0
478.0	8899.0
479.0	8875.0
480.0	8760.0
481.0	8590.0
482.0	8552.0
483.0	8703.0
484.0	8806.0
485.0	8634.0
486.0	8604.0
487.0	8648.0
488.0	8292.0
489.0	8759.0
490.0	8478.0
491.0	8298.0
492.0	8622.0
493.0	8275.0
494.0	8426.0
495.0	8421.0
496.0	8785.0
497.0	8717.0
498.0	8352.0
499.0	9003.0
500.0	8578.0
501.0	8681.0
502.0	8584.0
503.0	8492.0
504.0	8574.0
505.0	8486.0
506.0	8875.0
507.0	8806.0
508.0	8778.0
509.0	8190.0
510.0	8757.0
511.0	8467.0
512.0	8844.0
513.0	8385.0
514.0	8887.0
515.0	8520.0
516.0	8394.0
517.0	8798.0
518.0	8463.0
519.0	8479.0
520.0	8699.0
521.0	8490.0
522.0	8692.0
523.0	8670.0
524.0	8171.0
525.0	8372.0
526.0	8811.0
527.0	8878.0
528.0	8567.0
529.0	8374.0
530.0	8410.0
531.0	8422.0
532.0	8511.0
533.0	8699.0
534.0	9042.0
535.0	8427.0
536.0	8366.0
537.0	8857.0
538.0	8754.0
539.0	8544.0
540.0	8670.0
541.0	8687.0
542.0	8859.0
543.0	8851.0
544.0	8836.0
545.0	8707.0
546.0	8422.0
547.0	8723.0
548.0	8885.0
549.0	8395.0
550.0	8723.0
551.0	8286.0
552.0	9124.0
553.0	8900.0
554.0	8608.0
555.0	8511.0
556.0	8748.0
557.0	8685.0
558.0	8559.0
559.0	8377.0
560.0	8575.0
561.0	8396.0
562.0	8088.0
563.0	8473.0
564.0	8904.0
565.0	8058.0
566.0	8688.0
567.0	8591.0
568.0	8716.0
569.0	8344.0
570.0	8616.0
571.0	8428.0
572.0	8335.0
573.0	8558.0
574.0	8381.0
575.0	8483.0
576.0	8739.0
577.0	8291.0
578.0	8677.0
579.0	9240.0
580.0	8680.0
581.0	8838.0
582.0	8811.0
583.0	9104.0
584.0	8670.0
585.0	8348.0
586.0	8538.0
587.0	8115.0
588.0	8640.0
589.0	8508.0
590.0	8202.0
591.0	8241.0
592.0	8604.0
593.0	8587.0
594.0	8486.0
595.0	9121.0
596.0	8373.0
597.0	8384.0
598.0	8015.0
599.0	8857.0
600.0	8183.0
601.0	8298.0
602.0	8512.0
603.0	8622.0
604.0	8759.0
605.0	8573.0
606.0	8711.0
607.0	8655.0
608.0	8286.0
609.0	8086.0
610.0	8085.0
611.0	8239.0
612.0	8187.0
613.0	8556.0
614.0	8341.0
615.0	8221.0
616.0	8624.0
617.0	8784.0
618.0	8273.0
619.0	8480.0
620.0	8342.0
621.0	8543.0
622.0	8639.0
623.0	8575.0
624.0	8646.0
625.0	8455.0
626.0	8170.0
627.0	8502.0
628.0	8862.0
629.0	8115.0
630.0	8386.0
631.0	8653.0
632.0	8635.0
633.0	8361.0
634.0	8392.0
635.0	8608.0
636.0	8655.0
637.0	8056.0
638.0	8536.0
639.0	8502.0
640.0	8317.0
641.0	8242.0
642.0	8641.0
643.0	8349.0
644.0	8103.0
645.0	8493.0
646.0	8566.0
647.0	8242.0
648.0	8394.0
649.0	8255.0
650.0	8170.0
651.0	8515.0
652.0	8480.0
653.0	8595.0
654.0	8789.0
655.0	8644.0
656.0	8398.0
657.0	8242.0
658.0	8192.0
659.0	8202.0
660.0	8613.0
661.0	8234.0
662.0	7975.0
663.0	8496.0
664.0	8315.0
665.0	7965.0
666.0	8993.0
667.0	8483.0
668.0	8463.0
669.0	8500.0
670.0	8339.0
671.0	8691.0
672.0	8417.0
673.0	8708.0
674.0	8576.0
675.0	8386.0
676.0	8355.0
677.0	8076.0
678.0	8133.0
679.0	8233.0
680.0	8538.0
681.0	8533.0
682.0	8292.0
683.0	8883.0
684.0	8351.0
685.0	8668.0
686.0	8662.0
687.0	8272.0
688.0	8202.0
689.0	8212.0
690.0	8410.0
691.0	8326.0
692.0	8407.0
693.0	8542.0
694.0	8445.0
695.0	8716.0
696.0	8448.0
697.0	8298.0
698.0	8582.0
699.0	8291.0
700.0	8375.0
701.0	7950.0
702.0	8645.0
703.0	8429.0
704.0	8492.0
705.0	8093.0
706.0	8338.0
707.0	8444.0
708.0	8026.0
709.0	8271.0
710.0	8409.0
711.0	8431.0
712.0	8025.0
713.0	8347.0
714.0	7999.0
715.0	8492.0
716.0	8062.0
717.0	8018.0
718.0	8557.0
719.0	8097.0
720.0	8714.0
721.0	8220.0
722.0	8025.0
723.0	8436.0
724.0	8529.0
725.0	8694.0
726.0	8728.0
727.0	8507.0
728.0	8002.0
729.0	7956.0
730.0	8429.0
731.0	8310.0
732.0	8573.0
733.0	8314.0
734.0	8322.0
735.0	8473.0
736.0	8750.0
737.0	8544.0
738.0	8837.0
739.0	8870.0
740.0	8696.0
741.0	8404.0
742.0	8338.0
743.0	8076.0
744.0	8291.0
745.0	8445.0
746.0	8190.0
747.0	8639.0
748.0	8707.0
749.0	8822.0
750.0	8575.0
751.0	8440.0
752.0	8338.0
753.0	8473.0
754.0	8527.0
755.0	8400.0
756.0	8108.0
757.0	8292.0
758.0	7922.0
759.0	8518.0
760.0	8069.0
761.0	8665.0
762.0	8465.0
763.0	8672.0
764.0	8512.0
765.0	8829.0
766.0	8421.0
767.0	8257.0
768.0	8866.0
769.0	7952.0
770.0	8552.0
771.0	8654.0
772.0	8174.0
773.0	8480.0
774.0	8326.0
775.0	8492.0
776.0	8167.0
777.0	8486.0
778.0	7994.0
779.0	8810.0
780.0	8317.0
781.0	8794.0
782.0	8443.0
783.0	8591.0
784.0	8927.0
785.0	8338.0
786.0	7966.0
787.0	8793.0
788.0	8078.0
789.0	8778.0
790.0	7867.0
791.0	8463.0
792.0	8492.0
793.0	8595.0
794.0	8375.0
795.0	8297.0
796.0	8351.0
797.0	8225.0
798.0	8271.0
799.0	8724.0
800.0	8642.0
