$itime = 500
$wv_start = 190.0
$hv = 1000
$grating = 2 1200 g/mm BLZ= 500  nm
$x_amps = 10
$x_volts = 45
$sample = DB2333
$date = 2023-06-02
$temp = 202.0
$wv_stop = 800.0
$time = 11:41:43.714000
$wv_step = 1.0
190.0	8196.0
191.0	8476.0
192.0	8286.0
193.0	8364.0
194.0	8963.0
195.0	8613.0
196.0	8326.0
197.0	8719.0
198.0	8421.0
199.0	8759.0
200.0	8345.0
201.0	8229.0
202.0	8723.0
203.0	8683.0
204.0	8390.0
205.0	8259.0
206.0	8485.0
207.0	8648.0
208.0	8655.0
209.0	8715.0
210.0	8470.0
211.0	8600.0
212.0	8534.0
213.0	8349.0
214.0	8860.0
215.0	8506.0
216.0	8198.0
217.0	8377.0
218.0	8355.0
219.0	7717.0
220.0	8204.0
221.0	8583.0
222.0	8592.0
223.0	8315.0
224.0	8316.0
225.0	8575.0
226.0	8226.0
227.0	8724.0
228.0	8486.0
229.0	8321.0
230.0	8581.0
231.0	8434.0
232.0	8495.0
233.0	9040.0
234.0	8408.0
235.0	8487.0
236.0	8501.0
237.0	8732.0
238.0	8218.0
239.0	8795.0
240.0	8106.0
241.0	8714.0
242.0	8534.0
243.0	8645.0
244.0	8538.0
245.0	8463.0
246.0	8504.0
247.0	8388.0
248.0	8811.0
249.0	8418.0
250.0	8599.0
251.0	8348.0
252.0	8303.0
253.0	8467.0
254.0	8464.0
255.0	8534.0
256.0	8279.0
257.0	8345.0
258.0	8496.0
259.0	8500.0
260.0	8414.0
261.0	8431.0
262.0	8629.0
263.0	8820.0
264.0	8347.0
265.0	8430.0
266.0	8575.0
267.0	8807.0
268.0	8496.0
269.0	8443.0
270.0	8489.0
271.0	8208.0
272.0	8718.0
273.0	8657.0
274.0	8630.0
275.0	8001.0
276.0	8457.0
277.0	8883.0
278.0	8545.0
279.0	8846.0
280.0	8702.0
281.0	8015.0
282.0	8511.0
283.0	8732.0
284.0	8685.0
285.0	8712.0
286.0	8562.0
287.0	8464.0
288.0	8975.0
289.0	8258.0
290.0	8388.0
291.0	8771.0
292.0	8651.0
293.0	8701.0
294.0	8952.0
295.0	8385.0
296.0	8523.0
297.0	9118.0
298.0	8941.0
299.0	8712.0
300.0	8991.0
301.0	8621.0
302.0	8340.0
303.0	8591.0
304.0	8788.0
305.0	8162.0
306.0	8702.0
307.0	8637.0
308.0	8534.0
309.0	8505.0
310.0	8703.0
311.0	8421.0
312.0	8706.0
313.0	8825.0
314.0	8905.0
315.0	8720.0
316.0	8429.0
317.0	8439.0
318.0	8578.0
319.0	8463.0
320.0	9003.0
321.0	8366.0
322.0	8445.0
323.0	8581.0
324.0	9014.0
325.0	8725.0
326.0	8534.0
327.0	8551.0
328.0	8570.0
329.0	8567.0
330.0	8293.0
331.0	8645.0
332.0	8148.0
333.0	8680.0
334.0	8547.0
335.0	7997.0
336.0	8375.0
337.0	8793.0
338.0	8522.0
339.0	8249.0
340.0	8097.0
341.0	8421.0
342.0	8520.0
343.0	8562.0
344.0	8759.0
345.0	8440.0
346.0	8594.0
347.0	8668.0
348.0	8009.0
349.0	8317.0
350.0	8267.0
351.0	8372.0
352.0	8560.0
353.0	8216.0
354.0	8583.0
355.0	8490.0
356.0	8360.0
357.0	8675.0
358.0	8424.0
359.0	8559.0
360.0	8897.0
361.0	8431.0
362.0	8786.0
363.0	8648.0
364.0	8613.0
365.0	8507.0
366.0	8979.0
367.0	8269.0
368.0	8441.0
369.0	8623.0
370.0	8592.0
371.0	8721.0
372.0	8561.0
373.0	8338.0
374.0	8499.0
375.0	8449.0
376.0	8170.0
377.0	8591.0
378.0	8608.0
379.0	8581.0
380.0	8444.0
381.0	8303.0
382.0	8952.0
383.0	8649.0
384.0	8664.0
385.0	8662.0
386.0	8370.0
387.0	8866.0
388.0	8355.0
389.0	8452.0
390.0	8294.0
391.0	8501.0
392.0	8562.0
393.0	8435.0
394.0	8335.0
395.0	8495.0
396.0	9008.0
397.0	8502.0
398.0	8559.0
399.0	8358.0
400.0	9198.0
401.0	8417.0
402.0	8058.0
403.0	8529.0
404.0	8635.0
405.0	8605.0
406.0	8548.0
407.0	8424.0
408.0	8930.0
409.0	8852.0
410.0	8225.0
411.0	8521.0
412.0	8483.0
413.0	8640.0
414.0	8289.0
415.0	8867.0
416.0	8472.0
417.0	8390.0
418.0	8490.0
419.0	8648.0
420.0	8589.0
421.0	8736.0
422.0	8157.0
423.0	8872.0
424.0	8310.0
425.0	8716.0
426.0	9168.0
427.0	8407.0
428.0	8558.0
429.0	8346.0
430.0	8634.0
431.0	8599.0
432.0	8465.0
433.0	8121.0
434.0	8812.0
435.0	8512.0
436.0	8556.0
437.0	8834.0
438.0	8732.0
439.0	8937.0
440.0	9049.0
441.0	8356.0
442.0	8720.0
443.0	8957.0
444.0	8614.0
445.0	8664.0
446.0	8439.0
447.0	8560.0
448.0	8038.0
449.0	8542.0
450.0	8338.0
451.0	8190.0
452.0	8523.0
453.0	8101.0
454.0	8059.0
455.0	8262.0
456.0	8402.0
457.0	8349.0
458.0	8428.0
459.0	8785.0
460.0	8368.0
461.0	8422.0
462.0	8852.0
463.0	8529.0
464.0	8699.0
465.0	8502.0
466.0	8595.0
467.0	8933.0
468.0	8651.0
469.0	8648.0
470.0	8907.0
471.0	8664.0
472.0	8961.0
473.0	8661.0
474.0	9116.0
475.0	8952.0
476.0	8347.0
477.0	8579.0
478.0	9024.0
479.0	9224.0
480.0	8899.0
481.0	8981.0
482.0	8806.0
483.0	8880.0
484.0	9220.0
485.0	9278.0
486.0	8686.0
487.0	8591.0
488.0	8939.0
489.0	8664.0
490.0	8510.0
491.0	8534.0
492.0	8744.0
493.0	8899.0
494.0	8878.0
495.0	8709.0
496.0	8460.0
497.0	8826.0
498.0	9480.0
499.0	9073.0
500.0	9030.0
501.0	9190.0
502.0	8525.0
503.0	8785.0
504.0	8845.0
505.0	9269.0
506.0	9001.0
507.0	9295.0
508.0	9040.0
509.0	8986.0
510.0	9166.0
511.0	9077.0
512.0	8709.0
513.0	9084.0
514.0	8802.0
515.0	8591.0
516.0	8606.0
517.0	8736.0
518.0	8890.0
519.0	8674.0
520.0	8925.0
521.0	9006.0
522.0	8969.0
523.0	8665.0
524.0	9322.0
525.0	8784.0
526.0	8921.0
527.0	8444.0
528.0	8901.0
529.0	8925.0
530.0	8659.0
531.0	8953.0
532.0	8972.0
533.0	8866.0
534.0	8674.0
535.0	8568.0
536.0	9119.0
537.0	8896.0
538.0	8750.0
539.0	9042.0
540.0	8785.0
541.0	9000.0
542.0	8595.0
543.0	8921.0
544.0	9295.0
545.0	8940.0
546.0	9150.0
547.0	8942.0
548.0	9175.0
549.0	9174.0
550.0	9254.0
551.0	9066.0
552.0	8854.0
553.0	8788.0
554.0	9040.0
555.0	8634.0
556.0	8450.0
557.0	8627.0
558.0	9380.0
559.0	8626.0
560.0	8839.0
561.0	8480.0
562.0	8667.0
563.0	8501.0
564.0	9476.0
565.0	8579.0
566.0	8941.0
567.0	8883.0
568.0	8639.0
569.0	8979.0
570.0	9043.0
571.0	8552.0
572.0	8810.0
573.0	9019.0
574.0	8810.0
575.0	8685.0
576.0	8877.0
577.0	9027.0
578.0	8912.0
579.0	8529.0
580.0	8846.0
581.0	8608.0
582.0	8567.0
583.0	9097.0
584.0	8645.0
585.0	8941.0
586.0	8743.0
587.0	8351.0
588.0	8175.0
589.0	8862.0
590.0	8269.0
591.0	8431.0
592.0	8638.0
593.0	8670.0
594.0	8968.0
595.0	8941.0
596.0	8681.0
597.0	8385.0
598.0	8595.0
599.0	8706.0
600.0	8208.0
601.0	8837.0
602.0	8645.0
603.0	9034.0
604.0	8638.0
605.0	8875.0
606.0	8323.0
607.0	8748.0
608.0	9203.0
609.0	8476.0
610.0	9028.0
611.0	8502.0
612.0	8709.0
613.0	8712.0
614.0	8750.0
615.0	8348.0
616.0	8739.0
617.0	8436.0
618.0	8651.0
619.0	8879.0
620.0	8470.0
621.0	8641.0
622.0	8566.0
623.0	8260.0
624.0	8409.0
625.0	8707.0
626.0	8420.0
627.0	8386.0
628.0	8006.0
629.0	8648.0
630.0	8240.0
631.0	8964.0
632.0	8573.0
633.0	9010.0
634.0	8581.0
635.0	8928.0
636.0	8917.0
637.0	8396.0
638.0	8826.0
639.0	8715.0
640.0	8423.0
641.0	8756.0
642.0	9017.0
643.0	8720.0
644.0	8524.0
645.0	8397.0
646.0	8853.0
647.0	8703.0
648.0	8715.0
649.0	8152.0
650.0	8894.0
651.0	8387.0
652.0	8569.0
653.0	8725.0
654.0	8416.0
655.0	8403.0
656.0	8642.0
657.0	8671.0
658.0	8310.0
659.0	8496.0
660.0	8633.0
661.0	8666.0
662.0	8173.0
663.0	8445.0
664.0	8725.0
665.0	8335.0
666.0	8679.0
667.0	8534.0
668.0	8725.0
669.0	8904.0
670.0	8355.0
671.0	8688.0
672.0	8482.0
673.0	8601.0
674.0	8419.0
675.0	8446.0
676.0	8638.0
677.0	8340.0
678.0	8784.0
679.0	7916.0
680.0	8983.0
681.0	8894.0
682.0	8355.0
683.0	8775.0
684.0	8193.0
685.0	8394.0
686.0	8498.0
687.0	8726.0
688.0	8570.0
689.0	8811.0
690.0	8619.0
691.0	8357.0
692.0	8836.0
693.0	8723.0
694.0	8561.0
695.0	8431.0
696.0	8455.0
697.0	8626.0
698.0	8716.0
699.0	8491.0
700.0	8736.0
701.0	8540.0
702.0	8162.0
703.0	8346.0
704.0	8515.0
705.0	8424.0
706.0	8825.0
707.0	8842.0
708.0	7947.0
709.0	8322.0
710.0	8761.0
711.0	8342.0
712.0	8168.0
713.0	8421.0
714.0	8537.0
715.0	8824.0
716.0	8220.0
717.0	8534.0
718.0	8303.0
719.0	9053.0
720.0	8561.0
721.0	8575.0
722.0	8790.0
723.0	8700.0
724.0	8205.0
725.0	8491.0
726.0	8614.0
727.0	8498.0
728.0	8429.0
729.0	8756.0
730.0	8396.0
731.0	8397.0
732.0	8265.0
733.0	8411.0
734.0	8511.0
735.0	8348.0
736.0	8730.0
737.0	8394.0
738.0	8338.0
739.0	8666.0
740.0	8722.0
741.0	8752.0
742.0	8364.0
743.0	8193.0
744.0	8690.0
745.0	8613.0
746.0	8217.0
747.0	8341.0
748.0	8630.0
749.0	8659.0
750.0	8279.0
751.0	8474.0
752.0	8765.0
753.0	8650.0
754.0	8424.0
755.0	8550.0
756.0	8962.0
757.0	8297.0
758.0	8797.0
759.0	8548.0
760.0	8516.0
761.0	8689.0
762.0	8828.0
763.0	8134.0
764.0	8541.0
765.0	8466.0
766.0	8294.0
767.0	8684.0
768.0	8759.0
769.0	8500.0
770.0	8220.0
771.0	8614.0
772.0	8286.0
773.0	8765.0
774.0	8687.0
775.0	8622.0
776.0	8403.0
777.0	8473.0
778.0	8076.0
779.0	8682.0
780.0	8571.0
781.0	8659.0
782.0	8250.0
783.0	8508.0
784.0	8583.0
785.0	8669.0
786.0	8583.0
787.0	8623.0
788.0	8422.0
789.0	8665.0
790.0	8904.0
791.0	8861.0
792.0	8933.0
793.0	8550.0
794.0	8686.0
795.0	8416.0
796.0	8402.0
797.0	8209.0
798.0	8497.0
799.0	8443.0
800.0	8558.0
