$itime = 500
$wv_start = 190.0
$hv = 1000
$grating = 2 1200 g/mm BLZ= 500  nm
$x_amps = 10
$x_volts = 45
$sample = DB2333
$date = 2023-06-02
$temp = 102.0
$wv_stop = 800.0
$time = 19:18:14.045000
$wv_step = 1.0
190.0	9617.0
191.0	9961.0
192.0	9774.0
193.0	9677.0
194.0	9846.0
195.0	9852.0
196.0	9392.0
197.0	9988.0
198.0	9670.0
199.0	9974.0
200.0	10125.0
201.0	9828.0
202.0	9970.0
203.0	9695.0
204.0	9929.0
205.0	10532.0
206.0	9306.0
207.0	10131.0
208.0	9887.0
209.0	9617.0
210.0	9418.0
211.0	9525.0
212.0	10063.0
213.0	9570.0
214.0	9819.0
215.0	9669.0
216.0	9858.0
217.0	10077.0
218.0	9853.0
219.0	9857.0
220.0	9928.0
221.0	9706.0
222.0	9772.0
223.0	9687.0
224.0	9444.0
225.0	10150.0
226.0	10117.0
227.0	9714.0
228.0	9686.0
229.0	9780.0
230.0	9547.0
231.0	10009.0
232.0	9540.0
233.0	10127.0
234.0	9899.0
235.0	9984.0
236.0	10065.0
237.0	9859.0
238.0	9668.0
239.0	9769.0
240.0	10162.0
241.0	9985.0
242.0	10018.0
243.0	10004.0
244.0	10088.0
245.0	10213.0
246.0	9863.0
247.0	9638.0
248.0	9829.0
249.0	9733.0
250.0	9904.0
251.0	9777.0
252.0	9500.0
253.0	9605.0
254.0	9770.0
255.0	9730.0
256.0	9724.0
257.0	9635.0
258.0	10105.0
259.0	9999.0
260.0	9787.0
261.0	9786.0
262.0	9505.0
263.0	9764.0
264.0	9710.0
265.0	9653.0
266.0	9597.0
267.0	9859.0
268.0	9794.0
269.0	10181.0
270.0	10264.0
271.0	10244.0
272.0	9777.0
273.0	10235.0
274.0	9529.0
275.0	10110.0
276.0	9668.0
277.0	10542.0
278.0	9989.0
279.0	9887.0
280.0	9968.0
281.0	9660.0
282.0	10367.0
283.0	9908.0
284.0	9659.0
285.0	9777.0
286.0	10462.0
287.0	10490.0
288.0	10006.0
289.0	9374.0
290.0	9687.0
291.0	10002.0
292.0	9750.0
293.0	9973.0
294.0	10180.0
295.0	9838.0
296.0	9989.0
297.0	9899.0
298.0	10460.0
299.0	9605.0
300.0	9916.0
301.0	10009.0
302.0	10056.0
303.0	10178.0
304.0	9740.0
305.0	10158.0
306.0	10137.0
307.0	10361.0
308.0	9908.0
309.0	10387.0
310.0	10049.0
311.0	10224.0
312.0	9987.0
313.0	10043.0
314.0	9993.0
315.0	9842.0
316.0	9874.0
317.0	9963.0
318.0	9648.0
319.0	10407.0
320.0	10471.0
321.0	9765.0
322.0	10002.0
323.0	9993.0
324.0	10184.0
325.0	10044.0
326.0	10199.0
327.0	10241.0
328.0	10227.0
329.0	9786.0
330.0	9464.0
331.0	10104.0
332.0	10344.0
333.0	9602.0
334.0	9858.0
335.0	9786.0
336.0	10307.0
337.0	9937.0
338.0	10099.0
339.0	10037.0
340.0	9788.0
341.0	10172.0
342.0	9946.0
343.0	9753.0
344.0	9988.0
345.0	10233.0
346.0	10302.0
347.0	9626.0
348.0	9765.0
349.0	10118.0
350.0	10221.0
351.0	9859.0
352.0	10223.0
353.0	9783.0
354.0	9312.0
355.0	10145.0
356.0	10183.0
357.0	10041.0
358.0	9806.0
359.0	10105.0
360.0	9958.0
361.0	9829.0
362.0	9841.0
363.0	9987.0
364.0	9851.0
365.0	9687.0
366.0	9571.0
367.0	10119.0
368.0	9993.0
369.0	9984.0
370.0	10224.0
371.0	10101.0
372.0	9603.0
373.0	9952.0
374.0	9845.0
375.0	9963.0
376.0	10395.0
377.0	10123.0
378.0	9932.0
379.0	10031.0
380.0	9691.0
381.0	9701.0
382.0	10179.0
383.0	9867.0
384.0	9785.0
385.0	9687.0
386.0	9989.0
387.0	9784.0
388.0	9913.0
389.0	10342.0
390.0	10075.0
391.0	10075.0
392.0	9890.0
393.0	9806.0
394.0	9600.0
395.0	9630.0
396.0	10187.0
397.0	9702.0
398.0	9658.0
399.0	10086.0
400.0	9900.0
401.0	9368.0
402.0	9826.0
403.0	9788.0
404.0	9529.0
405.0	9978.0
406.0	10042.0
407.0	9757.0
408.0	9974.0
409.0	10003.0
410.0	9553.0
411.0	9806.0
412.0	9626.0
413.0	10353.0
414.0	9973.0
415.0	9975.0
416.0	9728.0
417.0	9893.0
418.0	10079.0
419.0	9948.0
420.0	10164.0
421.0	9344.0
422.0	9739.0
423.0	9692.0
424.0	9626.0
425.0	9975.0
426.0	9701.0
427.0	9965.0
428.0	9625.0
429.0	10059.0
430.0	10131.0
431.0	9579.0
432.0	9980.0
433.0	9600.0
434.0	9973.0
435.0	9999.0
436.0	9991.0
437.0	9774.0
438.0	10167.0
439.0	9969.0
440.0	9824.0
441.0	9852.0
442.0	10346.0
443.0	10044.0
444.0	9841.0
445.0	10018.0
446.0	9829.0
447.0	10155.0
448.0	10174.0
449.0	9761.0
450.0	9636.0
451.0	9677.0
452.0	9600.0
453.0	9872.0
454.0	10025.0
455.0	9667.0
456.0	10072.0
457.0	9753.0
458.0	10307.0
459.0	10312.0
460.0	9960.0
461.0	10795.0
462.0	10070.0
463.0	10357.0
464.0	10438.0
465.0	10297.0
466.0	10571.0
467.0	10478.0
468.0	10615.0
469.0	10357.0
470.0	10350.0
471.0	10190.0
472.0	9969.0
473.0	10045.0
474.0	10301.0
475.0	10161.0
476.0	10462.0
477.0	10077.0
478.0	10396.0
479.0	11143.0
480.0	11999.0
481.0	11289.0
482.0	10755.0
483.0	10868.0
484.0	10446.0
485.0	10222.0
486.0	10419.0
487.0	10385.0
488.0	10439.0
489.0	10621.0
490.0	10582.0
491.0	10899.0
492.0	10803.0
493.0	10602.0
494.0	10553.0
495.0	10130.0
496.0	10368.0
497.0	11228.0
498.0	10977.0
499.0	11028.0
500.0	10675.0
501.0	11248.0
502.0	11647.0
503.0	11707.0
504.0	11621.0
505.0	11431.0
506.0	11528.0
507.0	11493.0
508.0	10843.0
509.0	10918.0
510.0	11073.0
511.0	10860.0
512.0	11089.0
513.0	10962.0
514.0	11264.0
515.0	10682.0
516.0	11103.0
517.0	11838.0
518.0	11037.0
519.0	10945.0
520.0	10891.0
521.0	10600.0
522.0	10794.0
523.0	10942.0
524.0	10934.0
525.0	11024.0
526.0	11228.0
527.0	10590.0
528.0	10390.0
529.0	11236.0
530.0	11142.0
531.0	10794.0
532.0	10921.0
533.0	10654.0
534.0	10808.0
535.0	11238.0
536.0	10878.0
537.0	10556.0
538.0	11200.0
539.0	10820.0
540.0	10930.0
541.0	10498.0
542.0	10958.0
543.0	11084.0
544.0	10683.0
545.0	11052.0
546.0	10691.0
547.0	10161.0
548.0	10498.0
549.0	10425.0
550.0	10583.0
551.0	10353.0
552.0	10698.0
553.0	10247.0
554.0	10732.0
555.0	10800.0
556.0	10458.0
557.0	10132.0
558.0	10681.0
559.0	10395.0
560.0	10232.0
561.0	10642.0
562.0	10657.0
563.0	10510.0
564.0	10322.0
565.0	10249.0
566.0	10418.0
567.0	10618.0
568.0	10504.0
569.0	10383.0
570.0	10267.0
571.0	10587.0
572.0	10371.0
573.0	10410.0
574.0	10271.0
575.0	10475.0
576.0	10401.0
577.0	10645.0
578.0	10012.0
579.0	10333.0
580.0	10656.0
581.0	10213.0
582.0	10189.0
583.0	10170.0
584.0	10491.0
585.0	10008.0
586.0	10339.0
587.0	10078.0
588.0	10337.0
589.0	9834.0
590.0	9606.0
591.0	10328.0
592.0	10133.0
593.0	10008.0
594.0	10324.0
595.0	10310.0
596.0	10146.0
597.0	10237.0
598.0	10184.0
599.0	9993.0
600.0	10015.0
601.0	9605.0
602.0	9897.0
603.0	9775.0
604.0	10423.0
605.0	9772.0
606.0	10056.0
607.0	9879.0
608.0	10155.0
609.0	9559.0
610.0	9893.0
611.0	9993.0
612.0	10106.0
613.0	9582.0
614.0	9797.0
615.0	9847.0
616.0	10208.0
617.0	10286.0
618.0	9938.0
619.0	9829.0
620.0	9981.0
621.0	9706.0
622.0	9713.0
623.0	10134.0
624.0	9975.0
625.0	10636.0
626.0	9634.0
627.0	9791.0
628.0	10132.0
629.0	10639.0
630.0	10228.0
631.0	10232.0
632.0	9997.0
633.0	9577.0
634.0	10214.0
635.0	9979.0
636.0	9944.0
637.0	10249.0
638.0	9725.0
639.0	9980.0
640.0	9829.0
641.0	9716.0
642.0	10011.0
643.0	9558.0
644.0	9583.0
645.0	9898.0
646.0	10452.0
647.0	10280.0
648.0	10140.0
649.0	9752.0
650.0	10294.0
651.0	9626.0
652.0	9987.0
653.0	10105.0
654.0	9527.0
655.0	9518.0
656.0	9997.0
657.0	9826.0
658.0	9620.0
659.0	10086.0
660.0	9872.0
661.0	9617.0
662.0	10050.0
663.0	9667.0
664.0	10189.0
665.0	10088.0
666.0	9497.0
667.0	9861.0
668.0	9853.0
669.0	10119.0
670.0	9984.0
671.0	9815.0
672.0	10195.0
673.0	10151.0
674.0	9654.0
675.0	9869.0
676.0	9513.0
677.0	10127.0
678.0	10027.0
679.0	10062.0
680.0	9964.0
681.0	10384.0
682.0	9528.0
683.0	9787.0
684.0	9881.0
685.0	9826.0
686.0	10029.0
687.0	10080.0
688.0	9721.0
689.0	10108.0
690.0	9648.0
691.0	9151.0
692.0	10347.0
693.0	9975.0
694.0	10151.0
695.0	9915.0
696.0	10191.0
697.0	9628.0
698.0	9875.0
699.0	9786.0
700.0	9884.0
701.0	9978.0
702.0	10461.0
703.0	10281.0
704.0	9915.0
705.0	9800.0
706.0	9755.0
707.0	9816.0
708.0	9310.0
709.0	10082.0
710.0	9827.0
711.0	9787.0
712.0	9716.0
713.0	9701.0
714.0	10015.0
715.0	10148.0
716.0	9853.0
717.0	9607.0
718.0	9987.0
719.0	9995.0
720.0	10100.0
721.0	9769.0
722.0	10015.0
723.0	9780.0
724.0	10019.0
725.0	10331.0
726.0	9816.0
727.0	9718.0
728.0	9754.0
729.0	10030.0
730.0	9979.0
731.0	9859.0
732.0	9653.0
733.0	9894.0
734.0	9872.0
735.0	9377.0
736.0	9869.0
737.0	9503.0
738.0	9901.0
739.0	9857.0
740.0	9708.0
741.0	9883.0
742.0	9949.0
743.0	9573.0
744.0	9831.0
745.0	9716.0
746.0	9978.0
747.0	10433.0
748.0	10094.0
749.0	9374.0
750.0	9842.0
751.0	9626.0
752.0	9619.0
753.0	9569.0
754.0	9648.0
755.0	10011.0
756.0	9800.0
757.0	9560.0
758.0	10140.0
759.0	9632.0
760.0	9992.0
761.0	10134.0
762.0	9869.0
763.0	10020.0
764.0	9853.0
765.0	9615.0
766.0	10146.0
767.0	9840.0
768.0	9503.0
769.0	10027.0
770.0	10316.0
771.0	9774.0
772.0	9920.0
773.0	9772.0
774.0	10081.0
775.0	9570.0
776.0	9793.0
777.0	9777.0
778.0	9466.0
779.0	9703.0
780.0	10069.0
781.0	9559.0
782.0	10209.0
783.0	9993.0
784.0	9985.0
785.0	9905.0
786.0	9728.0
787.0	10246.0
788.0	10172.0
789.0	10387.0
790.0	9748.0
791.0	10322.0
792.0	9887.0
793.0	10108.0
794.0	9711.0
795.0	9840.0
796.0	9554.0
797.0	9990.0
798.0	9527.0
799.0	9624.0
800.0	9686.0
