$itime = 500
$wv_start = 190.0
$hv = 1000
$grating = 2 1200 g/mm BLZ= 500  nm
$x_amps = 10
$x_volts = 45
$sample = DB2333
$date = 2023-06-02
$temp = 302.0
$wv_stop = 800.0
$time = 11:41:43.714000
$wv_step = 1.0
190.0	8310.0
191.0	8012.0
192.0	7990.0
193.0	8158.0
194.0	7887.0
195.0	7574.0
196.0	8112.0
197.0	7703.0
198.0	7976.0
199.0	7919.0
200.0	7476.0
201.0	8358.0
202.0	8128.0
203.0	7718.0
204.0	8061.0
205.0	7988.0
206.0	8015.0
207.0	8421.0
208.0	8112.0
209.0	7897.0
210.0	7903.0
211.0	7727.0
212.0	7986.0
213.0	7915.0
214.0	7948.0
215.0	8059.0
216.0	8013.0
217.0	7615.0
218.0	7759.0
219.0	7788.0
220.0	8080.0
221.0	8037.0
222.0	8192.0
223.0	8234.0
224.0	7703.0
225.0	8066.0
226.0	8190.0
227.0	7785.0
228.0	7903.0
229.0	7990.0
230.0	8107.0
231.0	8200.0
232.0	7882.0
233.0	7976.0
234.0	7941.0
235.0	8327.0
236.0	7911.0
237.0	7538.0
238.0	7908.0
239.0	8351.0
240.0	8036.0
241.0	8357.0
242.0	7991.0
243.0	7993.0
244.0	8216.0
245.0	8190.0
246.0	8218.0
247.0	8015.0
248.0	7948.0
249.0	7771.0
250.0	7940.0
251.0	7987.0
252.0	7965.0
253.0	8166.0
254.0	7675.0
255.0	7974.0
256.0	7997.0
257.0	7884.0
258.0	8141.0
259.0	8158.0
260.0	7745.0
261.0	8141.0
262.0	7586.0
263.0	8034.0
264.0	8049.0
265.0	7720.0
266.0	8118.0
267.0	8221.0
268.0	7570.0
269.0	7509.0
270.0	8097.0
271.0	7827.0
272.0	8333.0
273.0	7788.0
274.0	8068.0
275.0	7772.0
276.0	7579.0
277.0	7552.0
278.0	8251.0
279.0	7936.0
280.0	8006.0
281.0	7928.0
282.0	8283.0
283.0	8035.0
284.0	8158.0
285.0	8269.0
286.0	8058.0
287.0	8025.0
288.0	8191.0
289.0	8249.0
290.0	7855.0
291.0	8289.0
292.0	8175.0
293.0	8215.0
294.0	7867.0
295.0	8287.0
296.0	7775.0
297.0	8380.0
298.0	7666.0
299.0	7952.0
300.0	8241.0
301.0	8731.0
302.0	8162.0
303.0	8011.0
304.0	8580.0
305.0	8158.0
306.0	8327.0
307.0	8306.0
308.0	8200.0
309.0	7788.0
310.0	7528.0
311.0	7819.0
312.0	8236.0
313.0	8086.0
314.0	8162.0
315.0	7861.0
316.0	8291.0
317.0	7681.0
318.0	7887.0
319.0	8264.0
320.0	8208.0
321.0	7838.0
322.0	8006.0
323.0	8487.0
324.0	8272.0
325.0	8310.0
326.0	7948.0
327.0	7654.0
328.0	8134.0
329.0	7880.0
330.0	8385.0
331.0	8114.0
332.0	7928.0
333.0	7928.0
334.0	8184.0
335.0	8246.0
336.0	7966.0
337.0	7906.0
338.0	7969.0
339.0	8244.0
340.0	8067.0
341.0	7930.0
342.0	8035.0
343.0	8152.0
344.0	7919.0
345.0	8007.0
346.0	8159.0
347.0	7862.0
348.0	8053.0
349.0	7847.0
350.0	7747.0
351.0	7890.0
352.0	8212.0
353.0	7582.0
354.0	8121.0
355.0	7794.0
356.0	7914.0
357.0	8442.0
358.0	8005.0
359.0	7947.0
360.0	8421.0
361.0	7915.0
362.0	8125.0
363.0	8270.0
364.0	7679.0
365.0	7945.0
366.0	8098.0
367.0	7559.0
368.0	7512.0
369.0	8216.0
370.0	7478.0
371.0	7762.0
372.0	7746.0
373.0	7760.0
374.0	8413.0
375.0	8282.0
376.0	8056.0
377.0	8104.0
378.0	8200.0
379.0	7729.0
380.0	7903.0
381.0	8054.0
382.0	8429.0
383.0	7801.0
384.0	8146.0
385.0	7774.0
386.0	8092.0
387.0	7538.0
388.0	7536.0
389.0	7708.0
390.0	8500.0
391.0	7936.0
392.0	8026.0
393.0	8149.0
394.0	7900.0
395.0	7929.0
396.0	7771.0
397.0	8087.0
398.0	8021.0
399.0	7773.0
400.0	8464.0
401.0	7844.0
402.0	8347.0
403.0	7874.0
404.0	7723.0
405.0	7803.0
406.0	7929.0
407.0	8151.0
408.0	8215.0
409.0	8272.0
410.0	7502.0
411.0	7976.0
412.0	8247.0
413.0	7787.0
414.0	8115.0
415.0	8136.0
416.0	7911.0
417.0	8242.0
418.0	7843.0
419.0	8201.0
420.0	7783.0
421.0	8014.0
422.0	7703.0
423.0	7516.0
424.0	8055.0
425.0	8320.0
426.0	7830.0
427.0	7623.0
428.0	8056.0
429.0	8025.0
430.0	7559.0
431.0	7505.0
432.0	7788.0
433.0	7900.0
434.0	7778.0
435.0	7793.0
436.0	8016.0
437.0	8011.0
438.0	7578.0
439.0	7828.0
440.0	8299.0
441.0	7897.0
442.0	8020.0
443.0	7725.0
444.0	7938.0
445.0	8035.0
446.0	7926.0
447.0	8083.0
448.0	8343.0
449.0	8034.0
450.0	7940.0
451.0	8486.0
452.0	7876.0
453.0	8320.0
454.0	7877.0
455.0	7833.0
456.0	7980.0
457.0	7781.0
458.0	8145.0
459.0	8015.0
460.0	8158.0
461.0	8429.0
462.0	7978.0
463.0	7811.0
464.0	8269.0
465.0	8134.0
466.0	7853.0
467.0	8165.0
468.0	8037.0
469.0	7541.0
470.0	8058.0
471.0	8092.0
472.0	8110.0
473.0	7765.0
474.0	8135.0
475.0	7714.0
476.0	7507.0
477.0	8347.0
478.0	7861.0
479.0	8097.0
480.0	8209.0
481.0	7960.0
482.0	7824.0
483.0	7722.0
484.0	8336.0
485.0	7954.0
486.0	7512.0
487.0	8236.0
488.0	8131.0
489.0	7585.0
490.0	7747.0
491.0	8154.0
492.0	7777.0
493.0	8154.0
494.0	7957.0
495.0	7716.0
496.0	7700.0
497.0	7763.0
498.0	8004.0
499.0	8150.0
500.0	7727.0
501.0	8127.0
502.0	7715.0
503.0	7941.0
504.0	8121.0
505.0	7770.0
506.0	7209.0
507.0	7977.0
508.0	7853.0
509.0	7860.0
510.0	8074.0
511.0	8433.0
512.0	8190.0
513.0	7847.0
514.0	7941.0
515.0	8003.0
516.0	7746.0
517.0	8431.0
518.0	7833.0
519.0	8162.0
520.0	8414.0
521.0	7901.0
522.0	7957.0
523.0	8204.0
524.0	8088.0
525.0	8459.0
526.0	7872.0
527.0	8320.0
528.0	7997.0
529.0	8310.0
530.0	7787.0
531.0	7957.0
532.0	8183.0
533.0	8174.0
534.0	8486.0
535.0	7691.0
536.0	8093.0
537.0	7723.0
538.0	7989.0
539.0	8024.0
540.0	8097.0
541.0	8054.0
542.0	8398.0
543.0	8086.0
544.0	8499.0
545.0	7941.0
546.0	7718.0
547.0	8299.0
548.0	7861.0
549.0	7688.0
550.0	8357.0
551.0	7842.0
552.0	8174.0
553.0	8035.0
554.0	8026.0
555.0	8127.0
556.0	8057.0
557.0	8134.0
558.0	8242.0
559.0	7739.0
560.0	8104.0
561.0	7502.0
562.0	8026.0
563.0	8049.0
564.0	8548.0
565.0	8165.0
566.0	8242.0
567.0	8166.0
568.0	7914.0
569.0	7777.0
570.0	7872.0
571.0	7987.0
572.0	8400.0
573.0	8095.0
574.0	8238.0
575.0	8141.0
576.0	7947.0
577.0	7948.0
578.0	8209.0
579.0	8058.0
580.0	7925.0
581.0	8240.0
582.0	7646.0
583.0	8644.0
584.0	7785.0
585.0	8318.0
586.0	7934.0
587.0	7791.0
588.0	8080.0
589.0	8438.0
590.0	7773.0
591.0	8050.0
592.0	8081.0
593.0	7847.0
594.0	7954.0
595.0	8378.0
596.0	8216.0
597.0	8220.0
598.0	8036.0
599.0	8698.0
600.0	7995.0
601.0	7994.0
602.0	8411.0
603.0	8292.0
604.0	8404.0
605.0	8008.0
606.0	7788.0
607.0	8012.0
608.0	8007.0
609.0	8274.0
610.0	8221.0
611.0	7879.0
612.0	8069.0
613.0	8214.0
614.0	8074.0
615.0	8171.0
616.0	8020.0
617.0	8121.0
618.0	8038.0
619.0	7504.0
620.0	7725.0
621.0	7880.0
622.0	7767.0
623.0	8199.0
624.0	8194.0
625.0	8007.0
626.0	7788.0
627.0	7611.0
628.0	8097.0
629.0	8029.0
630.0	8476.0
631.0	7857.0
632.0	8009.0
633.0	8192.0
634.0	8166.0
635.0	7976.0
636.0	8048.0
637.0	8154.0
638.0	8029.0
639.0	7911.0
640.0	7928.0
641.0	8015.0
642.0	7919.0
643.0	8015.0
644.0	7927.0
645.0	7880.0
646.0	8172.0
647.0	7929.0
648.0	8106.0
649.0	8367.0
650.0	7832.0
651.0	7765.0
652.0	8174.0
653.0	7890.0
654.0	7842.0
655.0	7834.0
656.0	7648.0
657.0	8044.0
658.0	7794.0
659.0	7736.0
660.0	8005.0
661.0	8012.0
662.0	8175.0
663.0	7673.0
664.0	8056.0
665.0	8452.0
666.0	7927.0
667.0	7766.0
668.0	8105.0
669.0	7718.0
670.0	8039.0
671.0	7886.0
672.0	7959.0
673.0	8086.0
674.0	8087.0
675.0	7608.0
676.0	7835.0
677.0	8007.0
678.0	7727.0
679.0	7939.0
680.0	7844.0
681.0	8009.0
682.0	8339.0
683.0	8162.0
684.0	7975.0
685.0	8142.0
686.0	8313.0
687.0	7723.0
688.0	8445.0
689.0	8039.0
690.0	8123.0
691.0	8110.0
692.0	8156.0
693.0	8074.0
694.0	8189.0
695.0	8005.0
696.0	7926.0
697.0	7966.0
698.0	7670.0
699.0	7788.0
700.0	8300.0
701.0	7929.0
702.0	7861.0
703.0	7585.0
704.0	8030.0
705.0	7540.0
706.0	7924.0
707.0	8025.0
708.0	8106.0
709.0	7743.0
710.0	8191.0
711.0	7938.0
712.0	8005.0
713.0	7720.0
714.0	7853.0
715.0	8107.0
716.0	7976.0
717.0	7910.0
718.0	8327.0
719.0	8327.0
720.0	7997.0
721.0	8107.0
722.0	8012.0
723.0	8409.0
724.0	8303.0
725.0	7987.0
726.0	8021.0
727.0	7755.0
728.0	7972.0
729.0	8025.0
730.0	7941.0
731.0	8011.0
732.0	8013.0
733.0	7794.0
734.0	8166.0
735.0	7740.0
736.0	7866.0
737.0	7956.0
738.0	7895.0
739.0	7766.0
740.0	8079.0
741.0	7886.0
742.0	8026.0
743.0	7809.0
744.0	8143.0
745.0	7606.0
746.0	8110.0
747.0	7768.0
748.0	7680.0
749.0	7847.0
750.0	8007.0
751.0	7763.0
752.0	8386.0
753.0	8409.0
754.0	7786.0
755.0	7908.0
756.0	7833.0
757.0	8108.0
758.0	7812.0
759.0	7995.0
760.0	8301.0
761.0	7865.0
762.0	7867.0
763.0	7770.0
764.0	7747.0
765.0	7672.0
766.0	8011.0
767.0	8206.0
768.0	7517.0
769.0	7814.0
770.0	8151.0
771.0	7645.0
772.0	7812.0
773.0	8040.0
774.0	7746.0
775.0	8116.0
776.0	7759.0
777.0	8200.0
778.0	7507.0
779.0	8179.0
780.0	8240.0
781.0	7889.0
782.0	7807.0
783.0	8011.0
784.0	7705.0
785.0	8271.0
786.0	7598.0
787.0	7787.0
788.0	8021.0
789.0	8339.0
790.0	7424.0
791.0	8174.0
792.0	8242.0
793.0	7873.0
794.0	7841.0
795.0	8014.0
796.0	7847.0
797.0	7870.0
798.0	8038.0
799.0	8038.0
800.0	7906.0
