$itime = 500
$wv_start = 190.0
$hv = 1000
$grating = 2 1200 g/mm BLZ= 500  nm
$x_amps = 10
$x_volts = 45
$sample = DB2331
$date = 2023-06-07
$temp = 302.0
$wv_stop = 800.0
$time = 07:43:19.820000
$wv_step = 1.0
190.0	9110.0
191.0	9272.0
192.0	8624.0
193.0	8908.0
194.0	9191.0
195.0	8980.0
196.0	9111.0
197.0	8592.0
198.0	8953.0
199.0	9043.0
200.0	9298.0
201.0	8915.0
202.0	8675.0
203.0	9247.0
204.0	9190.0
205.0	8962.0
206.0	9200.0
207.0	8817.0
208.0	9005.0
209.0	9002.0
210.0	8991.0
211.0	8946.0
212.0	8892.0
213.0	8728.0
214.0	8656.0
215.0	9218.0
216.0	8644.0
217.0	9169.0
218.0	8820.0
219.0	9194.0
220.0	9063.0
221.0	9086.0
222.0	9021.0
223.0	9176.0
224.0	8911.0
225.0	8957.0
226.0	8772.0
227.0	9175.0
228.0	9260.0
229.0	9453.0
230.0	9307.0
231.0	8398.0
232.0	9338.0
233.0	9420.0
234.0	9231.0
235.0	8882.0
236.0	8916.0
237.0	8819.0
238.0	9164.0
239.0	9155.0
240.0	9356.0
241.0	8884.0
242.0	8937.0
243.0	9199.0
244.0	8935.0
245.0	9308.0
246.0	8869.0
247.0	9183.0
248.0	9098.0
249.0	9204.0
250.0	8773.0
251.0	9047.0
252.0	9639.0
253.0	9131.0
254.0	9027.0
255.0	9111.0
256.0	9055.0
257.0	8977.0
258.0	9084.0
259.0	9100.0
260.0	9188.0
261.0	8686.0
262.0	8955.0
263.0	9512.0
264.0	9630.0
265.0	8987.0
266.0	8901.0
267.0	9095.0
268.0	9321.0
269.0	9594.0
270.0	9471.0
271.0	9380.0
272.0	9203.0
273.0	9508.0
274.0	9604.0
275.0	9117.0
276.0	9505.0
277.0	9029.0
278.0	9064.0
279.0	9198.0
280.0	8977.0
281.0	9133.0
282.0	9603.0
283.0	9311.0
284.0	9016.0
285.0	9458.0
286.0	9406.0
287.0	9134.0
288.0	9375.0
289.0	9279.0
290.0	8992.0
291.0	9478.0
292.0	9153.0
293.0	9413.0
294.0	8890.0
295.0	9327.0
296.0	9423.0
297.0	9508.0
298.0	9256.0
299.0	9074.0
300.0	9124.0
301.0	9244.0
302.0	9507.0
303.0	9380.0
304.0	9552.0
305.0	9054.0
306.0	9265.0
307.0	9511.0
308.0	9072.0
309.0	9251.0
310.0	8977.0
311.0	9125.0
312.0	9254.0
313.0	9240.0
314.0	9326.0
315.0	9598.0
316.0	9326.0
317.0	8905.0
318.0	9319.0
319.0	9312.0
320.0	9395.0
321.0	9292.0
322.0	9242.0
323.0	8995.0
324.0	9580.0
325.0	9040.0
326.0	8846.0
327.0	9048.0
328.0	9828.0
329.0	9351.0
330.0	9148.0
331.0	9243.0
332.0	9245.0
333.0	9082.0
334.0	9088.0
335.0	9259.0
336.0	9099.0
337.0	9006.0
338.0	9382.0
339.0	9085.0
340.0	9542.0
341.0	9613.0
342.0	9105.0
343.0	9361.0
344.0	9237.0
345.0	8948.0
346.0	9648.0
347.0	8844.0
348.0	9307.0
349.0	9321.0
350.0	8670.0
351.0	9188.0
352.0	9198.0
353.0	9462.0
354.0	8966.0
355.0	9151.0
356.0	9193.0
357.0	9587.0
358.0	8948.0
359.0	9210.0
360.0	8761.0
361.0	9321.0
362.0	9065.0
363.0	9592.0
364.0	9476.0
365.0	8884.0
366.0	9524.0
367.0	9056.0
368.0	9441.0
369.0	9475.0
370.0	9632.0
371.0	9129.0
372.0	9332.0
373.0	8746.0
374.0	9452.0
375.0	8783.0
376.0	9403.0
377.0	9210.0
378.0	8906.0
379.0	8991.0
380.0	8732.0
381.0	9175.0
382.0	9204.0
383.0	9219.0
384.0	9062.0
385.0	8763.0
386.0	9251.0
387.0	9423.0
388.0	9273.0
389.0	8935.0
390.0	9510.0
391.0	9327.0
392.0	9128.0
393.0	9122.0
394.0	8900.0
395.0	9087.0
396.0	8912.0
397.0	9178.0
398.0	8901.0
399.0	8852.0
400.0	8837.0
401.0	8697.0
402.0	9317.0
403.0	9135.0
404.0	9333.0
405.0	8915.0
406.0	8966.0
407.0	8929.0
408.0	9004.0
409.0	9020.0
410.0	9213.0
411.0	9008.0
412.0	9362.0
413.0	9211.0
414.0	9208.0
415.0	9287.0
416.0	8624.0
417.0	8595.0
418.0	8796.0
419.0	9161.0
420.0	9232.0
421.0	8956.0
422.0	8900.0
423.0	8904.0
424.0	9325.0
425.0	9458.0
426.0	8827.0
427.0	8836.0
428.0	9033.0
429.0	8910.0
430.0	9161.0
431.0	9440.0
432.0	8878.0
433.0	8865.0
434.0	8918.0
435.0	9073.0
436.0	9573.0
437.0	8938.0
438.0	8909.0
439.0	9273.0
440.0	8767.0
441.0	9260.0
442.0	9064.0
443.0	9219.0
444.0	9089.0
445.0	8922.0
446.0	8664.0
447.0	8812.0
448.0	8958.0
449.0	9043.0
450.0	9276.0
451.0	9380.0
452.0	9201.0
453.0	9405.0
454.0	9380.0
455.0	9435.0
456.0	9102.0
457.0	9200.0
458.0	9240.0
459.0	8835.0
460.0	8840.0
461.0	9052.0
462.0	9506.0
463.0	8929.0
464.0	9384.0
465.0	8929.0
466.0	9617.0
467.0	9249.0
468.0	8679.0
469.0	8994.0
470.0	9682.0
471.0	9001.0
472.0	8868.0
473.0	9324.0
474.0	9558.0
475.0	9017.0
476.0	8977.0
477.0	9245.0
478.0	9277.0
479.0	9210.0
480.0	9029.0
481.0	9117.0
482.0	9433.0
483.0	9005.0
484.0	8878.0
485.0	9275.0
486.0	9245.0
487.0	8752.0
488.0	9149.0
489.0	9710.0
490.0	9327.0
491.0	9284.0
492.0	9193.0
493.0	9147.0
494.0	9302.0
495.0	8656.0
496.0	8938.0
497.0	9140.0
498.0	9063.0
499.0	8997.0
500.0	9523.0
501.0	9212.0
502.0	9232.0
503.0	9256.0
504.0	9436.0
505.0	9501.0
506.0	9188.0
507.0	8992.0
508.0	9561.0
509.0	8889.0
510.0	8962.0
511.0	8962.0
512.0	8728.0
513.0	9365.0
514.0	9148.0
515.0	9469.0
516.0	9394.0
517.0	9587.0
518.0	9193.0
519.0	9313.0
520.0	9189.0
521.0	9689.0
522.0	9426.0
523.0	9238.0
524.0	9486.0
525.0	9505.0
526.0	9542.0
527.0	9222.0
528.0	9173.0
529.0	9974.0
530.0	8898.0
531.0	9437.0
532.0	9261.0
533.0	8744.0
534.0	9119.0
535.0	9002.0
536.0	9386.0
537.0	9002.0
538.0	8805.0
539.0	9005.0
540.0	9222.0
541.0	9315.0
542.0	9208.0
543.0	9423.0
544.0	9341.0
545.0	8804.0
546.0	9092.0
547.0	9135.0
548.0	9152.0
549.0	9671.0
550.0	9032.0
551.0	9423.0
552.0	8829.0
553.0	9219.0
554.0	9254.0
555.0	9060.0
556.0	9098.0
557.0	9420.0
558.0	9029.0
559.0	9435.0
560.0	9506.0
561.0	9324.0
562.0	9322.0
563.0	9061.0
564.0	9124.0
565.0	9022.0
566.0	9375.0
567.0	8930.0
568.0	9165.0
569.0	9113.0
570.0	9375.0
571.0	9433.0
572.0	9089.0
573.0	9459.0
574.0	8865.0
575.0	9122.0
576.0	9579.0
577.0	8957.0
578.0	8797.0
579.0	9100.0
580.0	9420.0
581.0	9739.0
582.0	9535.0
583.0	8991.0
584.0	9419.0
585.0	9245.0
586.0	9437.0
587.0	9312.0
588.0	9340.0
589.0	9256.0
590.0	9084.0
591.0	8944.0
592.0	9263.0
593.0	9240.0
594.0	8846.0
595.0	9048.0
596.0	9248.0
597.0	9446.0
598.0	9132.0
599.0	9595.0
600.0	9260.0
601.0	9242.0
602.0	9190.0
603.0	9436.0
604.0	9095.0
605.0	9177.0
606.0	9439.0
607.0	9088.0
608.0	9189.0
609.0	9107.0
610.0	9300.0
611.0	9477.0
612.0	8896.0
613.0	8660.0
614.0	8977.0
615.0	9267.0
616.0	8978.0
617.0	8779.0
618.0	9254.0
619.0	9204.0
620.0	8984.0
621.0	9295.0
622.0	9349.0
623.0	9297.0
624.0	9208.0
625.0	9525.0
626.0	9148.0
627.0	9492.0
628.0	9058.0
629.0	9176.0
630.0	8858.0
631.0	9214.0
632.0	9074.0
633.0	8926.0
634.0	9032.0
635.0	9456.0
636.0	9273.0
637.0	9169.0
638.0	9382.0
639.0	9298.0
640.0	8787.0
641.0	8702.0
642.0	8900.0
643.0	9065.0
644.0	9184.0
645.0	9222.0
646.0	8773.0
647.0	8898.0
648.0	8797.0
649.0	9232.0
650.0	9279.0
651.0	8891.0
652.0	9060.0
653.0	9069.0
654.0	9420.0
655.0	9424.0
656.0	9093.0
657.0	8931.0
658.0	9154.0
659.0	9286.0
660.0	9067.0
661.0	9148.0
662.0	9417.0
663.0	9069.0
664.0	8957.0
665.0	8779.0
666.0	8969.0
667.0	9254.0
668.0	8694.0
669.0	9479.0
670.0	9317.0
671.0	9420.0
672.0	9210.0
673.0	9133.0
674.0	9723.0
675.0	9395.0
676.0	9211.0
677.0	9060.0
678.0	9219.0
679.0	9113.0
680.0	9123.0
681.0	9610.0
682.0	8996.0
683.0	8817.0
684.0	8994.0
685.0	9075.0
686.0	8896.0
687.0	8614.0
688.0	8990.0
689.0	9261.0
690.0	9243.0
691.0	9204.0
692.0	8625.0
693.0	8937.0
694.0	9202.0
695.0	8958.0
696.0	8655.0
697.0	8893.0
698.0	9008.0
699.0	9092.0
700.0	8859.0
701.0	8607.0
702.0	8753.0
703.0	9281.0
704.0	8655.0
705.0	8867.0
706.0	9388.0
707.0	8591.0
708.0	9311.0
709.0	9260.0
710.0	8876.0
711.0	8936.0
712.0	9177.0
713.0	9463.0
714.0	8711.0
715.0	8984.0
716.0	9092.0
717.0	9324.0
718.0	9223.0
719.0	8814.0
720.0	9008.0
721.0	8687.0
722.0	8904.0
723.0	9155.0
724.0	9445.0
725.0	9155.0
726.0	8809.0
727.0	8838.0
728.0	9208.0
729.0	9115.0
730.0	8582.0
731.0	9338.0
732.0	9181.0
733.0	9372.0
734.0	9113.0
735.0	9124.0
736.0	8664.0
737.0	9131.0
738.0	8986.0
739.0	9292.0
740.0	8979.0
741.0	9942.0
742.0	9193.0
743.0	9430.0
744.0	8549.0
745.0	9060.0
746.0	9065.0
747.0	8984.0
748.0	9069.0
749.0	9228.0
750.0	8822.0
751.0	9107.0
752.0	9689.0
753.0	9092.0
754.0	8808.0
755.0	8761.0
756.0	8597.0
757.0	8826.0
758.0	8949.0
759.0	9435.0
760.0	8878.0
761.0	9005.0
762.0	9235.0
763.0	8862.0
764.0	9235.0
765.0	9193.0
766.0	8899.0
767.0	8960.0
768.0	9059.0
769.0	9365.0
770.0	8875.0
771.0	9263.0
772.0	9152.0
773.0	9100.0
774.0	9072.0
775.0	8566.0
776.0	9164.0
777.0	8936.0
778.0	9073.0
779.0	9046.0
780.0	9054.0
781.0	8785.0
782.0	9177.0
783.0	8984.0
784.0	8932.0
785.0	8881.0
786.0	8901.0
787.0	9352.0
788.0	8858.0
789.0	9053.0
790.0	9030.0
791.0	8786.0
792.0	8892.0
793.0	9056.0
794.0	9134.0
795.0	9305.0
796.0	9139.0
797.0	8880.0
798.0	8730.0
799.0	9380.0
800.0	9301.0
