$itime = 500
$wv_start = 190.0
$hv = 1000
$grating = 2 1200 g/mm BLZ= 500  nm
$x_amps = 10
$x_volts = 45
$sample = DB2331
$date = 2023-06-07
$temp = 191.99
$wv_stop = 800.0
$time = 09:33:34.598000
$wv_step = 1.0
190.0	9933.0
191.0	10280.0
192.0	9646.0
193.0	9628.0
194.0	9591.0
195.0	10111.0
196.0	9476.0
197.0	9870.0
198.0	9438.0
199.0	9250.0
200.0	10078.0
201.0	10167.0
202.0	9810.0
203.0	9529.0
204.0	9642.0
205.0	9566.0
206.0	9321.0
207.0	10007.0
208.0	9505.0
209.0	9578.0
210.0	9815.0
211.0	9325.0
212.0	9509.0
213.0	9472.0
214.0	9942.0
215.0	9966.0
216.0	9775.0
217.0	9631.0
218.0	9740.0
219.0	9500.0
220.0	9654.0
221.0	9641.0
222.0	9963.0
223.0	9988.0
224.0	9575.0
225.0	9968.0
226.0	9921.0
227.0	9521.0
228.0	9930.0
229.0	9733.0
230.0	9898.0
231.0	9560.0
232.0	10324.0
233.0	10043.0
234.0	9421.0
235.0	9790.0
236.0	9844.0
237.0	9798.0
238.0	10133.0
239.0	9569.0
240.0	9960.0
241.0	10066.0
242.0	10289.0
243.0	9685.0
244.0	9814.0
245.0	9967.0
246.0	9726.0
247.0	9973.0
248.0	9941.0
249.0	9981.0
250.0	10217.0
251.0	9877.0
252.0	9929.0
253.0	9403.0
254.0	9602.0
255.0	9738.0
256.0	9888.0
257.0	9688.0
258.0	9956.0
259.0	9784.0
260.0	9832.0
261.0	9854.0
262.0	9567.0
263.0	10144.0
264.0	10001.0
265.0	9811.0
266.0	10034.0
267.0	9852.0
268.0	9818.0
269.0	9979.0
270.0	9817.0
271.0	10159.0
272.0	9973.0
273.0	10072.0
274.0	9924.0
275.0	9942.0
276.0	9876.0
277.0	9879.0
278.0	10236.0
279.0	10067.0
280.0	9912.0
281.0	9744.0
282.0	9850.0
283.0	9843.0
284.0	10114.0
285.0	9939.0
286.0	9856.0
287.0	9992.0
288.0	9930.0
289.0	10345.0
290.0	10117.0
291.0	9832.0
292.0	10290.0
293.0	9727.0
294.0	10077.0
295.0	9991.0
296.0	10158.0
297.0	10172.0
298.0	9800.0
299.0	9692.0
300.0	10006.0
301.0	9888.0
302.0	9954.0
303.0	9508.0
304.0	9930.0
305.0	9848.0
306.0	9737.0
307.0	10375.0
308.0	10208.0
309.0	9960.0
310.0	9797.0
311.0	9864.0
312.0	9634.0
313.0	9951.0
314.0	9947.0
315.0	10076.0
316.0	9862.0
317.0	9914.0
318.0	10028.0
319.0	10193.0
320.0	9992.0
321.0	9948.0
322.0	10019.0
323.0	10183.0
324.0	10333.0
325.0	9562.0
326.0	10074.0
327.0	10039.0
328.0	10367.0
329.0	9890.0
330.0	10226.0
331.0	10279.0
332.0	10114.0
333.0	10024.0
334.0	9871.0
335.0	10044.0
336.0	10272.0
337.0	9629.0
338.0	10292.0
339.0	9819.0
340.0	9804.0
341.0	9991.0
342.0	9744.0
343.0	10101.0
344.0	10046.0
345.0	9940.0
346.0	10019.0
347.0	9756.0
348.0	9902.0
349.0	9955.0
350.0	10001.0
351.0	9737.0
352.0	9794.0
353.0	10150.0
354.0	9947.0
355.0	10206.0
356.0	9861.0
357.0	9617.0
358.0	9790.0
359.0	9456.0
360.0	9659.0
361.0	9817.0
362.0	9591.0
363.0	9519.0
364.0	9726.0
365.0	9952.0
366.0	9676.0
367.0	9667.0
368.0	10004.0
369.0	9937.0
370.0	9877.0
371.0	9509.0
372.0	9900.0
373.0	9705.0
374.0	9420.0
375.0	9556.0
376.0	9324.0
377.0	9820.0
378.0	9656.0
379.0	9677.0
380.0	9462.0
381.0	9729.0
382.0	9600.0
383.0	9971.0
384.0	9751.0
385.0	10063.0
386.0	10103.0
387.0	9562.0
388.0	9762.0
389.0	10097.0
390.0	10217.0
391.0	9855.0
392.0	9867.0
393.0	9613.0
394.0	9475.0
395.0	9840.0
396.0	9933.0
397.0	9640.0
398.0	9832.0
399.0	9633.0
400.0	9739.0
401.0	9572.0
402.0	9676.0
403.0	9687.0
404.0	9593.0
405.0	9987.0
406.0	9892.0
407.0	9446.0
408.0	9711.0
409.0	9280.0
410.0	9941.0
411.0	9944.0
412.0	9740.0
413.0	9569.0
414.0	9763.0
415.0	9575.0
416.0	9803.0
417.0	9673.0
418.0	9590.0
419.0	9749.0
420.0	9749.0
421.0	9748.0
422.0	9560.0
423.0	10141.0
424.0	9620.0
425.0	9779.0
426.0	9750.0
427.0	9941.0
428.0	9540.0
429.0	9715.0
430.0	9577.0
431.0	9719.0
432.0	9523.0
433.0	9846.0
434.0	9778.0
435.0	9966.0
436.0	10031.0
437.0	9770.0
438.0	9417.0
439.0	9958.0
440.0	9824.0
441.0	9587.0
442.0	10191.0
443.0	9588.0
444.0	9830.0
445.0	9519.0
446.0	9892.0
447.0	10255.0
448.0	9855.0
449.0	9658.0
450.0	9405.0
451.0	9710.0
452.0	9563.0
453.0	9613.0
454.0	10289.0
455.0	9789.0
456.0	9572.0
457.0	9751.0
458.0	9611.0
459.0	9587.0
460.0	10072.0
461.0	9193.0
462.0	9997.0
463.0	9639.0
464.0	9776.0
465.0	9955.0
466.0	10223.0
467.0	9871.0
468.0	10374.0
469.0	10226.0
470.0	10034.0
471.0	9971.0
472.0	9832.0
473.0	9938.0
474.0	10333.0
475.0	10117.0
476.0	9718.0
477.0	10028.0
478.0	9840.0
479.0	10231.0
480.0	9748.0
481.0	9697.0
482.0	9822.0
483.0	10209.0
484.0	9617.0
485.0	9975.0
486.0	9975.0
487.0	9803.0
488.0	9984.0
489.0	9792.0
490.0	9936.0
491.0	9815.0
492.0	9632.0
493.0	9871.0
494.0	10150.0
495.0	9647.0
496.0	9370.0
497.0	9987.0
498.0	9895.0
499.0	9258.0
500.0	10254.0
501.0	10518.0
502.0	9660.0
503.0	10245.0
504.0	9812.0
505.0	9719.0
506.0	9710.0
507.0	9948.0
508.0	10273.0
509.0	10446.0
510.0	10022.0
511.0	10090.0
512.0	9969.0
513.0	10198.0
514.0	9721.0
515.0	9658.0
516.0	10166.0
517.0	9556.0
518.0	10172.0
519.0	9761.0
520.0	9988.0
521.0	9671.0
522.0	10236.0
523.0	9942.0
524.0	10007.0
525.0	9577.0
526.0	10428.0
527.0	10225.0
528.0	9491.0
529.0	10094.0
530.0	10310.0
531.0	9844.0
532.0	9925.0
533.0	9902.0
534.0	9669.0
535.0	9566.0
536.0	9943.0
537.0	10096.0
538.0	9772.0
539.0	10006.0
540.0	10073.0
541.0	9617.0
542.0	10156.0
543.0	9863.0
544.0	9933.0
545.0	9813.0
546.0	9749.0
547.0	9838.0
548.0	10173.0
549.0	10002.0
550.0	9898.0
551.0	10243.0
552.0	9981.0
553.0	9818.0
554.0	9840.0
555.0	10166.0
556.0	9757.0
557.0	9735.0
558.0	9817.0
559.0	9889.0
560.0	10115.0
561.0	10444.0
562.0	10030.0
563.0	9955.0
564.0	10243.0
565.0	9679.0
566.0	10318.0
567.0	10183.0
568.0	10143.0
569.0	9430.0
570.0	10065.0
571.0	9857.0
572.0	10381.0
573.0	10031.0
574.0	10115.0
575.0	9235.0
576.0	9819.0
577.0	9658.0
578.0	9974.0
579.0	9706.0
580.0	10032.0
581.0	9955.0
582.0	10063.0
583.0	10019.0
584.0	9598.0
585.0	10201.0
586.0	10323.0
587.0	9885.0
588.0	9724.0
589.0	9789.0
590.0	10428.0
591.0	9815.0
592.0	9883.0
593.0	9714.0
594.0	9751.0
595.0	9250.0
596.0	10086.0
597.0	9871.0
598.0	9775.0
599.0	9921.0
600.0	9779.0
601.0	10467.0
602.0	10004.0
603.0	9798.0
604.0	9831.0
605.0	10298.0
606.0	9977.0
607.0	10183.0
608.0	10088.0
609.0	9554.0
610.0	9547.0
611.0	9842.0
612.0	9648.0
613.0	9611.0
614.0	9973.0
615.0	10101.0
616.0	10108.0
617.0	9996.0
618.0	9724.0
619.0	9821.0
620.0	10074.0
621.0	9392.0
622.0	9809.0
623.0	9940.0
624.0	10152.0
625.0	10363.0
626.0	9766.0
627.0	10158.0
628.0	9836.0
629.0	9874.0
630.0	10310.0
631.0	9719.0
632.0	9844.0
633.0	10010.0
634.0	9825.0
635.0	9835.0
636.0	9803.0
637.0	9684.0
638.0	9650.0
639.0	10158.0
640.0	9811.0
641.0	9757.0
642.0	9823.0
643.0	10330.0
644.0	9966.0
645.0	9808.0
646.0	9844.0
647.0	9828.0
648.0	10080.0
649.0	10124.0
650.0	10034.0
651.0	9810.0
652.0	9955.0
653.0	9716.0
654.0	9544.0
655.0	9616.0
656.0	10239.0
657.0	9602.0
658.0	9887.0
659.0	9860.0
660.0	9694.0
661.0	9599.0
662.0	10132.0
663.0	9791.0
664.0	9826.0
665.0	9410.0
666.0	9624.0
667.0	9681.0
668.0	9630.0
669.0	9871.0
670.0	9879.0
671.0	9943.0
672.0	9944.0
673.0	10194.0
674.0	9947.0
675.0	9688.0
676.0	9756.0
677.0	9672.0
678.0	9622.0
679.0	9763.0
680.0	9905.0
681.0	9927.0
682.0	9981.0
683.0	9717.0
684.0	9659.0
685.0	10146.0
686.0	9751.0
687.0	10023.0
688.0	9648.0
689.0	10022.0
690.0	9959.0
691.0	9712.0
692.0	9501.0
693.0	10244.0
694.0	9900.0
695.0	9830.0
696.0	9756.0
697.0	10314.0
698.0	9609.0
699.0	9815.0
700.0	9635.0
701.0	9751.0
702.0	9468.0
703.0	9743.0
704.0	9663.0
705.0	9684.0
706.0	9799.0
707.0	9953.0
708.0	9677.0
709.0	10271.0
710.0	9730.0
711.0	10001.0
712.0	9832.0
713.0	9663.0
714.0	9968.0
715.0	9943.0
716.0	9938.0
717.0	10052.0
718.0	9563.0
719.0	9986.0
720.0	9921.0
721.0	9468.0
722.0	9933.0
723.0	10074.0
724.0	9691.0
725.0	9657.0
726.0	9790.0
727.0	9803.0
728.0	9633.0
729.0	9977.0
730.0	9681.0
731.0	9815.0
732.0	10119.0
733.0	9909.0
734.0	9650.0
735.0	9904.0
736.0	10333.0
737.0	9704.0
738.0	10139.0
739.0	10150.0
740.0	9724.0
741.0	9697.0
742.0	9842.0
743.0	9480.0
744.0	9738.0
745.0	10032.0
746.0	9721.0
747.0	9447.0
748.0	10280.0
749.0	9713.0
750.0	10146.0
751.0	9876.0
752.0	9565.0
753.0	10220.0
754.0	9756.0
755.0	9733.0
756.0	9515.0
757.0	9713.0
758.0	9354.0
759.0	9785.0
760.0	9664.0
761.0	9972.0
762.0	9989.0
763.0	10134.0
764.0	10034.0
765.0	9832.0
766.0	9617.0
767.0	9721.0
768.0	9986.0
769.0	9725.0
770.0	9748.0
771.0	9912.0
772.0	10123.0
773.0	10025.0
774.0	9929.0
775.0	10090.0
776.0	9808.0
777.0	9944.0
778.0	9817.0
779.0	9555.0
780.0	10223.0
781.0	9635.0
782.0	9680.0
783.0	9926.0
784.0	9669.0
785.0	10128.0
786.0	9973.0
787.0	10228.0
788.0	9726.0
789.0	9964.0
790.0	9679.0
791.0	9944.0
792.0	10041.0
793.0	9955.0
794.0	10215.0
795.0	10152.0
796.0	10077.0
797.0	10063.0
798.0	9288.0
799.0	9803.0
800.0	9856.0
