$itime = 500
$wv_start = 190.0
$hv = 1000
$grating = 2 1200 g/mm BLZ= 500  nm
$x_amps = 10
$x_volts = 45
$sample = DB2331
$date = 2023-06-07
$temp = 232.0
$wv_stop = 800.0
$time = 09:33:34.598000
$wv_step = 1.0
190.0	9314.0
191.0	9306.0
192.0	9747.0
193.0	9690.0
194.0	9537.0
195.0	9722.0
196.0	9253.0
197.0	9654.0
198.0	9593.0
199.0	9403.0
200.0	9310.0
201.0	9503.0
202.0	9405.0
203.0	9482.0
204.0	9494.0
205.0	9395.0
206.0	9573.0
207.0	9222.0
208.0	9177.0
209.0	9761.0
210.0	9588.0
211.0	9317.0
212.0	9378.0
213.0	9784.0
214.0	9433.0
215.0	8950.0
216.0	9672.0
217.0	9535.0
218.0	9133.0
219.0	9590.0
220.0	9591.0
221.0	9324.0
222.0	9821.0
223.0	9407.0
224.0	9340.0
225.0	9074.0
226.0	9514.0
227.0	9809.0
228.0	9062.0
229.0	9521.0
230.0	9885.0
231.0	9203.0
232.0	9277.0
233.0	9540.0
234.0	9180.0
235.0	9534.0
236.0	9160.0
237.0	9855.0
238.0	9436.0
239.0	9657.0
240.0	8852.0
241.0	9163.0
242.0	9274.0
243.0	9485.0
244.0	9635.0
245.0	9177.0
246.0	9453.0
247.0	9509.0
248.0	9253.0
249.0	9301.0
250.0	9345.0
251.0	9287.0
252.0	9656.0
253.0	9571.0
254.0	9645.0
255.0	9937.0
256.0	9213.0
257.0	9476.0
258.0	9229.0
259.0	9436.0
260.0	9562.0
261.0	9669.0
262.0	9435.0
263.0	9470.0
264.0	9437.0
265.0	9535.0
266.0	9586.0
267.0	9640.0
268.0	9713.0
269.0	9549.0
270.0	9944.0
271.0	9073.0
272.0	9929.0
273.0	9533.0
274.0	10193.0
275.0	9879.0
276.0	9697.0
277.0	9880.0
278.0	9687.0
279.0	9663.0
280.0	9734.0
281.0	9497.0
282.0	9635.0
283.0	9520.0
284.0	10049.0
285.0	10002.0
286.0	9492.0
287.0	9479.0
288.0	9806.0
289.0	9370.0
290.0	9659.0
291.0	9713.0
292.0	9871.0
293.0	9710.0
294.0	9953.0
295.0	9691.0
296.0	10236.0
297.0	9785.0
298.0	9686.0
299.0	9756.0
300.0	9687.0
301.0	9551.0
302.0	9590.0
303.0	9586.0
304.0	10073.0
305.0	9814.0
306.0	9928.0
307.0	9947.0
308.0	9969.0
309.0	9987.0
310.0	9423.0
311.0	9810.0
312.0	9251.0
313.0	9339.0
314.0	10365.0
315.0	10179.0
316.0	9677.0
317.0	9892.0
318.0	9736.0
319.0	9582.0
320.0	9703.0
321.0	9595.0
322.0	9683.0
323.0	9632.0
324.0	9946.0
325.0	10000.0
326.0	9458.0
327.0	9945.0
328.0	9668.0
329.0	10164.0
330.0	9958.0
331.0	9070.0
332.0	9658.0
333.0	9465.0
334.0	9750.0
335.0	9931.0
336.0	9731.0
337.0	9587.0
338.0	10004.0
339.0	9509.0
340.0	9468.0
341.0	10198.0
342.0	9631.0
343.0	9591.0
344.0	9756.0
345.0	9951.0
346.0	9509.0
347.0	9462.0
348.0	9721.0
349.0	9926.0
350.0	9804.0
351.0	9405.0
352.0	9877.0
353.0	9325.0
354.0	9650.0
355.0	9572.0
356.0	9898.0
357.0	9430.0
358.0	9718.0
359.0	9626.0
360.0	9734.0
361.0	9838.0
362.0	9472.0
363.0	9476.0
364.0	9678.0
365.0	9881.0
366.0	9207.0
367.0	9168.0
368.0	9593.0
369.0	9421.0
370.0	9434.0
371.0	9734.0
372.0	9485.0
373.0	10005.0
374.0	9709.0
375.0	9170.0
376.0	9750.0
377.0	9243.0
378.0	9613.0
379.0	9453.0
380.0	9529.0
381.0	9222.0
382.0	9599.0
383.0	9669.0
384.0	9307.0
385.0	9820.0
386.0	10008.0
387.0	9551.0
388.0	9204.0
389.0	9509.0
390.0	9570.0
391.0	9291.0
392.0	9500.0
393.0	9326.0
394.0	9631.0
395.0	9200.0
396.0	9838.0
397.0	9323.0
398.0	9837.0
399.0	9844.0
400.0	9472.0
401.0	9304.0
402.0	9527.0
403.0	9247.0
404.0	9569.0
405.0	9715.0
406.0	9738.0
407.0	9520.0
408.0	9156.0
409.0	9400.0
410.0	9562.0
411.0	9619.0
412.0	9786.0
413.0	9711.0
414.0	9742.0
415.0	9487.0
416.0	9684.0
417.0	9319.0
418.0	9730.0
419.0	9830.0
420.0	9402.0
421.0	9175.0
422.0	9512.0
423.0	9310.0
424.0	8941.0
425.0	9789.0
426.0	9017.0
427.0	9275.0
428.0	9512.0
429.0	9302.0
430.0	9527.0
431.0	9570.0
432.0	9433.0
433.0	9454.0
434.0	9569.0
435.0	9534.0
436.0	9306.0
437.0	9452.0
438.0	9723.0
439.0	9451.0
440.0	9253.0
441.0	9110.0
442.0	9930.0
443.0	9623.0
444.0	9609.0
445.0	9255.0
446.0	9499.0
447.0	9714.0
448.0	9470.0
449.0	9879.0
450.0	9057.0
451.0	9819.0
452.0	9668.0
453.0	9419.0
454.0	9444.0
455.0	9202.0
456.0	9505.0
457.0	9741.0
458.0	9652.0
459.0	9657.0
460.0	9682.0
461.0	9110.0
462.0	9599.0
463.0	9307.0
464.0	9784.0
465.0	9725.0
466.0	9650.0
467.0	9243.0
468.0	9590.0
469.0	9326.0
470.0	9575.0
471.0	9665.0
472.0	9271.0
473.0	9381.0
474.0	9419.0
475.0	9803.0
476.0	9289.0
477.0	9817.0
478.0	9634.0
479.0	9389.0
480.0	9499.0
481.0	9443.0
482.0	9583.0
483.0	9190.0
484.0	9338.0
485.0	9464.0
486.0	9810.0
487.0	10019.0
488.0	9811.0
489.0	10033.0
490.0	9952.0
491.0	9487.0
492.0	9667.0
493.0	9735.0
494.0	9363.0
495.0	9327.0
496.0	9707.0
497.0	9546.0
498.0	9275.0
499.0	9647.0
500.0	9563.0
501.0	9113.0
502.0	9237.0
503.0	9804.0
504.0	9634.0
505.0	9550.0
506.0	9781.0
507.0	9951.0
508.0	9750.0
509.0	9988.0
510.0	9756.0
511.0	9775.0
512.0	9372.0
513.0	9721.0
514.0	9880.0
515.0	9576.0
516.0	9751.0
517.0	9567.0
518.0	9589.0
519.0	9596.0
520.0	9728.0
521.0	9428.0
522.0	9727.0
523.0	9946.0
524.0	9784.0
525.0	9655.0
526.0	9693.0
527.0	9485.0
528.0	9640.0
529.0	9581.0
530.0	9938.0
531.0	9439.0
532.0	9606.0
533.0	9253.0
534.0	10042.0
535.0	9824.0
536.0	9558.0
537.0	9614.0
538.0	9790.0
539.0	9940.0
540.0	9752.0
541.0	10155.0
542.0	9910.0
543.0	9745.0
544.0	9946.0
545.0	9640.0
546.0	10205.0
547.0	9623.0
548.0	9596.0
549.0	9735.0
550.0	9921.0
551.0	9357.0
552.0	9617.0
553.0	9704.0
554.0	9840.0
555.0	9788.0
556.0	9453.0
557.0	9441.0
558.0	9922.0
559.0	9829.0
560.0	9756.0
561.0	9749.0
562.0	10241.0
563.0	9961.0
564.0	10134.0
565.0	9834.0
566.0	9832.0
567.0	9511.0
568.0	9486.0
569.0	9632.0
570.0	9748.0
571.0	9253.0
572.0	9664.0
573.0	9756.0
574.0	9613.0
575.0	9987.0
576.0	9884.0
577.0	9663.0
578.0	9706.0
579.0	9567.0
580.0	9867.0
581.0	9751.0
582.0	9748.0
583.0	9872.0
584.0	10060.0
585.0	9425.0
586.0	9255.0
587.0	9314.0
588.0	10062.0
589.0	9870.0
590.0	9695.0
591.0	9541.0
592.0	9068.0
593.0	9815.0
594.0	9265.0
595.0	9642.0
596.0	9292.0
597.0	9328.0
598.0	9494.0
599.0	9713.0
600.0	9716.0
601.0	9298.0
602.0	9715.0
603.0	9424.0
604.0	9766.0
605.0	10019.0
606.0	9419.0
607.0	9717.0
608.0	9966.0
609.0	9581.0
610.0	9823.0
611.0	9634.0
612.0	9733.0
613.0	9671.0
614.0	9691.0
615.0	9687.0
616.0	9491.0
617.0	9588.0
618.0	9577.0
619.0	9898.0
620.0	9725.0
621.0	9274.0
622.0	9103.0
623.0	9876.0
624.0	9993.0
625.0	9739.0
626.0	10100.0
627.0	9969.0
628.0	9723.0
629.0	9265.0
630.0	9355.0
631.0	9700.0
632.0	9670.0
633.0	9734.0
634.0	9427.0
635.0	9493.0
636.0	9403.0
637.0	9425.0
638.0	9114.0
639.0	9344.0
640.0	9578.0
641.0	9582.0
642.0	9116.0
643.0	9732.0
644.0	9971.0
645.0	9249.0
646.0	9404.0
647.0	9628.0
648.0	9589.0
649.0	9736.0
650.0	9694.0
651.0	9418.0
652.0	9724.0
653.0	9596.0
654.0	9874.0
655.0	9255.0
656.0	9253.0
657.0	9810.0
658.0	9162.0
659.0	9397.0
660.0	9679.0
661.0	9728.0
662.0	9218.0
663.0	9298.0
664.0	9662.0
665.0	9901.0
666.0	9299.0
667.0	9436.0
668.0	9397.0
669.0	9381.0
670.0	9710.0
671.0	9803.0
672.0	9237.0
673.0	9278.0
674.0	9458.0
675.0	9130.0
676.0	9396.0
677.0	9555.0
678.0	9244.0
679.0	9725.0
680.0	9190.0
681.0	10121.0
682.0	9419.0
683.0	9468.0
684.0	9527.0
685.0	10106.0
686.0	9072.0
687.0	9713.0
688.0	9244.0
689.0	9517.0
690.0	9852.0
691.0	9445.0
692.0	9738.0
693.0	9298.0
694.0	9898.0
695.0	9269.0
696.0	9877.0
697.0	9786.0
698.0	8993.0
699.0	9432.0
700.0	9735.0
701.0	9599.0
702.0	9593.0
703.0	9507.0
704.0	9626.0
705.0	9732.0
706.0	9711.0
707.0	9820.0
708.0	9307.0
709.0	9055.0
710.0	9568.0
711.0	9689.0
712.0	9412.0
713.0	9633.0
714.0	9601.0
715.0	9755.0
716.0	9878.0
717.0	9565.0
718.0	9529.0
719.0	9709.0
720.0	8965.0
721.0	9521.0
722.0	9613.0
723.0	9677.0
724.0	9566.0
725.0	9725.0
726.0	9462.0
727.0	9789.0
728.0	9183.0
729.0	9547.0
730.0	9814.0
731.0	9208.0
732.0	9524.0
733.0	9623.0
734.0	9176.0
735.0	9185.0
736.0	9193.0
737.0	9588.0
738.0	10226.0
739.0	9575.0
740.0	9220.0
741.0	9659.0
742.0	9879.0
743.0	9614.0
744.0	8756.0
745.0	10008.0
746.0	9718.0
747.0	10043.0
748.0	9606.0
749.0	9229.0
750.0	9450.0
751.0	9468.0
752.0	9565.0
753.0	9638.0
754.0	9715.0
755.0	9835.0
756.0	9658.0
757.0	9551.0
758.0	9385.0
759.0	9139.0
760.0	9337.0
761.0	9991.0
762.0	9087.0
763.0	9329.0
764.0	9441.0
765.0	9477.0
766.0	9936.0
767.0	9625.0
768.0	9524.0
769.0	9966.0
770.0	9932.0
771.0	9572.0
772.0	9069.0
773.0	9735.0
774.0	9425.0
775.0	9258.0
776.0	9592.0
777.0	9776.0
778.0	10014.0
779.0	9111.0
780.0	9563.0
781.0	9568.0
782.0	9721.0
783.0	9679.0
784.0	9402.0
785.0	9441.0
786.0	9409.0
787.0	9565.0
788.0	9212.0
789.0	9376.0
790.0	9624.0
791.0	9321.0
792.0	9521.0
793.0	9957.0
794.0	9694.0
795.0	9587.0
796.0	9870.0
797.0	9760.0
798.0	9601.0
799.0	9832.0
800.0	9253.0
