$itime = 500
$wv_start = 190.0
$hv = 1000
$grating = 2 1200 g/mm BLZ= 500  nm
$x_amps = 10
$x_volts = 45
$sample = DB2331
$date = 2023-06-07
$temp = 161.99
$wv_stop = 800.0
$time = 09:33:34.598000
$wv_step = 1.0
190.0	10173.0
191.0	9849.0
192.0	10277.0
193.0	9929.0
194.0	10078.0
195.0	9892.0
196.0	9833.0
197.0	10120.0
198.0	9787.0
199.0	9873.0
200.0	9795.0
201.0	9981.0
202.0	9719.0
203.0	10050.0
204.0	10004.0
205.0	9937.0
206.0	10167.0
207.0	10390.0
208.0	9698.0
209.0	9770.0
210.0	9852.0
211.0	9643.0
212.0	9595.0
213.0	10105.0
214.0	9903.0
215.0	9993.0
216.0	10471.0
217.0	10168.0
218.0	9317.0
219.0	9806.0
220.0	10236.0
221.0	10136.0
222.0	9931.0
223.0	10022.0
224.0	10225.0
225.0	9803.0
226.0	9884.0
227.0	9856.0
228.0	10136.0
229.0	10112.0
230.0	9960.0
231.0	9751.0
232.0	9582.0
233.0	10313.0
234.0	10085.0
235.0	9750.0
236.0	10173.0
237.0	9638.0
238.0	9659.0
239.0	10262.0
240.0	10185.0
241.0	10231.0
242.0	9888.0
243.0	10047.0
244.0	9710.0
245.0	9945.0
246.0	9262.0
247.0	10106.0
248.0	10468.0
249.0	10235.0
250.0	9734.0
251.0	10217.0
252.0	9891.0
253.0	10086.0
254.0	10092.0
255.0	10215.0
256.0	10267.0
257.0	9941.0
258.0	10235.0
259.0	10135.0
260.0	9653.0
261.0	9638.0
262.0	9787.0
263.0	10197.0
264.0	10274.0
265.0	10210.0
266.0	10067.0
267.0	10218.0
268.0	10145.0
269.0	9831.0
270.0	10187.0
271.0	10029.0
272.0	10455.0
273.0	10632.0
274.0	10294.0
275.0	9684.0
276.0	10281.0
277.0	10086.0
278.0	9798.0
279.0	10223.0
280.0	10243.0
281.0	10094.0
282.0	9969.0
283.0	9960.0
284.0	10368.0
285.0	10253.0
286.0	10212.0
287.0	9879.0
288.0	10346.0
289.0	10664.0
290.0	10716.0
291.0	9830.0
292.0	10187.0
293.0	10412.0
294.0	10120.0
295.0	9829.0
296.0	10512.0
297.0	10377.0
298.0	10455.0
299.0	10090.0
300.0	9813.0
301.0	9854.0
302.0	10136.0
303.0	10191.0
304.0	10469.0
305.0	10048.0
306.0	10216.0
307.0	10500.0
308.0	9994.0
309.0	9938.0
310.0	10564.0
311.0	10439.0
312.0	10149.0
313.0	10363.0
314.0	10283.0
315.0	10661.0
316.0	10335.0
317.0	9721.0
318.0	9868.0
319.0	10184.0
320.0	10452.0
321.0	10584.0
322.0	10384.0
323.0	9938.0
324.0	10226.0
325.0	9881.0
326.0	10204.0
327.0	9976.0
328.0	10435.0
329.0	10226.0
330.0	9843.0
331.0	10024.0
332.0	9969.0
333.0	9862.0
334.0	10146.0
335.0	10359.0
336.0	10349.0
337.0	10219.0
338.0	10032.0
339.0	9865.0
340.0	9903.0
341.0	10432.0
342.0	9974.0
343.0	10237.0
344.0	9832.0
345.0	10526.0
346.0	10194.0
347.0	10583.0
348.0	9738.0
349.0	9714.0
350.0	10545.0
351.0	9980.0
352.0	10183.0
353.0	9863.0
354.0	10555.0
355.0	9741.0
356.0	10146.0
357.0	10319.0
358.0	9943.0
359.0	9712.0
360.0	10086.0
361.0	10106.0
362.0	10220.0
363.0	10222.0
364.0	10326.0
365.0	10022.0
366.0	9559.0
367.0	10260.0
368.0	9990.0
369.0	10042.0
370.0	10243.0
371.0	9820.0
372.0	10019.0
373.0	10047.0
374.0	10076.0
375.0	10118.0
376.0	9824.0
377.0	10042.0
378.0	10159.0
379.0	10091.0
380.0	9721.0
381.0	10341.0
382.0	10063.0
383.0	10202.0
384.0	10266.0
385.0	9550.0
386.0	10388.0
387.0	9966.0
388.0	9719.0
389.0	10211.0
390.0	10334.0
391.0	9898.0
392.0	9932.0
393.0	9950.0
394.0	10431.0
395.0	9955.0
396.0	10239.0
397.0	10101.0
398.0	10256.0
399.0	9838.0
400.0	10027.0
401.0	9792.0
402.0	9713.0
403.0	9694.0
404.0	9891.0
405.0	10397.0
406.0	9742.0
407.0	10194.0
408.0	10330.0
409.0	9958.0
410.0	10109.0
411.0	10307.0
412.0	9705.0
413.0	9800.0
414.0	10114.0
415.0	9792.0
416.0	9961.0
417.0	10007.0
418.0	10074.0
419.0	9951.0
420.0	9933.0
421.0	9917.0
422.0	10272.0
423.0	10025.0
424.0	9945.0
425.0	9863.0
426.0	9939.0
427.0	9832.0
428.0	10288.0
429.0	10103.0
430.0	10230.0
431.0	10798.0
432.0	9963.0
433.0	9993.0
434.0	9655.0
435.0	9903.0
436.0	9750.0
437.0	9870.0
438.0	10229.0
439.0	10130.0
440.0	10465.0
441.0	10138.0
442.0	10078.0
443.0	10130.0
444.0	10287.0
445.0	10617.0
446.0	9965.0
447.0	9962.0
448.0	9656.0
449.0	9877.0
450.0	9803.0
451.0	10131.0
452.0	10653.0
453.0	9931.0
454.0	10120.0
455.0	9597.0
456.0	10077.0
457.0	10301.0
458.0	9926.0
459.0	10126.0
460.0	10494.0
461.0	10111.0
462.0	10107.0
463.0	9817.0
464.0	10202.0
465.0	10079.0
466.0	10162.0
467.0	9856.0
468.0	9863.0
469.0	10136.0
470.0	10744.0
471.0	10183.0
472.0	10147.0
473.0	9857.0
474.0	10011.0
475.0	9871.0
476.0	10370.0
477.0	10076.0
478.0	10008.0
479.0	10219.0
480.0	9993.0
481.0	10458.0
482.0	10545.0
483.0	9948.0
484.0	10755.0
485.0	9895.0
486.0	10613.0
487.0	10439.0
488.0	10409.0
489.0	9942.0
490.0	10183.0
491.0	9837.0
492.0	10545.0
493.0	10130.0
494.0	10070.0
495.0	10682.0
496.0	10028.0
497.0	10552.0
498.0	10287.0
499.0	10758.0
500.0	10249.0
501.0	10407.0
502.0	10188.0
503.0	10558.0
504.0	10175.0
505.0	10782.0
506.0	9980.0
507.0	9867.0
508.0	10612.0
509.0	10523.0
510.0	10457.0
511.0	10660.0
512.0	10583.0
513.0	10521.0
514.0	10351.0
515.0	9984.0
516.0	10159.0
517.0	10655.0
518.0	10455.0
519.0	10436.0
520.0	10088.0
521.0	10498.0
522.0	10105.0
523.0	10624.0
524.0	10426.0
525.0	10105.0
526.0	10051.0
527.0	10345.0
528.0	10344.0
529.0	10453.0
530.0	10854.0
531.0	9769.0
532.0	10736.0
533.0	10189.0
534.0	10254.0
535.0	10275.0
536.0	10548.0
537.0	9828.0
538.0	10330.0
539.0	10660.0
540.0	9958.0
541.0	10062.0
542.0	10148.0
543.0	10573.0
544.0	9637.0
545.0	10578.0
546.0	10383.0
547.0	10506.0
548.0	10773.0
549.0	10267.0
550.0	10411.0
551.0	10498.0
552.0	10421.0
553.0	9958.0
554.0	10655.0
555.0	10147.0
556.0	9735.0
557.0	10235.0
558.0	10374.0
559.0	10428.0
560.0	10375.0
561.0	10445.0
562.0	10365.0
563.0	10321.0
564.0	10478.0
565.0	10790.0
566.0	9815.0
567.0	10384.0
568.0	10551.0
569.0	10242.0
570.0	11007.0
571.0	10022.0
572.0	10134.0
573.0	10257.0
574.0	9984.0
575.0	10122.0
576.0	9992.0
577.0	10013.0
578.0	10330.0
579.0	10264.0
580.0	10082.0
581.0	10367.0
582.0	10360.0
583.0	10031.0
584.0	10371.0
585.0	10351.0
586.0	10403.0
587.0	10086.0
588.0	10235.0
589.0	10146.0
590.0	10536.0
591.0	9822.0
592.0	9714.0
593.0	10156.0
594.0	10074.0
595.0	10110.0
596.0	10225.0
597.0	10319.0
598.0	10514.0
599.0	10423.0
600.0	10310.0
601.0	10319.0
602.0	10271.0
603.0	10518.0
604.0	10109.0
605.0	10496.0
606.0	10279.0
607.0	10245.0
608.0	9888.0
609.0	9804.0
610.0	10350.0
611.0	9967.0
612.0	9955.0
613.0	9987.0
614.0	10124.0
615.0	9997.0
616.0	10411.0
617.0	9722.0
618.0	10120.0
619.0	10141.0
620.0	10059.0
621.0	9822.0
622.0	10437.0
623.0	9812.0
624.0	10585.0
625.0	10074.0
626.0	9948.0
627.0	9586.0
628.0	10631.0
629.0	10074.0
630.0	10507.0
631.0	10466.0
632.0	10173.0
633.0	9946.0
634.0	10426.0
635.0	9832.0
636.0	10345.0
637.0	10549.0
638.0	10109.0
639.0	10136.0
640.0	10133.0
641.0	9462.0
642.0	9817.0
643.0	10286.0
644.0	10301.0
645.0	9922.0
646.0	10074.0
647.0	10353.0
648.0	9844.0
649.0	9477.0
650.0	10078.0
651.0	10153.0
652.0	9662.0
653.0	9896.0
654.0	9937.0
655.0	10124.0
656.0	10392.0
657.0	9814.0
658.0	9626.0
659.0	9631.0
660.0	9696.0
661.0	9943.0
662.0	10283.0
663.0	10372.0
664.0	9580.0
665.0	10281.0
666.0	10242.0
667.0	9860.0
668.0	9873.0
669.0	10080.0
670.0	10148.0
671.0	10260.0
672.0	9785.0
673.0	9756.0
674.0	9973.0
675.0	10310.0
676.0	10183.0
677.0	10008.0
678.0	9922.0
679.0	9987.0
680.0	9833.0
681.0	9814.0
682.0	9740.0
683.0	10230.0
684.0	10385.0
685.0	9816.0
686.0	9832.0
687.0	9827.0
688.0	9923.0
689.0	9940.0
690.0	10233.0
691.0	9735.0
692.0	10337.0
693.0	9984.0
694.0	9968.0
695.0	10126.0
696.0	10051.0
697.0	9931.0
698.0	9740.0
699.0	9836.0
700.0	10305.0
701.0	9756.0
702.0	9986.0
703.0	9763.0
704.0	10008.0
705.0	9894.0
706.0	10069.0
707.0	10109.0
708.0	9883.0
709.0	9642.0
710.0	9973.0
711.0	9529.0
712.0	9873.0
713.0	9938.0
714.0	10239.0
715.0	9715.0
716.0	9756.0
717.0	10150.0
718.0	10039.0
719.0	10289.0
720.0	9987.0
721.0	10002.0
722.0	10142.0
723.0	10183.0
724.0	10409.0
725.0	9670.0
726.0	9713.0
727.0	10234.0
728.0	10478.0
729.0	10074.0
730.0	9803.0
731.0	9993.0
732.0	10037.0
733.0	9875.0
734.0	10187.0
735.0	9912.0
736.0	10414.0
737.0	9593.0
738.0	9844.0
739.0	9897.0
740.0	9735.0
741.0	10331.0
742.0	10205.0
743.0	10441.0
744.0	10031.0
745.0	9988.0
746.0	10120.0
747.0	10281.0
748.0	9737.0
749.0	10017.0
750.0	10160.0
751.0	9947.0
752.0	9485.0
753.0	10149.0
754.0	10109.0
755.0	9905.0
756.0	9803.0
757.0	9642.0
758.0	9857.0
759.0	10244.0
760.0	9829.0
761.0	9953.0
762.0	9902.0
763.0	9614.0
764.0	10318.0
765.0	9577.0
766.0	9735.0
767.0	9941.0
768.0	9986.0
769.0	10166.0
770.0	10233.0
771.0	10414.0
772.0	9947.0
773.0	10345.0
774.0	9948.0
775.0	10141.0
776.0	9622.0
777.0	9867.0
778.0	10265.0
779.0	10045.0
780.0	10047.0
781.0	9886.0
782.0	10144.0
783.0	10105.0
784.0	10024.0
785.0	9939.0
786.0	9565.0
787.0	9466.0
788.0	9654.0
789.0	9874.0
790.0	10205.0
791.0	9482.0
792.0	9937.0
793.0	9563.0
794.0	9936.0
795.0	9969.0
796.0	10110.0
797.0	9960.0
798.0	9835.0
799.0	9595.0
800.0	10146.0
