$itime = 500
$wv_start = 190.0
$hv = 1000
$grating = 2 1200 g/mm BLZ= 500  nm
$x_amps = 10
$x_volts = 45
$sample = DB2331
$date = 2023-06-07
$temp = 42.0
$wv_stop = 800.0
$time = 09:33:34.598000
$wv_step = 1.0
190.0	10606.0
191.0	11194.0
192.0	10450.0
193.0	10345.0
194.0	10800.0
195.0	10305.0
196.0	10591.0
197.0	10144.0
198.0	10441.0
199.0	10204.0
200.0	10459.0
201.0	10406.0
202.0	10628.0
203.0	10395.0
204.0	10173.0
205.0	10507.0
206.0	11214.0
207.0	10581.0
208.0	10497.0
209.0	10277.0
210.0	10630.0
211.0	10284.0
212.0	10832.0
213.0	10864.0
214.0	10855.0
215.0	10896.0
216.0	10350.0
217.0	10586.0
218.0	10256.0
219.0	10943.0
220.0	10310.0
221.0	10709.0
222.0	10788.0
223.0	11028.0
224.0	10622.0
225.0	10381.0
226.0	10404.0
227.0	10888.0
228.0	10621.0
229.0	10446.0
230.0	11065.0
231.0	10257.0
232.0	10849.0
233.0	10701.0
234.0	10820.0
235.0	10656.0
236.0	10349.0
237.0	10605.0
238.0	10456.0
239.0	11074.0
240.0	10338.0
241.0	10440.0
242.0	10718.0
243.0	10533.0
244.0	10722.0
245.0	10517.0
246.0	10519.0
247.0	10074.0
248.0	10731.0
249.0	10695.0
250.0	11111.0
251.0	10718.0
252.0	10282.0
253.0	10570.0
254.0	10819.0
255.0	10398.0
256.0	10979.0
257.0	11126.0
258.0	10912.0
259.0	10604.0
260.0	10590.0
261.0	10660.0
262.0	10820.0
263.0	10550.0
264.0	10439.0
265.0	10541.0
266.0	10796.0
267.0	10352.0
268.0	10945.0
269.0	10549.0
270.0	10589.0
271.0	10746.0
272.0	10689.0
273.0	10567.0
274.0	10867.0
275.0	11198.0
276.0	11007.0
277.0	10613.0
278.0	10962.0
279.0	10677.0
280.0	10996.0
281.0	10987.0
282.0	10893.0
283.0	11084.0
284.0	11030.0
285.0	10578.0
286.0	11135.0
287.0	10637.0
288.0	10418.0
289.0	10717.0
290.0	10639.0
291.0	10839.0
292.0	10655.0
293.0	11272.0
294.0	10622.0
295.0	10569.0
296.0	11208.0
297.0	11036.0
298.0	11225.0
299.0	10775.0
300.0	10955.0
301.0	10699.0
302.0	10625.0
303.0	10778.0
304.0	10697.0
305.0	11207.0
306.0	11090.0
307.0	10870.0
308.0	10850.0
309.0	10854.0
310.0	10985.0
311.0	10966.0
312.0	11213.0
313.0	10631.0
314.0	11119.0
315.0	10893.0
316.0	11129.0
317.0	10897.0
318.0	10944.0
319.0	11510.0
320.0	10978.0
321.0	11254.0
322.0	10626.0
323.0	10586.0
324.0	10926.0
325.0	10382.0
326.0	10451.0
327.0	11076.0
328.0	10545.0
329.0	10598.0
330.0	10992.0
331.0	11302.0
332.0	10895.0
333.0	10621.0
334.0	10607.0
335.0	10851.0
336.0	10902.0
337.0	10908.0
338.0	10923.0
339.0	10357.0
340.0	10958.0
341.0	10645.0
342.0	10907.0
343.0	10739.0
344.0	10864.0
345.0	10743.0
346.0	11216.0
347.0	10947.0
348.0	10621.0
349.0	10887.0
350.0	10790.0
351.0	10438.0
352.0	10638.0
353.0	10855.0
354.0	10866.0
355.0	10271.0
356.0	10551.0
357.0	11041.0
358.0	10576.0
359.0	11051.0
360.0	10681.0
361.0	10587.0
362.0	10492.0
363.0	10829.0
364.0	10838.0
365.0	11089.0
366.0	10867.0
367.0	10546.0
368.0	11206.0
369.0	10902.0
370.0	10547.0
371.0	11017.0
372.0	10594.0
373.0	10528.0
374.0	10854.0
375.0	10644.0
376.0	10088.0
377.0	10753.0
378.0	10713.0
379.0	10852.0
380.0	11079.0
381.0	11297.0
382.0	10679.0
383.0	10834.0
384.0	11059.0
385.0	10453.0
386.0	10455.0
387.0	10507.0
388.0	10572.0
389.0	10691.0
390.0	11081.0
391.0	10534.0
392.0	10464.0
393.0	10522.0
394.0	10691.0
395.0	10758.0
396.0	10321.0
397.0	10851.0
398.0	10541.0
399.0	10553.0
400.0	10764.0
401.0	10826.0
402.0	10547.0
403.0	10768.0
404.0	10696.0
405.0	10869.0
406.0	10687.0
407.0	10532.0
408.0	10119.0
409.0	10712.0
410.0	10720.0
411.0	10590.0
412.0	11415.0
413.0	10773.0
414.0	10378.0
415.0	10700.0
416.0	10917.0
417.0	10464.0
418.0	10899.0
419.0	10801.0
420.0	10291.0
421.0	11059.0
422.0	10706.0
423.0	10873.0
424.0	10796.0
425.0	10962.0
426.0	10778.0
427.0	10660.0
428.0	10520.0
429.0	11015.0
430.0	10988.0
431.0	10700.0
432.0	10758.0
433.0	10636.0
434.0	10700.0
435.0	10492.0
436.0	10797.0
437.0	10479.0
438.0	10985.0
439.0	11293.0
440.0	10469.0
441.0	10834.0
442.0	10550.0
443.0	10936.0
444.0	10332.0
445.0	10925.0
446.0	10527.0
447.0	10702.0
448.0	10580.0
449.0	10738.0
450.0	10324.0
451.0	11321.0
452.0	10651.0
453.0	10856.0
454.0	10869.0
455.0	10458.0
456.0	10421.0
457.0	11110.0
458.0	10234.0
459.0	10332.0
460.0	10687.0
461.0	10239.0
462.0	10537.0
463.0	10946.0
464.0	10755.0
465.0	10817.0
466.0	11249.0
467.0	10826.0
468.0	11378.0
469.0	11436.0
470.0	11760.0
471.0	12164.0
472.0	11935.0
473.0	11516.0
474.0	11813.0
475.0	11361.0
476.0	11589.0
477.0	11811.0
478.0	11930.0
479.0	12415.0
480.0	12534.0
481.0	12874.0
482.0	12538.0
483.0	13106.0
484.0	12470.0
485.0	12432.0
486.0	12684.0
487.0	12479.0
488.0	12235.0
489.0	12233.0
490.0	11727.0
491.0	12403.0
492.0	12215.0
493.0	12193.0
494.0	11979.0
495.0	12217.0
496.0	12047.0
497.0	11872.0
498.0	12067.0
499.0	11834.0
500.0	12188.0
501.0	11765.0
502.0	12019.0
503.0	11975.0
504.0	12765.0
505.0	12840.0
506.0	13264.0
507.0	12826.0
508.0	12242.0
509.0	12440.0
510.0	12400.0
511.0	12511.0
512.0	11766.0
513.0	11868.0
514.0	12246.0
515.0	11751.0
516.0	11930.0
517.0	12021.0
518.0	11627.0
519.0	11902.0
520.0	12062.0
521.0	11200.0
522.0	11611.0
523.0	12061.0
524.0	11738.0
525.0	12390.0
526.0	11500.0
527.0	11752.0
528.0	11775.0
529.0	11840.0
530.0	11976.0
531.0	12343.0
532.0	11600.0
533.0	11749.0
534.0	11646.0
535.0	12000.0
536.0	11391.0
537.0	11797.0
538.0	11681.0
539.0	11547.0
540.0	11245.0
541.0	11820.0
542.0	11917.0
543.0	11725.0
544.0	11952.0
545.0	11380.0
546.0	11492.0
547.0	11916.0
548.0	11494.0
549.0	11231.0
550.0	11532.0
551.0	11787.0
552.0	11305.0
553.0	11819.0
554.0	11796.0
555.0	11658.0
556.0	11541.0
557.0	11393.0
558.0	11525.0
559.0	11647.0
560.0	11527.0
561.0	11605.0
562.0	11529.0
563.0	11388.0
564.0	11374.0
565.0	11500.0
566.0	11257.0
567.0	11545.0
568.0	11208.0
569.0	11380.0
570.0	10942.0
571.0	11753.0
572.0	11444.0
573.0	11059.0
574.0	11560.0
575.0	11031.0
576.0	11353.0
577.0	10760.0
578.0	11495.0
579.0	11605.0
580.0	11092.0
581.0	10962.0
582.0	10966.0
583.0	10980.0
584.0	11177.0
585.0	11214.0
586.0	11027.0
587.0	11183.0
588.0	10802.0
589.0	11314.0
590.0	11400.0
591.0	11419.0
592.0	10993.0
593.0	11490.0
594.0	10838.0
595.0	11441.0
596.0	11124.0
597.0	10879.0
598.0	10782.0
599.0	10556.0
600.0	11341.0
601.0	10991.0
602.0	10572.0
603.0	10844.0
604.0	11363.0
605.0	10884.0
606.0	10440.0
607.0	11127.0
608.0	10809.0
609.0	10841.0
610.0	11086.0
611.0	10766.0
612.0	10722.0
613.0	11059.0
614.0	10774.0
615.0	11079.0
616.0	10370.0
617.0	11220.0
618.0	10972.0
619.0	10947.0
620.0	10670.0
621.0	10978.0
622.0	10775.0
623.0	10920.0
624.0	10975.0
625.0	10996.0
626.0	10627.0
627.0	10907.0
628.0	10976.0
629.0	11074.0
630.0	10928.0
631.0	11491.0
632.0	10898.0
633.0	11202.0
634.0	10983.0
635.0	10663.0
636.0	11156.0
637.0	10783.0
638.0	10883.0
639.0	10550.0
640.0	11456.0
641.0	10850.0
642.0	10538.0
643.0	11206.0
644.0	10858.0
645.0	11097.0
646.0	10877.0
647.0	10655.0
648.0	10853.0
649.0	10605.0
650.0	11141.0
651.0	10923.0
652.0	10851.0
653.0	10554.0
654.0	10322.0
655.0	10735.0
656.0	10793.0
657.0	10587.0
658.0	10894.0
659.0	10968.0
660.0	10635.0
661.0	10807.0
662.0	10586.0
663.0	10436.0
664.0	10735.0
665.0	11122.0
666.0	10433.0
667.0	10942.0
668.0	10531.0
669.0	10959.0
670.0	10875.0
671.0	10719.0
672.0	10758.0
673.0	10244.0
674.0	10396.0
675.0	10779.0
676.0	11004.0
677.0	10541.0
678.0	11128.0
679.0	10636.0
680.0	10869.0
681.0	11036.0
682.0	10893.0
683.0	10651.0
684.0	10913.0
685.0	10849.0
686.0	11368.0
687.0	10651.0
688.0	10645.0
689.0	10464.0
690.0	10866.0
691.0	10702.0
692.0	10289.0
693.0	10447.0
694.0	10613.0
695.0	10472.0
696.0	10372.0
697.0	10538.0
698.0	10641.0
699.0	11077.0
700.0	10950.0
701.0	10037.0
702.0	10966.0
703.0	10415.0
704.0	10744.0
705.0	10509.0
706.0	10455.0
707.0	10262.0
708.0	10562.0
709.0	10963.0
710.0	10648.0
711.0	10389.0
712.0	10527.0
713.0	10711.0
714.0	10351.0
715.0	10514.0
716.0	11023.0
717.0	10768.0
718.0	10719.0
719.0	10684.0
720.0	10635.0
721.0	10805.0
722.0	10728.0
723.0	10765.0
724.0	10993.0
725.0	10267.0
726.0	10275.0
727.0	10691.0
728.0	10652.0
729.0	11083.0
730.0	10920.0
731.0	11065.0
732.0	10785.0
733.0	10987.0
734.0	10309.0
735.0	10862.0
736.0	10707.0
737.0	10854.0
738.0	10756.0
739.0	10363.0
740.0	10481.0
741.0	10549.0
742.0	10602.0
743.0	10436.0
744.0	11282.0
745.0	10763.0
746.0	10680.0
747.0	10691.0
748.0	10622.0
749.0	10745.0
750.0	10728.0
751.0	10775.0
752.0	10520.0
753.0	10500.0
754.0	10890.0
755.0	10371.0
756.0	10773.0
757.0	11075.0
758.0	10618.0
759.0	10517.0
760.0	10688.0
761.0	10510.0
762.0	11017.0
763.0	10889.0
764.0	10710.0
765.0	10576.0
766.0	11117.0
767.0	10579.0
768.0	10882.0
769.0	10747.0
770.0	9892.0
771.0	10632.0
772.0	11186.0
773.0	10552.0
774.0	10732.0
775.0	10233.0
776.0	11236.0
777.0	10877.0
778.0	10485.0
779.0	10902.0
780.0	10564.0
781.0	10970.0
782.0	10598.0
783.0	10712.0
784.0	10850.0
785.0	10746.0
786.0	10393.0
787.0	10834.0
788.0	10416.0
789.0	10364.0
790.0	11221.0
791.0	10880.0
792.0	10766.0
793.0	10513.0
794.0	10300.0
795.0	10942.0
796.0	10576.0
797.0	11104.0
798.0	10684.0
799.0	10826.0
800.0	10521.0
