$itime = 510
$wv_start = 190.0
$hv = 1000
$grating = 2 1200 g/mm BLZ= 500  nm
$x_amps = 10
$x_volts = 45
$sample = DB2331_022
$date = 2023-06-07
$temp = 29.36
$wv_stop = 800.0
$time = 13:04:05.541000
$wv_step = 1.0
190.0	10707.0
191.0	11391.0
192.0	11631.0
193.0	10728.0
194.0	10740.0
195.0	10880.0
196.0	11049.0
197.0	10787.0
198.0	10381.0
199.0	11251.0
200.0	10696.0
201.0	11009.0
202.0	10701.0
203.0	11319.0
204.0	10812.0
205.0	11004.0
206.0	11368.0
207.0	10468.0
208.0	10387.0
209.0	10907.0
210.0	10675.0
211.0	10669.0
212.0	11261.0
213.0	10977.0
214.0	10659.0
215.0	10795.0
216.0	11075.0
217.0	10878.0
218.0	9975.0
219.0	11002.0
220.0	11291.0
221.0	10293.0
222.0	11499.0
223.0	10479.0
224.0	11240.0
225.0	10980.0
226.0	11015.0
227.0	11225.0
228.0	11102.0
229.0	11009.0
230.0	11129.0
231.0	10355.0
232.0	11693.0
233.0	11152.0
234.0	10618.0
235.0	10985.0
236.0	10929.0
237.0	10806.0
238.0	11177.0
239.0	11382.0
240.0	10706.0
241.0	10740.0
242.0	11045.0
243.0	11053.0
244.0	10794.0
245.0	10526.0
246.0	10984.0
247.0	11031.0
248.0	11378.0
249.0	10674.0
250.0	10963.0
251.0	11130.0
252.0	10568.0
253.0	10964.0
254.0	10490.0
255.0	10884.0
256.0	10605.0
257.0	11165.0
258.0	11126.0
259.0	11344.0
260.0	10640.0
261.0	10553.0
262.0	11274.0
263.0	10886.0
264.0	11254.0
265.0	10985.0
266.0	10733.0
267.0	10649.0
268.0	10947.0
269.0	11198.0
270.0	11076.0
271.0	11110.0
272.0	10845.0
273.0	11517.0
274.0	11381.0
275.0	11299.0
276.0	11202.0
277.0	10930.0
278.0	11632.0
279.0	10935.0
280.0	10817.0
281.0	11254.0
282.0	11109.0
283.0	11357.0
284.0	11190.0
285.0	11235.0
286.0	10923.0
287.0	10724.0
288.0	11096.0
289.0	11273.0
290.0	11125.0
291.0	11221.0
292.0	10929.0
293.0	11274.0
294.0	11002.0
295.0	11117.0
296.0	11234.0
297.0	11246.0
298.0	11036.0
299.0	10893.0
300.0	10939.0
301.0	11153.0
302.0	11361.0
303.0	11430.0
304.0	10976.0
305.0	11184.0
306.0	11265.0
307.0	11228.0
308.0	11071.0
309.0	11367.0
310.0	10877.0
311.0	11001.0
312.0	11413.0
313.0	11334.0
314.0	11106.0
315.0	11846.0
316.0	11885.0
317.0	11378.0
318.0	11228.0
319.0	10881.0
320.0	11535.0
321.0	11604.0
322.0	10519.0
323.0	11371.0
324.0	11129.0
325.0	11689.0
326.0	11381.0
327.0	11191.0
328.0	10733.0
329.0	10412.0
330.0	11069.0
331.0	10971.0
332.0	10852.0
333.0	11296.0
334.0	10869.0
335.0	11391.0
336.0	11132.0
337.0	11129.0
338.0	11656.0
339.0	10908.0
340.0	10531.0
341.0	11412.0
342.0	10801.0
343.0	11546.0
344.0	10951.0
345.0	11042.0
346.0	11064.0
347.0	10936.0
348.0	10735.0
349.0	11128.0
350.0	10925.0
351.0	10736.0
352.0	11381.0
353.0	10779.0
354.0	10851.0
355.0	11195.0
356.0	10933.0
357.0	11304.0
358.0	10905.0
359.0	10691.0
360.0	10764.0
361.0	10464.0
362.0	11272.0
363.0	10704.0
364.0	11227.0
365.0	11026.0
366.0	11641.0
367.0	11517.0
368.0	10765.0
369.0	10827.0
370.0	10969.0
371.0	10675.0
372.0	10901.0
373.0	11066.0
374.0	10279.0
375.0	11403.0
376.0	11050.0
377.0	11059.0
378.0	11151.0
379.0	10942.0
380.0	11183.0
381.0	11342.0
382.0	11017.0
383.0	10823.0
384.0	10892.0
385.0	10969.0
386.0	10969.0
387.0	11005.0
388.0	10842.0
389.0	10680.0
390.0	10836.0
391.0	11696.0
392.0	10593.0
393.0	10962.0
394.0	10923.0
395.0	11202.0
396.0	10876.0
397.0	11198.0
398.0	11036.0
399.0	10854.0
400.0	11135.0
401.0	11009.0
402.0	10841.0
403.0	11095.0
404.0	11668.0
405.0	11114.0
406.0	11039.0
407.0	10939.0
408.0	11075.0
409.0	10812.0
410.0	11252.0
411.0	10884.0
412.0	10624.0
413.0	11069.0
414.0	11333.0
415.0	10646.0
416.0	11396.0
417.0	10997.0
418.0	10676.0
419.0	11135.0
420.0	10647.0
421.0	11223.0
422.0	10845.0
423.0	10682.0
424.0	11319.0
425.0	11386.0
426.0	11194.0
427.0	11432.0
428.0	11624.0
429.0	11250.0
430.0	11087.0
431.0	11459.0
432.0	11752.0
433.0	11439.0
434.0	10871.0
435.0	11207.0
436.0	10711.0
437.0	11337.0
438.0	10659.0
439.0	11015.0
440.0	11120.0
441.0	10892.0
442.0	11098.0
443.0	10888.0
444.0	10837.0
445.0	11406.0
446.0	11458.0
447.0	11135.0
448.0	11331.0
449.0	11323.0
450.0	11375.0
451.0	11269.0
452.0	11156.0
453.0	10828.0
454.0	11426.0
455.0	11270.0
456.0	10462.0
457.0	11150.0
458.0	10898.0
459.0	11189.0
460.0	11650.0
461.0	10964.0
462.0	11091.0
463.0	11399.0
464.0	10984.0
465.0	11346.0
466.0	11391.0
467.0	11785.0
468.0	11930.0
469.0	12063.0
470.0	12502.0
471.0	12295.0
472.0	12396.0
473.0	12174.0
474.0	12123.0
475.0	12047.0
476.0	12300.0
477.0	11610.0
478.0	12084.0
479.0	12701.0
480.0	13477.0
481.0	13541.0
482.0	13540.0
483.0	13458.0
484.0	13559.0
485.0	13555.0
486.0	12365.0
487.0	13047.0
488.0	12111.0
489.0	12290.0
490.0	12469.0
491.0	12535.0
492.0	12556.0
493.0	12164.0
494.0	12195.0
495.0	12508.0
496.0	12103.0
497.0	12587.0
498.0	12722.0
499.0	12432.0
500.0	12249.0
501.0	12657.0
502.0	13154.0
503.0	13105.0
504.0	13111.0
505.0	13208.0
506.0	12953.0
507.0	12937.0
508.0	12723.0
509.0	12304.0
510.0	12360.0
511.0	12577.0
512.0	12908.0
513.0	12478.0
514.0	12668.0
515.0	12556.0
516.0	12542.0
517.0	12951.0
518.0	12271.0
519.0	12913.0
520.0	12706.0
521.0	12170.0
522.0	12427.0
523.0	12346.0
524.0	12091.0
525.0	12045.0
526.0	12315.0
527.0	12353.0
528.0	12323.0
529.0	12441.0
530.0	12097.0
531.0	12065.0
532.0	12768.0
533.0	12159.0
534.0	12233.0
535.0	11477.0
536.0	11685.0
537.0	11538.0
538.0	12205.0
539.0	12606.0
540.0	11692.0
541.0	11982.0
542.0	11537.0
543.0	11974.0
544.0	11868.0
545.0	11750.0
546.0	12527.0
547.0	11943.0
548.0	12428.0
549.0	12123.0
550.0	12208.0
551.0	11828.0
552.0	12257.0
553.0	12161.0
554.0	11929.0
555.0	11245.0
556.0	11950.0
557.0	11419.0
558.0	12185.0
559.0	11806.0
560.0	11437.0
561.0	11813.0
562.0	12123.0
563.0	11599.0
564.0	11615.0
565.0	11423.0
566.0	11673.0
567.0	11138.0
568.0	11302.0
569.0	11220.0
570.0	11906.0
571.0	11228.0
572.0	11915.0
573.0	11277.0
574.0	11297.0
575.0	11385.0
576.0	11419.0
577.0	11634.0
578.0	11833.0
579.0	11413.0
580.0	11334.0
581.0	11405.0
582.0	11427.0
583.0	11341.0
584.0	11101.0
585.0	11466.0
586.0	11037.0
587.0	11817.0
588.0	11441.0
589.0	11786.0
590.0	11689.0
591.0	11266.0
592.0	11601.0
593.0	11485.0
594.0	11323.0
595.0	11833.0
596.0	11569.0
597.0	11148.0
598.0	11060.0
599.0	10953.0
600.0	11152.0
601.0	11599.0
602.0	11242.0
603.0	11386.0
604.0	11393.0
605.0	10963.0
606.0	11228.0
607.0	11410.0
608.0	11351.0
609.0	10809.0
610.0	10958.0
611.0	11179.0
612.0	11067.0
613.0	10513.0
614.0	11711.0
615.0	11318.0
616.0	11068.0
617.0	11145.0
618.0	11341.0
619.0	10939.0
620.0	10903.0
621.0	11562.0
622.0	11112.0
623.0	11224.0
624.0	10315.0
625.0	11178.0
626.0	10977.0
627.0	11062.0
628.0	10607.0
629.0	10865.0
630.0	11579.0
631.0	10877.0
632.0	11254.0
633.0	11481.0
634.0	11254.0
635.0	10884.0
636.0	11422.0
637.0	11753.0
638.0	11197.0
639.0	11279.0
640.0	11256.0
641.0	10594.0
642.0	11469.0
643.0	11672.0
644.0	11690.0
645.0	10513.0
646.0	10961.0
647.0	11119.0
648.0	10887.0
649.0	10984.0
650.0	11004.0
651.0	11254.0
652.0	11422.0
653.0	11367.0
654.0	11228.0
655.0	11212.0
656.0	10654.0
657.0	11076.0
658.0	11611.0
659.0	11179.0
660.0	11106.0
661.0	10630.0
662.0	11569.0
663.0	11246.0
664.0	10973.0
665.0	10871.0
666.0	11234.0
667.0	10792.0
668.0	10764.0
669.0	11205.0
670.0	11006.0
671.0	10967.0
672.0	10982.0
673.0	11010.0
674.0	11590.0
675.0	11319.0
676.0	11125.0
677.0	11430.0
678.0	10818.0
679.0	10892.0
680.0	11019.0
681.0	10945.0
682.0	10896.0
683.0	10815.0
684.0	11432.0
685.0	11278.0
686.0	10629.0
687.0	10924.0
688.0	10833.0
689.0	10852.0
690.0	11047.0
691.0	11200.0
692.0	10930.0
693.0	11413.0
694.0	11193.0
695.0	11242.0
696.0	10479.0
697.0	11236.0
698.0	11267.0
699.0	10579.0
700.0	10950.0
701.0	11426.0
702.0	11410.0
703.0	10486.0
704.0	10662.0
705.0	10874.0
706.0	11204.0
707.0	11358.0
708.0	10825.0
709.0	10840.0
710.0	11753.0
711.0	11369.0
712.0	10894.0
713.0	11526.0
714.0	11064.0
715.0	11574.0
716.0	10619.0
717.0	11238.0
718.0	11212.0
719.0	10959.0
720.0	11125.0
721.0	10873.0
722.0	10802.0
723.0	11241.0
724.0	11276.0
725.0	10856.0
726.0	10894.0
727.0	11164.0
728.0	11153.0
729.0	11182.0
730.0	10980.0
731.0	11136.0
732.0	10929.0
733.0	11384.0
734.0	11026.0
735.0	10624.0
736.0	11074.0
737.0	10844.0
738.0	11640.0
739.0	10873.0
740.0	11195.0
741.0	10919.0
742.0	10969.0
743.0	10780.0
744.0	10616.0
745.0	11015.0
746.0	10956.0
747.0	10387.0
748.0	11165.0
749.0	10853.0
750.0	10341.0
751.0	11032.0
752.0	11265.0
753.0	10655.0
754.0	11182.0
755.0	10634.0
756.0	11058.0
757.0	10969.0
758.0	11318.0
759.0	10726.0
760.0	10904.0
761.0	10746.0
762.0	11550.0
763.0	10883.0
764.0	11722.0
765.0	10964.0
766.0	10477.0
767.0	11376.0
768.0	10638.0
769.0	11065.0
770.0	11025.0
771.0	11165.0
772.0	11104.0
773.0	10888.0
774.0	10883.0
775.0	10797.0
776.0	10945.0
777.0	10820.0
778.0	11399.0
779.0	10865.0
780.0	11197.0
781.0	11131.0
782.0	10924.0
783.0	11172.0
784.0	11142.0
785.0	10840.0
786.0	11081.0
787.0	11166.0
788.0	10089.0
789.0	10622.0
790.0	11221.0
791.0	10856.0
792.0	10921.0
793.0	11510.0
794.0	11193.0
795.0	10845.0
796.0	10994.0
797.0	11064.0
798.0	10943.0
799.0	11034.0
800.0	11058.0
