$itime = 500
$wv_start = 190.0
$hv = 1000
$grating = 2 1200 g/mm BLZ= 500  nm
$x_amps = 10
$x_volts = 45
$sample = DB2331
$date = 2023-06-07
$temp = 82.0
$wv_stop = 800.0
$time = 09:33:34.598000
$wv_step = 1.0
190.0	10576.0
191.0	10483.0
192.0	10642.0
193.0	10231.0
194.0	10241.0
195.0	10273.0
196.0	10108.0
197.0	10427.0
198.0	10150.0
199.0	10185.0
200.0	10543.0
201.0	10345.0
202.0	10461.0
203.0	10119.0
204.0	10362.0
205.0	10509.0
206.0	10726.0
207.0	10074.0
208.0	10552.0
209.0	10361.0
210.0	10512.0
211.0	10156.0
212.0	10485.0
213.0	10066.0
214.0	10631.0
215.0	10212.0
216.0	10785.0
217.0	10458.0
218.0	10008.0
219.0	9963.0
220.0	10157.0
221.0	10453.0
222.0	10016.0
223.0	10435.0
224.0	10500.0
225.0	10509.0
226.0	10587.0
227.0	10292.0
228.0	10785.0
229.0	10370.0
230.0	10576.0
231.0	10212.0
232.0	10213.0
233.0	10512.0
234.0	10495.0
235.0	10200.0
236.0	10578.0
237.0	10281.0
238.0	10677.0
239.0	10588.0
240.0	10421.0
241.0	10205.0
242.0	10462.0
243.0	10207.0
244.0	10474.0
245.0	10102.0
246.0	10275.0
247.0	10541.0
248.0	10439.0
249.0	10671.0
250.0	10317.0
251.0	10418.0
252.0	10538.0
253.0	10224.0
254.0	10159.0
255.0	10684.0
256.0	10293.0
257.0	10210.0
258.0	10374.0
259.0	10519.0
260.0	10442.0
261.0	10691.0
262.0	10351.0
263.0	10832.0
264.0	10795.0
265.0	10461.0
266.0	10369.0
267.0	10796.0
268.0	10574.0
269.0	10899.0
270.0	10397.0
271.0	10732.0
272.0	10785.0
273.0	10617.0
274.0	10704.0
275.0	10364.0
276.0	10292.0
277.0	10329.0
278.0	10339.0
279.0	10414.0
280.0	10645.0
281.0	10884.0
282.0	10266.0
283.0	11115.0
284.0	11010.0
285.0	10751.0
286.0	10516.0
287.0	10742.0
288.0	10814.0
289.0	10530.0
290.0	10330.0
291.0	10724.0
292.0	10972.0
293.0	10508.0
294.0	10772.0
295.0	10926.0
296.0	10923.0
297.0	10758.0
298.0	10950.0
299.0	10638.0
300.0	10594.0
301.0	10583.0
302.0	10614.0
303.0	10689.0
304.0	11244.0
305.0	10999.0
306.0	10495.0
307.0	10736.0
308.0	10757.0
309.0	10909.0
310.0	10392.0
311.0	10589.0
312.0	10642.0
313.0	10854.0
314.0	10797.0
315.0	10625.0
316.0	10627.0
317.0	10236.0
318.0	10928.0
319.0	11222.0
320.0	10618.0
321.0	10941.0
322.0	10763.0
323.0	11004.0
324.0	10715.0
325.0	10865.0
326.0	11065.0
327.0	10815.0
328.0	10639.0
329.0	10800.0
330.0	10902.0
331.0	10657.0
332.0	10709.0
333.0	11030.0
334.0	10381.0
335.0	10134.0
336.0	10681.0
337.0	11072.0
338.0	10976.0
339.0	10605.0
340.0	10839.0
341.0	11023.0
342.0	10964.0
343.0	10242.0
344.0	10457.0
345.0	10773.0
346.0	10634.0
347.0	10461.0
348.0	10821.0
349.0	10423.0
350.0	10271.0
351.0	10414.0
352.0	10524.0
353.0	10572.0
354.0	10535.0
355.0	10739.0
356.0	10545.0
357.0	10346.0
358.0	11009.0
359.0	10017.0
360.0	10668.0
361.0	10368.0
362.0	10319.0
363.0	10389.0
364.0	10510.0
365.0	10803.0
366.0	10910.0
367.0	10471.0
368.0	10837.0
369.0	10556.0
370.0	10599.0
371.0	10758.0
372.0	10978.0
373.0	10455.0
374.0	11099.0
375.0	10187.0
376.0	10671.0
377.0	10834.0
378.0	11127.0
379.0	10354.0
380.0	10455.0
381.0	10799.0
382.0	9730.0
383.0	10239.0
384.0	10032.0
385.0	10746.0
386.0	9965.0
387.0	10363.0
388.0	10292.0
389.0	10755.0
390.0	10434.0
391.0	10725.0
392.0	10189.0
393.0	10487.0
394.0	10573.0
395.0	10780.0
396.0	10558.0
397.0	10385.0
398.0	10236.0
399.0	10616.0
400.0	10310.0
401.0	10664.0
402.0	10947.0
403.0	11107.0
404.0	10555.0
405.0	10823.0
406.0	10679.0
407.0	10212.0
408.0	10553.0
409.0	10509.0
410.0	10517.0
411.0	10173.0
412.0	10386.0
413.0	10556.0
414.0	10591.0
415.0	10095.0
416.0	10123.0
417.0	10509.0
418.0	10475.0
419.0	10545.0
420.0	10109.0
421.0	10443.0
422.0	10582.0
423.0	10411.0
424.0	10440.0
425.0	10899.0
426.0	10618.0
427.0	10533.0
428.0	10268.0
429.0	9971.0
430.0	10566.0
431.0	10452.0
432.0	10761.0
433.0	10652.0
434.0	10442.0
435.0	10717.0
436.0	10188.0
437.0	9903.0
438.0	10520.0
439.0	10086.0
440.0	9987.0
441.0	10711.0
442.0	10722.0
443.0	10446.0
444.0	10356.0
445.0	10444.0
446.0	10548.0
447.0	10450.0
448.0	10582.0
449.0	10569.0
450.0	10636.0
451.0	10373.0
452.0	10345.0
453.0	10354.0
454.0	10874.0
455.0	10726.0
456.0	10276.0
457.0	10801.0
458.0	10523.0
459.0	10092.0
460.0	10189.0
461.0	10227.0
462.0	10320.0
463.0	10314.0
464.0	10842.0
465.0	10539.0
466.0	10615.0
467.0	10526.0
468.0	11285.0
469.0	10941.0
470.0	11540.0
471.0	10990.0
472.0	11109.0
473.0	10989.0
474.0	11027.0
475.0	11212.0
476.0	11091.0
477.0	10856.0
478.0	11465.0
479.0	11324.0
480.0	11549.0
481.0	11700.0
482.0	11586.0
483.0	12014.0
484.0	11921.0
485.0	11785.0
486.0	11672.0
487.0	11912.0
488.0	11166.0
489.0	11399.0
490.0	11769.0
491.0	11522.0
492.0	11603.0
493.0	11531.0
494.0	11256.0
495.0	11526.0
496.0	11190.0
497.0	11382.0
498.0	11519.0
499.0	11742.0
500.0	11350.0
501.0	11944.0
502.0	12273.0
503.0	11800.0
504.0	12031.0
505.0	12168.0
506.0	11609.0
507.0	11731.0
508.0	11234.0
509.0	11902.0
510.0	11549.0
511.0	12086.0
512.0	11337.0
513.0	11222.0
514.0	11699.0
515.0	12036.0
516.0	11354.0
517.0	11837.0
518.0	11358.0
519.0	11435.0
520.0	11977.0
521.0	11346.0
522.0	11437.0
523.0	11554.0
524.0	11271.0
525.0	11329.0
526.0	11030.0
527.0	11559.0
528.0	11230.0
529.0	10972.0
530.0	11673.0
531.0	11052.0
532.0	11414.0
533.0	11231.0
534.0	11306.0
535.0	11841.0
536.0	11275.0
537.0	11610.0
538.0	10750.0
539.0	10898.0
540.0	11107.0
541.0	11337.0
542.0	10990.0
543.0	11480.0
544.0	10747.0
545.0	11317.0
546.0	11359.0
547.0	11511.0
548.0	11157.0
549.0	10875.0
550.0	10857.0
551.0	10820.0
552.0	10665.0
553.0	10661.0
554.0	11032.0
555.0	11133.0
556.0	10825.0
557.0	10879.0
558.0	10554.0
559.0	11379.0
560.0	11088.0
561.0	10925.0
562.0	11336.0
563.0	10904.0
564.0	11141.0
565.0	11007.0
566.0	10604.0
567.0	10880.0
568.0	10829.0
569.0	10470.0
570.0	10681.0
571.0	10356.0
572.0	10838.0
573.0	11121.0
574.0	11133.0
575.0	10561.0
576.0	10903.0
577.0	10947.0
578.0	11027.0
579.0	11078.0
580.0	10704.0
581.0	10871.0
582.0	10365.0
583.0	10562.0
584.0	11024.0
585.0	10687.0
586.0	11290.0
587.0	10972.0
588.0	10487.0
589.0	11057.0
590.0	10849.0
591.0	10532.0
592.0	10611.0
593.0	10488.0
594.0	10830.0
595.0	10297.0
596.0	10913.0
597.0	11032.0
598.0	11082.0
599.0	11180.0
600.0	10867.0
601.0	10644.0
602.0	10654.0
603.0	10599.0
604.0	11053.0
605.0	10617.0
606.0	10829.0
607.0	10716.0
608.0	10611.0
609.0	10553.0
610.0	10714.0
611.0	10875.0
612.0	10385.0
613.0	10319.0
614.0	10677.0
615.0	10617.0
616.0	10870.0
617.0	9960.0
618.0	10635.0
619.0	10618.0
620.0	10959.0
621.0	10423.0
622.0	10732.0
623.0	10926.0
624.0	10524.0
625.0	11183.0
626.0	10597.0
627.0	10280.0
628.0	11122.0
629.0	10762.0
630.0	10066.0
631.0	10549.0
632.0	10728.0
633.0	10520.0
634.0	10899.0
635.0	10730.0
636.0	10143.0
637.0	10388.0
638.0	10627.0
639.0	10275.0
640.0	10311.0
641.0	10773.0
642.0	10430.0
643.0	10620.0
644.0	10713.0
645.0	10655.0
646.0	10748.0
647.0	10560.0
648.0	10654.0
649.0	10633.0
650.0	10305.0
651.0	10467.0
652.0	10453.0
653.0	10780.0
654.0	10699.0
655.0	10583.0
656.0	10586.0
657.0	10556.0
658.0	10762.0
659.0	10637.0
660.0	10136.0
661.0	10522.0
662.0	10569.0
663.0	10049.0
664.0	10629.0
665.0	10861.0
666.0	10671.0
667.0	10515.0
668.0	10642.0
669.0	10812.0
670.0	10244.0
671.0	10632.0
672.0	10130.0
673.0	10404.0
674.0	10766.0
675.0	10363.0
676.0	10783.0
677.0	10477.0
678.0	10430.0
679.0	10429.0
680.0	10497.0
681.0	10460.0
682.0	10731.0
683.0	9984.0
684.0	10381.0
685.0	10277.0
686.0	10838.0
687.0	10509.0
688.0	10218.0
689.0	10536.0
690.0	10045.0
691.0	10064.0
692.0	10704.0
693.0	10367.0
694.0	10758.0
695.0	10321.0
696.0	10222.0
697.0	10849.0
698.0	10389.0
699.0	10399.0
700.0	10734.0
701.0	10402.0
702.0	10287.0
703.0	10613.0
704.0	10452.0
705.0	10318.0
706.0	10309.0
707.0	10310.0
708.0	10473.0
709.0	10647.0
710.0	10290.0
711.0	10371.0
712.0	10782.0
713.0	10582.0
714.0	10955.0
715.0	10747.0
716.0	10359.0
717.0	10655.0
718.0	10432.0
719.0	10028.0
720.0	10778.0
721.0	10509.0
722.0	10685.0
723.0	10287.0
724.0	10427.0
725.0	10610.0
726.0	10257.0
727.0	10332.0
728.0	10084.0
729.0	10883.0
730.0	10667.0
731.0	10637.0
732.0	10623.0
733.0	10367.0
734.0	10627.0
735.0	10358.0
736.0	10663.0
737.0	10700.0
738.0	10395.0
739.0	10566.0
740.0	10622.0
741.0	10068.0
742.0	10558.0
743.0	9955.0
744.0	10981.0
745.0	10330.0
746.0	10390.0
747.0	10431.0
748.0	10563.0
749.0	10405.0
750.0	10390.0
751.0	10493.0
752.0	10406.0
753.0	10689.0
754.0	10364.0
755.0	10634.0
756.0	10281.0
757.0	10565.0
758.0	10879.0
759.0	10531.0
760.0	10818.0
761.0	9944.0
762.0	10558.0
763.0	10374.0
764.0	10773.0
765.0	10641.0
766.0	10893.0
767.0	10292.0
768.0	10547.0
769.0	10582.0
770.0	10384.0
771.0	10818.0
772.0	10696.0
773.0	10624.0
774.0	10459.0
775.0	10766.0
776.0	10436.0
777.0	10446.0
778.0	10547.0
779.0	10293.0
780.0	10627.0
781.0	10161.0
782.0	10439.0
783.0	10507.0
784.0	10436.0
785.0	10516.0
786.0	10208.0
787.0	10612.0
788.0	10364.0
789.0	10748.0
790.0	10238.0
791.0	10546.0
792.0	10417.0
793.0	10175.0
794.0	10679.0
795.0	11038.0
796.0	10599.0
797.0	10408.0
798.0	10834.0
799.0	10281.0
800.0	10418.0
