$itime = 500
$wv_start = 190.0
$hv = 1000
$grating = 2 1200 g/mm BLZ= 500  nm
$x_amps = 10
$x_volts = 45
$sample = DB2331
$date = 2023-06-07
$temp = 262.0
$wv_stop = 800.0
$time = 07:43:19.820000
$wv_step = 1.0
190.0	8966.0
191.0	9014.0
192.0	9107.0
193.0	8953.0
194.0	9340.0
195.0	9446.0
196.0	9284.0
197.0	9160.0
198.0	9388.0
199.0	9613.0
200.0	9278.0
201.0	8983.0
202.0	9503.0
203.0	9312.0
204.0	8926.0
205.0	8956.0
206.0	9429.0
207.0	9069.0
208.0	9086.0
209.0	9002.0
210.0	9225.0
211.0	9395.0
212.0	9054.0
213.0	9820.0
214.0	9463.0
215.0	9060.0
216.0	9395.0
217.0	9631.0
218.0	9221.0
219.0	9349.0
220.0	9486.0
221.0	9378.0
222.0	9471.0
223.0	9005.0
224.0	9468.0
225.0	8924.0
226.0	9054.0
227.0	9100.0
228.0	9436.0
229.0	9061.0
230.0	9484.0
231.0	9312.0
232.0	9561.0
233.0	8864.0
234.0	9271.0
235.0	9226.0
236.0	9074.0
237.0	9485.0
238.0	9483.0
239.0	9045.0
240.0	9469.0
241.0	9307.0
242.0	9504.0
243.0	9219.0
244.0	8991.0
245.0	9586.0
246.0	9011.0
247.0	9493.0
248.0	9372.0
249.0	9096.0
250.0	9288.0
251.0	9354.0
252.0	9389.0
253.0	9252.0
254.0	9403.0
255.0	9047.0
256.0	9241.0
257.0	9405.0
258.0	9466.0
259.0	8925.0
260.0	9079.0
261.0	9278.0
262.0	9729.0
263.0	9446.0
264.0	9304.0
265.0	9830.0
266.0	9725.0
267.0	9590.0
268.0	9074.0
269.0	9200.0
270.0	9422.0
271.0	9564.0
272.0	9148.0
273.0	9483.0
274.0	9371.0
275.0	9729.0
276.0	9790.0
277.0	9664.0
278.0	9215.0
279.0	9347.0
280.0	9410.0
281.0	8985.0
282.0	9458.0
283.0	9670.0
284.0	9299.0
285.0	9729.0
286.0	9685.0
287.0	9647.0
288.0	9599.0
289.0	9496.0
290.0	9548.0
291.0	9194.0
292.0	9567.0
293.0	9751.0
294.0	9489.0
295.0	9717.0
296.0	9264.0
297.0	9293.0
298.0	10425.0
299.0	9345.0
300.0	8940.0
301.0	9508.0
302.0	9617.0
303.0	9815.0
304.0	9488.0
305.0	9680.0
306.0	9451.0
307.0	9530.0
308.0	9125.0
309.0	9330.0
310.0	9697.0
311.0	9321.0
312.0	9401.0
313.0	9324.0
314.0	9548.0
315.0	9230.0
316.0	9129.0
317.0	9434.0
318.0	9483.0
319.0	9684.0
320.0	9648.0
321.0	9312.0
322.0	9949.0
323.0	9743.0
324.0	9301.0
325.0	9982.0
326.0	9362.0
327.0	9968.0
328.0	9540.0
329.0	9140.0
330.0	9039.0
331.0	9971.0
332.0	9790.0
333.0	9434.0
334.0	9550.0
335.0	9506.0
336.0	9339.0
337.0	9141.0
338.0	9332.0
339.0	9573.0
340.0	9428.0
341.0	9517.0
342.0	9505.0
343.0	9193.0
344.0	9545.0
345.0	9680.0
346.0	9491.0
347.0	9380.0
348.0	9392.0
349.0	9420.0
350.0	9164.0
351.0	9219.0
352.0	8946.0
353.0	9372.0
354.0	9372.0
355.0	9544.0
356.0	9239.0
357.0	9261.0
358.0	9701.0
359.0	9568.0
360.0	9799.0
361.0	9455.0
362.0	9271.0
363.0	9242.0
364.0	9231.0
365.0	9211.0
366.0	9255.0
367.0	9491.0
368.0	9548.0
369.0	9412.0
370.0	9686.0
371.0	9049.0
372.0	9253.0
373.0	9685.0
374.0	9030.0
375.0	9263.0
376.0	9017.0
377.0	9202.0
378.0	9579.0
379.0	9386.0
380.0	9068.0
381.0	8896.0
382.0	9432.0
383.0	9190.0
384.0	9015.0
385.0	8914.0
386.0	8997.0
387.0	9478.0
388.0	9602.0
389.0	9599.0
390.0	9118.0
391.0	9201.0
392.0	9422.0
393.0	9423.0
394.0	9073.0
395.0	9702.0
396.0	9163.0
397.0	9039.0
398.0	9199.0
399.0	9342.0
400.0	9241.0
401.0	9322.0
402.0	9576.0
403.0	9204.0
404.0	9311.0
405.0	9319.0
406.0	8860.0
407.0	9440.0
408.0	9226.0
409.0	8941.0
410.0	9333.0
411.0	8921.0
412.0	9439.0
413.0	9342.0
414.0	9306.0
415.0	9473.0
416.0	9319.0
417.0	9227.0
418.0	9715.0
419.0	9200.0
420.0	9422.0
421.0	8889.0
422.0	9385.0
423.0	8946.0
424.0	9451.0
425.0	8776.0
426.0	9703.0
427.0	9370.0
428.0	9430.0
429.0	9321.0
430.0	9082.0
431.0	9235.0
432.0	9680.0
433.0	9293.0
434.0	9219.0
435.0	9446.0
436.0	9433.0
437.0	9154.0
438.0	9612.0
439.0	8998.0
440.0	9431.0
441.0	9285.0
442.0	9061.0
443.0	9677.0
444.0	9085.0
445.0	9418.0
446.0	9304.0
447.0	9559.0
448.0	9468.0
449.0	9725.0
450.0	9496.0
451.0	9061.0
452.0	9523.0
453.0	8904.0
454.0	9473.0
455.0	8971.0
456.0	9164.0
457.0	9181.0
458.0	9478.0
459.0	9411.0
460.0	9507.0
461.0	9163.0
462.0	9446.0
463.0	9423.0
464.0	9287.0
465.0	9523.0
466.0	9684.0
467.0	9429.0
468.0	9510.0
469.0	9232.0
470.0	9561.0
471.0	9238.0
472.0	9432.0
473.0	9207.0
474.0	9208.0
475.0	9199.0
476.0	9233.0
477.0	9568.0
478.0	9163.0
479.0	9403.0
480.0	9477.0
481.0	8948.0
482.0	9313.0
483.0	9430.0
484.0	9140.0
485.0	9594.0
486.0	9115.0
487.0	9478.0
488.0	9583.0
489.0	9304.0
490.0	9251.0
491.0	9325.0
492.0	9285.0
493.0	9619.0
494.0	9345.0
495.0	9274.0
496.0	9752.0
497.0	9067.0
498.0	9138.0
499.0	9580.0
500.0	9374.0
501.0	9245.0
502.0	9600.0
503.0	9464.0
504.0	9254.0
505.0	9187.0
506.0	9628.0
507.0	9382.0
508.0	9636.0
509.0	9052.0
510.0	9455.0
511.0	9390.0
512.0	9534.0
513.0	9564.0
514.0	9641.0
515.0	9794.0
516.0	9379.0
517.0	9715.0
518.0	9503.0
519.0	9371.0
520.0	9595.0
521.0	9440.0
522.0	9548.0
523.0	9195.0
524.0	9730.0
525.0	9245.0
526.0	9373.0
527.0	9220.0
528.0	9573.0
529.0	8981.0
530.0	9266.0
531.0	9307.0
532.0	9757.0
533.0	9589.0
534.0	9693.0
535.0	9430.0
536.0	9259.0
537.0	9635.0
538.0	9402.0
539.0	9464.0
540.0	9583.0
541.0	9651.0
542.0	9805.0
543.0	9716.0
544.0	9308.0
545.0	9259.0
546.0	9928.0
547.0	9674.0
548.0	9814.0
549.0	9384.0
550.0	9548.0
551.0	9486.0
552.0	9563.0
553.0	9409.0
554.0	9779.0
555.0	9445.0
556.0	9801.0
557.0	9627.0
558.0	9629.0
559.0	9459.0
560.0	9686.0
561.0	9772.0
562.0	9147.0
563.0	8997.0
564.0	9923.0
565.0	9361.0
566.0	9372.0
567.0	9808.0
568.0	9613.0
569.0	9202.0
570.0	9722.0
571.0	9467.0
572.0	9397.0
573.0	9839.0
574.0	9524.0
575.0	9487.0
576.0	10026.0
577.0	9496.0
578.0	9255.0
579.0	9481.0
580.0	9543.0
581.0	9617.0
582.0	9256.0
583.0	9682.0
584.0	9450.0
585.0	9513.0
586.0	9149.0
587.0	9197.0
588.0	9183.0
589.0	9587.0
590.0	9230.0
591.0	9313.0
592.0	9043.0
593.0	9685.0
594.0	9591.0
595.0	9088.0
596.0	9583.0
597.0	9493.0
598.0	9251.0
599.0	9637.0
600.0	9579.0
601.0	9372.0
602.0	9460.0
603.0	9438.0
604.0	9212.0
605.0	8902.0
606.0	9327.0
607.0	9349.0
608.0	9437.0
609.0	9069.0
610.0	9777.0
611.0	9333.0
612.0	9243.0
613.0	9063.0
614.0	9057.0
615.0	9213.0
616.0	9245.0
617.0	9255.0
618.0	9344.0
619.0	9441.0
620.0	9564.0
621.0	9503.0
622.0	9506.0
623.0	9048.0
624.0	9568.0
625.0	9290.0
626.0	9477.0
627.0	9347.0
628.0	8926.0
629.0	9271.0
630.0	9563.0
631.0	9729.0
632.0	9451.0
633.0	9441.0
634.0	9637.0
635.0	9718.0
636.0	9038.0
637.0	9190.0
638.0	9278.0
639.0	9435.0
640.0	9111.0
641.0	9263.0
642.0	9786.0
643.0	9417.0
644.0	9297.0
645.0	9227.0
646.0	9746.0
647.0	9233.0
648.0	9450.0
649.0	9127.0
650.0	9043.0
651.0	9065.0
652.0	9375.0
653.0	9074.0
654.0	9753.0
655.0	9544.0
656.0	9669.0
657.0	9414.0
658.0	8953.0
659.0	9680.0
660.0	9676.0
661.0	9020.0
662.0	9530.0
663.0	9236.0
664.0	9557.0
665.0	9190.0
666.0	9136.0
667.0	9561.0
668.0	8937.0
669.0	9161.0
670.0	9047.0
671.0	9063.0
672.0	9050.0
673.0	9536.0
674.0	9656.0
675.0	9750.0
676.0	9313.0
677.0	9326.0
678.0	9100.0
679.0	9403.0
680.0	9987.0
681.0	9017.0
682.0	9254.0
683.0	9735.0
684.0	9337.0
685.0	9394.0
686.0	9605.0
687.0	9183.0
688.0	9324.0
689.0	9326.0
690.0	9688.0
691.0	8977.0
692.0	9685.0
693.0	9276.0
694.0	9744.0
695.0	8959.0
696.0	9010.0
697.0	9595.0
698.0	9445.0
699.0	9428.0
700.0	8928.0
701.0	8774.0
702.0	9081.0
703.0	8871.0
704.0	9098.0
705.0	9356.0
706.0	9040.0
707.0	9290.0
708.0	9137.0
709.0	9057.0
710.0	9362.0
711.0	9586.0
712.0	9371.0
713.0	9261.0
714.0	9650.0
715.0	9010.0
716.0	9507.0
717.0	8499.0
718.0	9530.0
719.0	9037.0
720.0	9442.0
721.0	9423.0
722.0	9557.0
723.0	9337.0
724.0	8832.0
725.0	9254.0
726.0	9157.0
727.0	9433.0
728.0	9193.0
729.0	9495.0
730.0	9528.0
731.0	9317.0
732.0	9226.0
733.0	9193.0
734.0	9131.0
735.0	9448.0
736.0	9100.0
737.0	9016.0
738.0	9244.0
739.0	9008.0
740.0	9235.0
741.0	9315.0
742.0	9246.0
743.0	9854.0
744.0	9246.0
745.0	9349.0
746.0	9617.0
747.0	9593.0
748.0	9354.0
749.0	9831.0
750.0	9170.0
751.0	9017.0
752.0	9730.0
753.0	9061.0
754.0	9548.0
755.0	9671.0
756.0	9298.0
757.0	8890.0
758.0	9415.0
759.0	9439.0
760.0	9373.0
761.0	9162.0
762.0	8984.0
763.0	9256.0
764.0	9409.0
765.0	9231.0
766.0	9417.0
767.0	9548.0
768.0	8831.0
769.0	9371.0
770.0	9227.0
771.0	9464.0
772.0	9347.0
773.0	9118.0
774.0	9060.0
775.0	9276.0
776.0	9022.0
777.0	8998.0
778.0	9242.0
779.0	9254.0
780.0	9341.0
781.0	9618.0
782.0	9457.0
783.0	9245.0
784.0	9297.0
785.0	9517.0
786.0	9118.0
787.0	9482.0
788.0	9051.0
789.0	8996.0
790.0	9340.0
791.0	9134.0
792.0	9566.0
793.0	9594.0
794.0	9210.0
795.0	9538.0
796.0	9270.0
797.0	9325.0
798.0	9544.0
799.0	8977.0
800.0	9647.0
