$itime = 500
$wv_start = 190.0
$hv = 1000
$grating = 2 1200 g/mm BLZ= 500  nm
$x_amps = 10
$x_volts = 45
$sample = DB2331
$date = 2023-06-07
$temp = 172.0
$wv_stop = 800.0
$time = 09:33:34.598000
$wv_step = 1.0
190.0	9871.0
191.0	9604.0
192.0	10072.0
193.0	9965.0
194.0	10125.0
195.0	9494.0
196.0	9932.0
197.0	9633.0
198.0	10230.0
199.0	9900.0
200.0	10162.0
201.0	9797.0
202.0	10088.0
203.0	9750.0
204.0	9560.0
205.0	9505.0
206.0	10094.0
207.0	9813.0
208.0	9267.0
209.0	9731.0
210.0	9885.0
211.0	9974.0
212.0	9840.0
213.0	9817.0
214.0	9958.0
215.0	9752.0
216.0	9832.0
217.0	9615.0
218.0	9199.0
219.0	9951.0
220.0	9953.0
221.0	10031.0
222.0	9850.0
223.0	10112.0
224.0	9955.0
225.0	9986.0
226.0	9580.0
227.0	9583.0
228.0	9474.0
229.0	9820.0
230.0	9525.0
231.0	9570.0
232.0	10028.0
233.0	9672.0
234.0	9307.0
235.0	9940.0
236.0	10285.0
237.0	9544.0
238.0	9772.0
239.0	9460.0
240.0	10523.0
241.0	9926.0
242.0	10017.0
243.0	9834.0
244.0	9757.0
245.0	10011.0
246.0	10121.0
247.0	10128.0
248.0	9882.0
249.0	10019.0
250.0	10156.0
251.0	10120.0
252.0	10206.0
253.0	9666.0
254.0	9434.0
255.0	10446.0
256.0	9989.0
257.0	9983.0
258.0	9599.0
259.0	9728.0
260.0	10217.0
261.0	9844.0
262.0	10257.0
263.0	10094.0
264.0	10227.0
265.0	9937.0
266.0	9483.0
267.0	9676.0
268.0	9539.0
269.0	9851.0
270.0	10320.0
271.0	9971.0
272.0	10308.0
273.0	10023.0
274.0	9844.0
275.0	9953.0
276.0	10404.0
277.0	10332.0
278.0	10166.0
279.0	10166.0
280.0	10271.0
281.0	10144.0
282.0	10346.0
283.0	10251.0
284.0	10269.0
285.0	9947.0
286.0	10051.0
287.0	10463.0
288.0	10108.0
289.0	9791.0
290.0	10210.0
291.0	10443.0
292.0	10447.0
293.0	9960.0
294.0	10231.0
295.0	9966.0
296.0	10172.0
297.0	9612.0
298.0	10117.0
299.0	10617.0
300.0	10324.0
301.0	9971.0
302.0	10161.0
303.0	10190.0
304.0	10357.0
305.0	9698.0
306.0	10390.0
307.0	10453.0
308.0	10033.0
309.0	10257.0
310.0	10396.0
311.0	9648.0
312.0	10022.0
313.0	9940.0
314.0	10291.0
315.0	9834.0
316.0	9971.0
317.0	10830.0
318.0	9927.0
319.0	10188.0
320.0	9789.0
321.0	10399.0
322.0	10246.0
323.0	10269.0
324.0	10079.0
325.0	9961.0
326.0	10347.0
327.0	10105.0
328.0	10044.0
329.0	10156.0
330.0	9944.0
331.0	10152.0
332.0	10131.0
333.0	10349.0
334.0	10314.0
335.0	10051.0
336.0	9761.0
337.0	10411.0
338.0	10417.0
339.0	10509.0
340.0	10273.0
341.0	9996.0
342.0	9856.0
343.0	9905.0
344.0	10028.0
345.0	10115.0
346.0	9961.0
347.0	10060.0
348.0	10198.0
349.0	9995.0
350.0	9757.0
351.0	10245.0
352.0	10408.0
353.0	9927.0
354.0	10051.0
355.0	9984.0
356.0	10004.0
357.0	9799.0
358.0	9904.0
359.0	9994.0
360.0	10317.0
361.0	9682.0
362.0	9902.0
363.0	9993.0
364.0	9756.0
365.0	10090.0
366.0	10134.0
367.0	10070.0
368.0	10006.0
369.0	9849.0
370.0	9871.0
371.0	10165.0
372.0	10217.0
373.0	9944.0
374.0	9936.0
375.0	9991.0
376.0	10002.0
377.0	9709.0
378.0	10130.0
379.0	9832.0
380.0	10114.0
381.0	9962.0
382.0	9597.0
383.0	9437.0
384.0	9750.0
385.0	9516.0
386.0	9986.0
387.0	10124.0
388.0	9964.0
389.0	9733.0
390.0	10226.0
391.0	9965.0
392.0	9320.0
393.0	9944.0
394.0	9456.0
395.0	9914.0
396.0	9984.0
397.0	10604.0
398.0	9799.0
399.0	10101.0
400.0	10141.0
401.0	10547.0
402.0	9974.0
403.0	9724.0
404.0	10094.0
405.0	9844.0
406.0	10096.0
407.0	10131.0
408.0	10094.0
409.0	10453.0
410.0	9928.0
411.0	10523.0
412.0	9577.0
413.0	9670.0
414.0	9995.0
415.0	10021.0
416.0	9698.0
417.0	9885.0
418.0	9940.0
419.0	10257.0
420.0	9835.0
421.0	9948.0
422.0	9784.0
423.0	10132.0
424.0	10069.0
425.0	10156.0
426.0	9690.0
427.0	9657.0
428.0	9444.0
429.0	9866.0
430.0	9765.0
431.0	10277.0
432.0	10241.0
433.0	9936.0
434.0	10117.0
435.0	10408.0
436.0	9482.0
437.0	9972.0
438.0	10143.0
439.0	9857.0
440.0	9829.0
441.0	9630.0
442.0	10019.0
443.0	9971.0
444.0	9988.0
445.0	9891.0
446.0	9928.0
447.0	9940.0
448.0	9864.0
449.0	9719.0
450.0	9948.0
451.0	10022.0
452.0	10133.0
453.0	10468.0
454.0	9710.0
455.0	9476.0
456.0	10289.0
457.0	9639.0
458.0	10231.0
459.0	10048.0
460.0	9944.0
461.0	10126.0
462.0	9817.0
463.0	9810.0
464.0	10147.0
465.0	10031.0
466.0	10163.0
467.0	9748.0
468.0	9903.0
469.0	10078.0
470.0	10354.0
471.0	10326.0
472.0	9850.0
473.0	10004.0
474.0	9873.0
475.0	9827.0
476.0	9983.0
477.0	10424.0
478.0	9883.0
479.0	10149.0
480.0	9690.0
481.0	10387.0
482.0	9678.0
483.0	10370.0
484.0	10073.0
485.0	10109.0
486.0	10136.0
487.0	10464.0
488.0	10225.0
489.0	10031.0
490.0	9751.0
491.0	9834.0
492.0	9856.0
493.0	10246.0
494.0	10013.0
495.0	10445.0
496.0	10290.0
497.0	10277.0
498.0	10122.0
499.0	10377.0
500.0	9931.0
501.0	9640.0
502.0	10208.0
503.0	10265.0
504.0	10318.0
505.0	9971.0
506.0	10552.0
507.0	10124.0
508.0	9730.0
509.0	10225.0
510.0	10243.0
511.0	10031.0
512.0	10254.0
513.0	10231.0
514.0	10277.0
515.0	9884.0
516.0	10174.0
517.0	9895.0
518.0	9885.0
519.0	10430.0
520.0	10285.0
521.0	10203.0
522.0	10123.0
523.0	10470.0
524.0	10549.0
525.0	10627.0
526.0	10124.0
527.0	10176.0
528.0	9847.0
529.0	10127.0
530.0	10428.0
531.0	10552.0
532.0	10136.0
533.0	9877.0
534.0	10710.0
535.0	9993.0
536.0	10332.0
537.0	9874.0
538.0	10431.0
539.0	10386.0
540.0	9726.0
541.0	9991.0
542.0	10074.0
543.0	10037.0
544.0	10024.0
545.0	9971.0
546.0	10119.0
547.0	10441.0
548.0	10317.0
549.0	10335.0
550.0	10004.0
551.0	10344.0
552.0	9818.0
553.0	10006.0
554.0	9856.0
555.0	10371.0
556.0	10179.0
557.0	10417.0
558.0	10114.0
559.0	10150.0
560.0	10550.0
561.0	10285.0
562.0	10346.0
563.0	9951.0
564.0	10437.0
565.0	10352.0
566.0	10136.0
567.0	9863.0
568.0	9805.0
569.0	10422.0
570.0	10337.0
571.0	10105.0
572.0	10137.0
573.0	10048.0
574.0	10004.0
575.0	9766.0
576.0	10106.0
577.0	9930.0
578.0	9922.0
579.0	10700.0
580.0	10257.0
581.0	10145.0
582.0	10145.0
583.0	10137.0
584.0	10290.0
585.0	9701.0
586.0	10256.0
587.0	9948.0
588.0	10031.0
589.0	9794.0
590.0	9741.0
591.0	10123.0
592.0	10132.0
593.0	10211.0
594.0	9786.0
595.0	10092.0
596.0	10228.0
597.0	9685.0
598.0	10340.0
599.0	10029.0
600.0	9849.0
601.0	10177.0
602.0	10381.0
603.0	10450.0
604.0	9869.0
605.0	10317.0
606.0	10131.0
607.0	9955.0
608.0	10126.0
609.0	9946.0
610.0	9929.0
611.0	9844.0
612.0	9813.0
613.0	10243.0
614.0	10433.0
615.0	10185.0
616.0	9970.0
617.0	10139.0
618.0	10321.0
619.0	10346.0
620.0	9895.0
621.0	10278.0
622.0	10042.0
623.0	10281.0
624.0	9627.0
625.0	9954.0
626.0	10061.0
627.0	10207.0
628.0	9872.0
629.0	9955.0
630.0	9800.0
631.0	9662.0
632.0	9614.0
633.0	10281.0
634.0	10217.0
635.0	9788.0
636.0	10042.0
637.0	9522.0
638.0	9920.0
639.0	9958.0
640.0	9955.0
641.0	9996.0
642.0	10029.0
643.0	10034.0
644.0	9715.0
645.0	10222.0
646.0	10161.0
647.0	9885.0
648.0	10269.0
649.0	10176.0
650.0	9956.0
651.0	10355.0
652.0	9840.0
653.0	10310.0
654.0	10197.0
655.0	9656.0
656.0	9427.0
657.0	10207.0
658.0	10002.0
659.0	9920.0
660.0	9792.0
661.0	10128.0
662.0	9619.0
663.0	9938.0
664.0	9844.0
665.0	9971.0
666.0	9924.0
667.0	10128.0
668.0	9929.0
669.0	10467.0
670.0	10078.0
671.0	10294.0
672.0	9944.0
673.0	9655.0
674.0	10315.0
675.0	10063.0
676.0	9945.0
677.0	9838.0
678.0	9734.0
679.0	10022.0
680.0	9803.0
681.0	9973.0
682.0	9963.0
683.0	9596.0
684.0	9666.0
685.0	10249.0
686.0	10302.0
687.0	9839.0
688.0	9851.0
689.0	9993.0
690.0	10031.0
691.0	10015.0
692.0	9738.0
693.0	9777.0
694.0	10170.0
695.0	9899.0
696.0	9726.0
697.0	10229.0
698.0	10168.0
699.0	10074.0
700.0	10217.0
701.0	9814.0
702.0	10140.0
703.0	10217.0
704.0	9804.0
705.0	10154.0
706.0	10266.0
707.0	9572.0
708.0	9724.0
709.0	10073.0
710.0	9581.0
711.0	9304.0
712.0	9790.0
713.0	10422.0
714.0	10236.0
715.0	10086.0
716.0	10229.0
717.0	10129.0
718.0	9819.0
719.0	9711.0
720.0	10274.0
721.0	9413.0
722.0	9463.0
723.0	10038.0
724.0	10250.0
725.0	10313.0
726.0	9687.0
727.0	9710.0
728.0	9984.0
729.0	10215.0
730.0	9911.0
731.0	10267.0
732.0	10094.0
733.0	10229.0
734.0	10606.0
735.0	10330.0
736.0	10154.0
737.0	10124.0
738.0	10274.0
739.0	10118.0
740.0	10114.0
741.0	10047.0
742.0	10122.0
743.0	10186.0
744.0	10350.0
745.0	9593.0
746.0	9762.0
747.0	10251.0
748.0	9981.0
749.0	9940.0
750.0	9664.0
751.0	9648.0
752.0	9971.0
753.0	9948.0
754.0	10318.0
755.0	10145.0
756.0	10022.0
757.0	10173.0
758.0	10074.0
759.0	10222.0
760.0	9991.0
761.0	9966.0
762.0	10076.0
763.0	9700.0
764.0	9944.0
765.0	9602.0
766.0	9354.0
767.0	10042.0
768.0	9775.0
769.0	10144.0
770.0	9766.0
771.0	9813.0
772.0	9840.0
773.0	10117.0
774.0	10274.0
775.0	9802.0
776.0	10032.0
777.0	10173.0
778.0	9885.0
779.0	9568.0
780.0	9521.0
781.0	10097.0
782.0	9884.0
783.0	10031.0
784.0	9947.0
785.0	10031.0
786.0	9865.0
787.0	10045.0
788.0	9810.0
789.0	10052.0
790.0	9895.0
791.0	10265.0
792.0	10241.0
793.0	9960.0
794.0	10310.0
795.0	9775.0
796.0	10159.0
797.0	9291.0
798.0	10142.0
799.0	9803.0
800.0	10141.0
