$itime = 500
$wv_start = 190.0
$hv = 1000
$grating = 2 1200 g/mm BLZ= 500  nm
$x_amps = 10
$x_volts = 45
$sample = DB2331
$date = 2023-06-07
$temp = 352.0
$wv_stop = 800.0
$time = 07:43:19.820000
$wv_step = 1.0
190.0	9307.0
191.0	9033.0
192.0	9471.0
193.0	8612.0
194.0	9120.0
195.0	8900.0
196.0	8790.0
197.0	8967.0
198.0	9281.0
199.0	8520.0
200.0	9283.0
201.0	9072.0
202.0	8873.0
203.0	8993.0
204.0	8621.0
205.0	8829.0
206.0	9181.0
207.0	8649.0
208.0	9338.0
209.0	8740.0
210.0	9200.0
211.0	9238.0
212.0	8669.0
213.0	9124.0
214.0	8891.0
215.0	8582.0
216.0	9017.0
217.0	8656.0
218.0	8909.0
219.0	8829.0
220.0	9070.0
221.0	9148.0
222.0	8702.0
223.0	9061.0
224.0	9183.0
225.0	8858.0
226.0	9320.0
227.0	9236.0
228.0	9061.0
229.0	9107.0
230.0	9010.0
231.0	9252.0
232.0	8821.0
233.0	8833.0
234.0	8880.0
235.0	9074.0
236.0	9190.0
237.0	8895.0
238.0	8904.0
239.0	9206.0
240.0	9210.0
241.0	9003.0
242.0	8814.0
243.0	8935.0
244.0	8789.0
245.0	8961.0
246.0	8818.0
247.0	8716.0
248.0	8627.0
249.0	9001.0
250.0	8976.0
251.0	9032.0
252.0	9112.0
253.0	9607.0
254.0	8993.0
255.0	8953.0
256.0	8957.0
257.0	8651.0
258.0	8955.0
259.0	8821.0
260.0	8977.0
261.0	8964.0
262.0	9589.0
263.0	9068.0
264.0	9016.0
265.0	8853.0
266.0	8950.0
267.0	8792.0
268.0	8787.0
269.0	9056.0
270.0	9183.0
271.0	9226.0
272.0	8983.0
273.0	9155.0
274.0	9015.0
275.0	8986.0
276.0	9362.0
277.0	9439.0
278.0	9083.0
279.0	9148.0
280.0	9067.0
281.0	9067.0
282.0	9125.0
283.0	9297.0
284.0	8544.0
285.0	9098.0
286.0	9265.0
287.0	9198.0
288.0	8817.0
289.0	9116.0
290.0	9433.0
291.0	9311.0
292.0	9371.0
293.0	9022.0
294.0	9204.0
295.0	9305.0
296.0	9191.0
297.0	9358.0
298.0	9413.0
299.0	9325.0
300.0	9149.0
301.0	9046.0
302.0	8869.0
303.0	8632.0
304.0	9139.0
305.0	9598.0
306.0	9037.0
307.0	9062.0
308.0	9265.0
309.0	8901.0
310.0	9122.0
311.0	9789.0
312.0	8911.0
313.0	9229.0
314.0	9077.0
315.0	9695.0
316.0	9667.0
317.0	9608.0
318.0	9116.0
319.0	9042.0
320.0	8860.0
321.0	9092.0
322.0	9334.0
323.0	9160.0
324.0	9129.0
325.0	9343.0
326.0	8967.0
327.0	8880.0
328.0	9059.0
329.0	9341.0
330.0	8953.0
331.0	9100.0
332.0	8830.0
333.0	9611.0
334.0	9238.0
335.0	9732.0
336.0	9038.0
337.0	9390.0
338.0	9076.0
339.0	9113.0
340.0	8929.0
341.0	8541.0
342.0	8869.0
343.0	9145.0
344.0	8977.0
345.0	8789.0
346.0	9221.0
347.0	9443.0
348.0	8912.0
349.0	8977.0
350.0	9086.0
351.0	9060.0
352.0	8789.0
353.0	9578.0
354.0	8839.0
355.0	8814.0
356.0	9317.0
357.0	9040.0
358.0	8881.0
359.0	9057.0
360.0	9278.0
361.0	9081.0
362.0	8683.0
363.0	8504.0
364.0	8752.0
365.0	8248.0
366.0	9003.0
367.0	8929.0
368.0	9041.0
369.0	9512.0
370.0	8832.0
371.0	9055.0
372.0	9025.0
373.0	9060.0
374.0	9074.0
375.0	8829.0
376.0	9228.0
377.0	9005.0
378.0	9400.0
379.0	8605.0
380.0	8554.0
381.0	8759.0
382.0	8633.0
383.0	9043.0
384.0	9200.0
385.0	9088.0
386.0	9365.0
387.0	8335.0
388.0	8666.0
389.0	8902.0
390.0	9407.0
391.0	8928.0
392.0	9090.0
393.0	9216.0
394.0	8980.0
395.0	9206.0
396.0	8717.0
397.0	8776.0
398.0	8437.0
399.0	9198.0
400.0	9136.0
401.0	9256.0
402.0	8849.0
403.0	9199.0
404.0	8858.0
405.0	9099.0
406.0	9122.0
407.0	9141.0
408.0	8956.0
409.0	9507.0
410.0	9288.0
411.0	9040.0
412.0	8734.0
413.0	8347.0
414.0	8794.0
415.0	9248.0
416.0	8722.0
417.0	9224.0
418.0	8978.0
419.0	9041.0
420.0	8812.0
421.0	9127.0
422.0	8928.0
423.0	9469.0
424.0	9156.0
425.0	8772.0
426.0	8976.0
427.0	8622.0
428.0	9043.0
429.0	8962.0
430.0	8620.0
431.0	8948.0
432.0	9100.0
433.0	9051.0
434.0	9004.0
435.0	8853.0
436.0	9494.0
437.0	9095.0
438.0	8936.0
439.0	8675.0
440.0	9327.0
441.0	8628.0
442.0	8817.0
443.0	9051.0
444.0	8873.0
445.0	8675.0
446.0	8774.0
447.0	9101.0
448.0	9302.0
449.0	8972.0
450.0	8901.0
451.0	8767.0
452.0	8834.0
453.0	8877.0
454.0	9087.0
455.0	8884.0
456.0	8794.0
457.0	8819.0
458.0	9080.0
459.0	9244.0
460.0	8980.0
461.0	8712.0
462.0	9215.0
463.0	9129.0
464.0	8727.0
465.0	8817.0
466.0	9075.0
467.0	8971.0
468.0	8503.0
469.0	9148.0
470.0	8700.0
471.0	8472.0
472.0	8861.0
473.0	8966.0
474.0	9518.0
475.0	8912.0
476.0	9201.0
477.0	9051.0
478.0	9169.0
479.0	8934.0
480.0	8904.0
481.0	8976.0
482.0	9030.0
483.0	8986.0
484.0	9187.0
485.0	8580.0
486.0	9070.0
487.0	8933.0
488.0	9171.0
489.0	9105.0
490.0	8738.0
491.0	9321.0
492.0	8665.0
493.0	9040.0
494.0	9055.0
495.0	8967.0
496.0	9182.0
497.0	9061.0
498.0	8564.0
499.0	9741.0
500.0	9001.0
501.0	9100.0
502.0	9087.0
503.0	9317.0
504.0	8651.0
505.0	9614.0
506.0	9052.0
507.0	9380.0
508.0	8843.0
509.0	9131.0
510.0	8983.0
511.0	9134.0
512.0	9032.0
513.0	8830.0
514.0	8897.0
515.0	9164.0
516.0	9569.0
517.0	9048.0
518.0	9234.0
519.0	9192.0
520.0	9041.0
521.0	8639.0
522.0	9063.0
523.0	9159.0
524.0	9069.0
525.0	8804.0
526.0	8834.0
527.0	9426.0
528.0	9306.0
529.0	9075.0
530.0	9276.0
531.0	8826.0
532.0	9668.0
533.0	9446.0
534.0	9026.0
535.0	8783.0
536.0	9579.0
537.0	9060.0
538.0	9116.0
539.0	8884.0
540.0	8986.0
541.0	9127.0
542.0	8849.0
543.0	9288.0
544.0	8995.0
545.0	9587.0
546.0	8901.0
547.0	8930.0
548.0	9246.0
549.0	8940.0
550.0	9073.0
551.0	9163.0
552.0	8943.0
553.0	9522.0
554.0	9183.0
555.0	9219.0
556.0	9029.0
557.0	9066.0
558.0	8893.0
559.0	9481.0
560.0	9398.0
561.0	8715.0
562.0	9178.0
563.0	9405.0
564.0	8540.0
565.0	9345.0
566.0	9175.0
567.0	8668.0
568.0	8830.0
569.0	9618.0
570.0	9242.0
571.0	8638.0
572.0	8920.0
573.0	8896.0
574.0	9082.0
575.0	9491.0
576.0	8999.0
577.0	9126.0
578.0	8932.0
579.0	9041.0
580.0	8656.0
581.0	9175.0
582.0	8777.0
583.0	9001.0
584.0	9210.0
585.0	9100.0
586.0	8818.0
587.0	9068.0
588.0	9327.0
589.0	9338.0
590.0	9333.0
591.0	9192.0
592.0	9458.0
593.0	8926.0
594.0	8725.0
595.0	9043.0
596.0	9269.0
597.0	9250.0
598.0	8607.0
599.0	9329.0
600.0	9037.0
601.0	8908.0
602.0	9469.0
603.0	9230.0
604.0	8826.0
605.0	8875.0
606.0	9113.0
607.0	8817.0
608.0	9308.0
609.0	8675.0
610.0	9261.0
611.0	8849.0
612.0	9140.0
613.0	9388.0
614.0	9370.0
615.0	8977.0
616.0	9327.0
617.0	8979.0
618.0	9139.0
619.0	9181.0
620.0	8932.0
621.0	9131.0
622.0	9115.0
623.0	8892.0
624.0	8561.0
625.0	9178.0
626.0	9181.0
627.0	9495.0
628.0	9043.0
629.0	9198.0
630.0	8953.0
631.0	9239.0
632.0	9098.0
633.0	9273.0
634.0	8983.0
635.0	9046.0
636.0	8994.0
637.0	8989.0
638.0	8813.0
639.0	8884.0
640.0	8848.0
641.0	9038.0
642.0	9366.0
643.0	9254.0
644.0	8943.0
645.0	8988.0
646.0	8948.0
647.0	8742.0
648.0	9054.0
649.0	8771.0
650.0	8436.0
651.0	9396.0
652.0	9061.0
653.0	8821.0
654.0	9074.0
655.0	8937.0
656.0	8957.0
657.0	8884.0
658.0	8901.0
659.0	8759.0
660.0	8910.0
661.0	8466.0
662.0	8695.0
663.0	8846.0
664.0	9178.0
665.0	8943.0
666.0	9135.0
667.0	8999.0
668.0	8974.0
669.0	8757.0
670.0	9088.0
671.0	9338.0
672.0	9002.0
673.0	8880.0
674.0	9264.0
675.0	8864.0
676.0	8794.0
677.0	8662.0
678.0	9036.0
679.0	9235.0
680.0	9116.0
681.0	8883.0
682.0	8854.0
683.0	8807.0
684.0	9056.0
685.0	8861.0
686.0	8801.0
687.0	8612.0
688.0	8670.0
689.0	9005.0
690.0	9068.0
691.0	9237.0
692.0	8834.0
693.0	8827.0
694.0	9108.0
695.0	9050.0
696.0	8770.0
697.0	8639.0
698.0	8930.0
699.0	8682.0
700.0	9201.0
701.0	9061.0
702.0	8834.0
703.0	9211.0
704.0	8580.0
705.0	8871.0
706.0	9169.0
707.0	9448.0
708.0	8705.0
709.0	8874.0
710.0	8855.0
711.0	8977.0
712.0	9181.0
713.0	8915.0
714.0	8632.0
715.0	8931.0
716.0	9068.0
717.0	8612.0
718.0	9053.0
719.0	8911.0
720.0	9067.0
721.0	8946.0
722.0	9273.0
723.0	8688.0
724.0	9636.0
725.0	8882.0
726.0	8983.0
727.0	9129.0
728.0	8686.0
729.0	8917.0
730.0	8566.0
731.0	9074.0
732.0	8589.0
733.0	9115.0
734.0	8777.0
735.0	9201.0
736.0	9071.0
737.0	9373.0
738.0	8862.0
739.0	8903.0
740.0	8612.0
741.0	8860.0
742.0	8747.0
743.0	8636.0
744.0	9148.0
745.0	9040.0
746.0	8582.0
747.0	8601.0
748.0	8670.0
749.0	8605.0
750.0	8947.0
751.0	8847.0
752.0	8915.0
753.0	9410.0
754.0	8853.0
755.0	8787.0
756.0	9226.0
757.0	8686.0
758.0	8911.0
759.0	8599.0
760.0	8868.0
761.0	9308.0
762.0	9081.0
763.0	8636.0
764.0	8630.0
765.0	8784.0
766.0	8811.0
767.0	8613.0
768.0	8578.0
769.0	8959.0
770.0	8821.0
771.0	8922.0
772.0	8938.0
773.0	8785.0
774.0	9233.0
775.0	8968.0
776.0	9486.0
777.0	9032.0
778.0	8852.0
779.0	9010.0
780.0	9028.0
781.0	9169.0
782.0	8901.0
783.0	9135.0
784.0	8891.0
785.0	8901.0
786.0	8834.0
787.0	9141.0
788.0	9074.0
789.0	8916.0
790.0	8532.0
791.0	8776.0
792.0	8662.0
793.0	9343.0
794.0	8493.0
795.0	8673.0
796.0	8753.0
797.0	8759.0
798.0	9056.0
799.0	8893.0
800.0	8829.0
