$itime = 500
$wv_start = 190.0
$hv = 1000
$grating = 2 1200 g/mm BLZ= 500  nm
$x_amps = 10
$x_volts = 45
$sample = DB2331
$date = 2023-06-07
$temp = 152.01
$wv_stop = 800.0
$time = 09:33:34.598000
$wv_step = 1.0
190.0	10347.0
191.0	10109.0
192.0	9771.0
193.0	10175.0
194.0	10170.0
195.0	10370.0
196.0	10103.0
197.0	9958.0
198.0	9743.0
199.0	10124.0
200.0	9889.0
201.0	10078.0
202.0	9735.0
203.0	9987.0
204.0	9354.0
205.0	9933.0
206.0	9900.0
207.0	9810.0
208.0	9898.0
209.0	9826.0
210.0	9982.0
211.0	9953.0
212.0	9693.0
213.0	10415.0
214.0	9960.0
215.0	10029.0
216.0	10502.0
217.0	10455.0
218.0	10144.0
219.0	9900.0
220.0	9974.0
221.0	9899.0
222.0	9774.0
223.0	9903.0
224.0	9869.0
225.0	10217.0
226.0	9832.0
227.0	10139.0
228.0	10271.0
229.0	10124.0
230.0	9878.0
231.0	10031.0
232.0	9769.0
233.0	9964.0
234.0	9822.0
235.0	9811.0
236.0	9972.0
237.0	10122.0
238.0	10072.0
239.0	9948.0
240.0	9968.0
241.0	10002.0
242.0	10204.0
243.0	10083.0
244.0	9941.0
245.0	9450.0
246.0	9844.0
247.0	10373.0
248.0	10475.0
249.0	10125.0
250.0	10029.0
251.0	10243.0
252.0	10192.0
253.0	10290.0
254.0	10189.0
255.0	10265.0
256.0	10050.0
257.0	10309.0
258.0	10508.0
259.0	9830.0
260.0	9971.0
261.0	10386.0
262.0	9933.0
263.0	10461.0
264.0	9834.0
265.0	10276.0
266.0	10264.0
267.0	10651.0
268.0	10084.0
269.0	10452.0
270.0	10464.0
271.0	10226.0
272.0	10017.0
273.0	9650.0
274.0	10403.0
275.0	10232.0
276.0	10088.0
277.0	10243.0
278.0	9834.0
279.0	10037.0
280.0	10494.0
281.0	9687.0
282.0	10529.0
283.0	10663.0
284.0	10446.0
285.0	10550.0
286.0	10163.0
287.0	10530.0
288.0	10130.0
289.0	10244.0
290.0	10434.0
291.0	9932.0
292.0	10397.0
293.0	10388.0
294.0	10453.0
295.0	10289.0
296.0	10320.0
297.0	10011.0
298.0	10448.0
299.0	10507.0
300.0	10358.0
301.0	10567.0
302.0	10108.0
303.0	10126.0
304.0	10078.0
305.0	9814.0
306.0	10576.0
307.0	10028.0
308.0	9944.0
309.0	10330.0
310.0	10245.0
311.0	10586.0
312.0	10217.0
313.0	10417.0
314.0	10293.0
315.0	11039.0
316.0	10268.0
317.0	9726.0
318.0	10463.0
319.0	10092.0
320.0	10049.0
321.0	9842.0
322.0	10105.0
323.0	10183.0
324.0	10002.0
325.0	10284.0
326.0	10280.0
327.0	10106.0
328.0	10136.0
329.0	10123.0
330.0	10863.0
331.0	9882.0
332.0	10633.0
333.0	10583.0
334.0	10457.0
335.0	10782.0
336.0	10265.0
337.0	10416.0
338.0	10089.0
339.0	10273.0
340.0	10372.0
341.0	10051.0
342.0	9931.0
343.0	10043.0
344.0	10474.0
345.0	9962.0
346.0	10504.0
347.0	10375.0
348.0	10212.0
349.0	10280.0
350.0	10357.0
351.0	10434.0
352.0	10137.0
353.0	10354.0
354.0	10129.0
355.0	10136.0
356.0	9754.0
357.0	10019.0
358.0	10173.0
359.0	10038.0
360.0	10549.0
361.0	9965.0
362.0	9832.0
363.0	10167.0
364.0	10608.0
365.0	10350.0
366.0	10604.0
367.0	9827.0
368.0	10480.0
369.0	9556.0
370.0	10025.0
371.0	10600.0
372.0	9505.0
373.0	10139.0
374.0	9952.0
375.0	10121.0
376.0	10272.0
377.0	9860.0
378.0	10167.0
379.0	10570.0
380.0	10450.0
381.0	9709.0
382.0	10285.0
383.0	9698.0
384.0	10472.0
385.0	10204.0
386.0	10088.0
387.0	9944.0
388.0	9840.0
389.0	9920.0
390.0	9970.0
391.0	10410.0
392.0	9640.0
393.0	9717.0
394.0	9746.0
395.0	9977.0
396.0	10030.0
397.0	10157.0
398.0	10604.0
399.0	10346.0
400.0	10245.0
401.0	10088.0
402.0	9998.0
403.0	10057.0
404.0	10202.0
405.0	10128.0
406.0	10360.0
407.0	10039.0
408.0	10450.0
409.0	10261.0
410.0	10798.0
411.0	9605.0
412.0	9868.0
413.0	9921.0
414.0	9904.0
415.0	10197.0
416.0	9733.0
417.0	10159.0
418.0	10075.0
419.0	9948.0
420.0	10218.0
421.0	10052.0
422.0	9541.0
423.0	10373.0
424.0	9703.0
425.0	10120.0
426.0	10287.0
427.0	9816.0
428.0	10048.0
429.0	10144.0
430.0	10285.0
431.0	9877.0
432.0	10107.0
433.0	9937.0
434.0	9944.0
435.0	10670.0
436.0	9934.0
437.0	10005.0
438.0	9733.0
439.0	9757.0
440.0	10256.0
441.0	10064.0
442.0	10227.0
443.0	9830.0
444.0	9650.0
445.0	10119.0
446.0	10126.0
447.0	10392.0
448.0	9734.0
449.0	9951.0
450.0	9784.0
451.0	10610.0
452.0	9823.0
453.0	10010.0
454.0	10253.0
455.0	9581.0
456.0	10110.0
457.0	10070.0
458.0	10281.0
459.0	10151.0
460.0	9739.0
461.0	10453.0
462.0	9603.0
463.0	10372.0
464.0	10179.0
465.0	10238.0
466.0	9877.0
467.0	10270.0
468.0	10455.0
469.0	10114.0
470.0	9991.0
471.0	10246.0
472.0	10005.0
473.0	10387.0
474.0	10414.0
475.0	10269.0
476.0	10144.0
477.0	10905.0
478.0	10162.0
479.0	9984.0
480.0	10821.0
481.0	10333.0
482.0	10199.0
483.0	10639.0
484.0	10207.0
485.0	10238.0
486.0	10321.0
487.0	10346.0
488.0	10871.0
489.0	10788.0
490.0	10402.0
491.0	10356.0
492.0	10452.0
493.0	10143.0
494.0	10635.0
495.0	10415.0
496.0	9945.0
497.0	10512.0
498.0	10228.0
499.0	10829.0
500.0	10544.0
501.0	10496.0
502.0	10690.0
503.0	10724.0
504.0	10236.0
505.0	10435.0
506.0	10583.0
507.0	10525.0
508.0	9971.0
509.0	10456.0
510.0	10599.0
511.0	9955.0
512.0	10719.0
513.0	10028.0
514.0	10440.0
515.0	10362.0
516.0	10768.0
517.0	10176.0
518.0	10518.0
519.0	10371.0
520.0	10542.0
521.0	10962.0
522.0	10334.0
523.0	10625.0
524.0	10998.0
525.0	10524.0
526.0	10363.0
527.0	10531.0
528.0	10329.0
529.0	10357.0
530.0	10281.0
531.0	10028.0
532.0	10082.0
533.0	10191.0
534.0	10732.0
535.0	9870.0
536.0	10435.0
537.0	10269.0
538.0	10678.0
539.0	10106.0
540.0	10370.0
541.0	10173.0
542.0	10737.0
543.0	10382.0
544.0	10401.0
545.0	10218.0
546.0	10381.0
547.0	10713.0
548.0	10374.0
549.0	10090.0
550.0	10083.0
551.0	10401.0
552.0	9989.0
553.0	10310.0
554.0	10334.0
555.0	10207.0
556.0	10108.0
557.0	10318.0
558.0	10749.0
559.0	10583.0
560.0	10469.0
561.0	10977.0
562.0	10119.0
563.0	10132.0
564.0	10172.0
565.0	10319.0
566.0	10576.0
567.0	10072.0
568.0	10582.0
569.0	10393.0
570.0	10612.0
571.0	10019.0
572.0	10640.0
573.0	10381.0
574.0	10446.0
575.0	10146.0
576.0	10599.0
577.0	10226.0
578.0	10432.0
579.0	10324.0
580.0	10803.0
581.0	10243.0
582.0	10569.0
583.0	10136.0
584.0	10512.0
585.0	10218.0
586.0	10304.0
587.0	10241.0
588.0	9903.0
589.0	9817.0
590.0	10279.0
591.0	10288.0
592.0	10512.0
593.0	10249.0
594.0	9962.0
595.0	10525.0
596.0	10363.0
597.0	10414.0
598.0	10566.0
599.0	10606.0
600.0	10066.0
601.0	9994.0
602.0	10146.0
603.0	10241.0
604.0	10135.0
605.0	10591.0
606.0	10310.0
607.0	10019.0
608.0	10285.0
609.0	9873.0
610.0	10163.0
611.0	10340.0
612.0	10205.0
613.0	10067.0
614.0	10309.0
615.0	9979.0
616.0	10227.0
617.0	10461.0
618.0	10094.0
619.0	10298.0
620.0	9958.0
621.0	10279.0
622.0	10083.0
623.0	9949.0
624.0	10466.0
625.0	9870.0
626.0	10537.0
627.0	10529.0
628.0	10013.0
629.0	10020.0
630.0	10208.0
631.0	9836.0
632.0	9937.0
633.0	10149.0
634.0	10321.0
635.0	10522.0
636.0	10024.0
637.0	9877.0
638.0	9878.0
639.0	10265.0
640.0	10156.0
641.0	10142.0
642.0	10268.0
643.0	9948.0
644.0	10034.0
645.0	10554.0
646.0	10178.0
647.0	10341.0
648.0	9813.0
649.0	9759.0
650.0	10511.0
651.0	9587.0
652.0	9965.0
653.0	10136.0
654.0	10025.0
655.0	10332.0
656.0	10002.0
657.0	10301.0
658.0	10183.0
659.0	9990.0
660.0	10455.0
661.0	10115.0
662.0	9857.0
663.0	10291.0
664.0	10204.0
665.0	9886.0
666.0	10060.0
667.0	10361.0
668.0	10515.0
669.0	9657.0
670.0	10901.0
671.0	10123.0
672.0	10205.0
673.0	10216.0
674.0	10249.0
675.0	9854.0
676.0	10069.0
677.0	10297.0
678.0	10270.0
679.0	10269.0
680.0	9790.0
681.0	10244.0
682.0	10403.0
683.0	9903.0
684.0	10062.0
685.0	10088.0
686.0	10115.0
687.0	9690.0
688.0	10293.0
689.0	9516.0
690.0	9923.0
691.0	10536.0
692.0	9997.0
693.0	10094.0
694.0	10120.0
695.0	10388.0
696.0	9728.0
697.0	10243.0
698.0	10813.0
699.0	10188.0
700.0	9728.0
701.0	9951.0
702.0	10146.0
703.0	9820.0
704.0	9956.0
705.0	9578.0
706.0	9675.0
707.0	9938.0
708.0	10381.0
709.0	10086.0
710.0	10471.0
711.0	9718.0
712.0	10074.0
713.0	10210.0
714.0	10354.0
715.0	9992.0
716.0	10423.0
717.0	9716.0
718.0	10629.0
719.0	9955.0
720.0	10278.0
721.0	9832.0
722.0	10172.0
723.0	10342.0
724.0	10136.0
725.0	9961.0
726.0	10088.0
727.0	9570.0
728.0	10352.0
729.0	10230.0
730.0	9977.0
731.0	10010.0
732.0	10318.0
733.0	10388.0
734.0	9849.0
735.0	9969.0
736.0	9628.0
737.0	10414.0
738.0	9935.0
739.0	9940.0
740.0	9967.0
741.0	10456.0
742.0	10408.0
743.0	9557.0
744.0	10410.0
745.0	10313.0
746.0	9977.0
747.0	9835.0
748.0	10174.0
749.0	10353.0
750.0	10151.0
751.0	10173.0
752.0	9601.0
753.0	10094.0
754.0	9791.0
755.0	10488.0
756.0	10350.0
757.0	9991.0
758.0	10355.0
759.0	9738.0
760.0	9882.0
761.0	10378.0
762.0	10080.0
763.0	9734.0
764.0	9962.0
765.0	9971.0
766.0	10357.0
767.0	10233.0
768.0	10094.0
769.0	10317.0
770.0	10573.0
771.0	9931.0
772.0	10145.0
773.0	9915.0
774.0	9477.0
775.0	10015.0
776.0	10285.0
777.0	9853.0
778.0	10093.0
779.0	10109.0
780.0	10117.0
781.0	10369.0
782.0	10096.0
783.0	10583.0
784.0	10279.0
785.0	9920.0
786.0	10455.0
787.0	10292.0
788.0	9655.0
789.0	9963.0
790.0	10124.0
791.0	10272.0
792.0	10424.0
793.0	9971.0
794.0	9638.0
795.0	9938.0
796.0	9863.0
797.0	10606.0
798.0	10109.0
799.0	10201.0
800.0	9963.0
