$itime = 500
$wv_start = 190.0
$hv = 1000
$grating = 2 1200 g/mm BLZ= 500  nm
$x_amps = 10
$x_volts = 45
$sample = DB2331
$date = 2023-06-07
$temp = 212.0
$wv_stop = 800.0
$time = 09:33:34.598000
$wv_step = 1.0
190.0	9441.0
191.0	9291.0
192.0	9591.0
193.0	9709.0
194.0	9602.0
195.0	9715.0
196.0	9596.0
197.0	10086.0
198.0	9654.0
199.0	9575.0
200.0	9225.0
201.0	9698.0
202.0	9803.0
203.0	9630.0
204.0	9961.0
205.0	9951.0
206.0	9855.0
207.0	9709.0
208.0	9587.0
209.0	9259.0
210.0	9031.0
211.0	9790.0
212.0	9488.0
213.0	9709.0
214.0	8904.0
215.0	9589.0
216.0	9556.0
217.0	9419.0
218.0	9925.0
219.0	9532.0
220.0	9453.0
221.0	9594.0
222.0	9953.0
223.0	9056.0
224.0	9718.0
225.0	9445.0
226.0	9209.0
227.0	9781.0
228.0	9615.0
229.0	10074.0
230.0	9729.0
231.0	9745.0
232.0	9429.0
233.0	9826.0
234.0	9690.0
235.0	9282.0
236.0	9589.0
237.0	9424.0
238.0	10008.0
239.0	10013.0
240.0	9480.0
241.0	9909.0
242.0	10414.0
243.0	9579.0
244.0	9568.0
245.0	9650.0
246.0	9932.0
247.0	9532.0
248.0	9821.0
249.0	9669.0
250.0	9567.0
251.0	9642.0
252.0	9622.0
253.0	9300.0
254.0	9514.0
255.0	9810.0
256.0	9863.0
257.0	9786.0
258.0	9556.0
259.0	9844.0
260.0	9560.0
261.0	9626.0
262.0	9702.0
263.0	9599.0
264.0	9950.0
265.0	9632.0
266.0	9647.0
267.0	9582.0
268.0	9967.0
269.0	9856.0
270.0	9891.0
271.0	9482.0
272.0	9739.0
273.0	9960.0
274.0	9647.0
275.0	10150.0
276.0	9861.0
277.0	10037.0
278.0	9690.0
279.0	9803.0
280.0	9859.0
281.0	9666.0
282.0	10137.0
283.0	9992.0
284.0	9786.0
285.0	10205.0
286.0	9864.0
287.0	10246.0
288.0	9659.0
289.0	10345.0
290.0	10025.0
291.0	9854.0
292.0	9688.0
293.0	10193.0
294.0	9971.0
295.0	9916.0
296.0	9574.0
297.0	9566.0
298.0	9666.0
299.0	9891.0
300.0	9955.0
301.0	9888.0
302.0	9442.0
303.0	9630.0
304.0	10042.0
305.0	9855.0
306.0	9968.0
307.0	9667.0
308.0	9883.0
309.0	9677.0
310.0	10116.0
311.0	9589.0
312.0	10132.0
313.0	9919.0
314.0	9586.0
315.0	10315.0
316.0	10030.0
317.0	9741.0
318.0	9933.0
319.0	9444.0
320.0	9629.0
321.0	9812.0
322.0	9944.0
323.0	10042.0
324.0	9829.0
325.0	9809.0
326.0	10076.0
327.0	10124.0
328.0	10006.0
329.0	9671.0
330.0	9617.0
331.0	10114.0
332.0	9705.0
333.0	9654.0
334.0	10161.0
335.0	9977.0
336.0	9945.0
337.0	10325.0
338.0	9865.0
339.0	9864.0
340.0	9698.0
341.0	10260.0
342.0	9580.0
343.0	10073.0
344.0	9941.0
345.0	9509.0
346.0	9637.0
347.0	9578.0
348.0	9745.0
349.0	10124.0
350.0	9567.0
351.0	9945.0
352.0	9862.0
353.0	10163.0
354.0	9443.0
355.0	10223.0
356.0	9748.0
357.0	9626.0
358.0	9766.0
359.0	9358.0
360.0	9827.0
361.0	9629.0
362.0	9713.0
363.0	9316.0
364.0	9945.0
365.0	9554.0
366.0	9468.0
367.0	9735.0
368.0	9825.0
369.0	9613.0
370.0	9744.0
371.0	9396.0
372.0	9672.0
373.0	9523.0
374.0	9629.0
375.0	9757.0
376.0	9504.0
377.0	9948.0
378.0	9784.0
379.0	9434.0
380.0	9528.0
381.0	9515.0
382.0	9212.0
383.0	9452.0
384.0	10428.0
385.0	9228.0
386.0	9740.0
387.0	9663.0
388.0	9954.0
389.0	9507.0
390.0	9627.0
391.0	9505.0
392.0	10262.0
393.0	9597.0
394.0	9884.0
395.0	9660.0
396.0	9462.0
397.0	9966.0
398.0	9340.0
399.0	9946.0
400.0	9955.0
401.0	9387.0
402.0	9975.0
403.0	9657.0
404.0	9984.0
405.0	9436.0
406.0	9717.0
407.0	9674.0
408.0	9631.0
409.0	9466.0
410.0	10095.0
411.0	9769.0
412.0	9619.0
413.0	9818.0
414.0	9429.0
415.0	9769.0
416.0	9761.0
417.0	9712.0
418.0	9601.0
419.0	9810.0
420.0	9682.0
421.0	9714.0
422.0	9574.0
423.0	9733.0
424.0	10146.0
425.0	9484.0
426.0	9749.0
427.0	9967.0
428.0	9583.0
429.0	9505.0
430.0	10271.0
431.0	9747.0
432.0	9993.0
433.0	9445.0
434.0	10006.0
435.0	9482.0
436.0	9967.0
437.0	9541.0
438.0	9804.0
439.0	9838.0
440.0	10022.0
441.0	10287.0
442.0	9968.0
443.0	9710.0
444.0	10120.0
445.0	9443.0
446.0	9724.0
447.0	9470.0
448.0	9796.0
449.0	10077.0
450.0	9593.0
451.0	9863.0
452.0	9632.0
453.0	9756.0
454.0	10197.0
455.0	9235.0
456.0	9464.0
457.0	9563.0
458.0	9522.0
459.0	9169.0
460.0	9436.0
461.0	9547.0
462.0	9768.0
463.0	9861.0
464.0	9514.0
465.0	9806.0
466.0	9815.0
467.0	9750.0
468.0	9907.0
469.0	9492.0
470.0	9796.0
471.0	9850.0
472.0	9742.0
473.0	9535.0
474.0	9931.0
475.0	9453.0
476.0	9617.0
477.0	9295.0
478.0	10093.0
479.0	9586.0
480.0	9310.0
481.0	9940.0
482.0	9818.0
483.0	9870.0
484.0	9698.0
485.0	8888.0
486.0	9225.0
487.0	9980.0
488.0	9855.0
489.0	10340.0
490.0	9629.0
491.0	9582.0
492.0	9874.0
493.0	10048.0
494.0	10145.0
495.0	9637.0
496.0	9987.0
497.0	9936.0
498.0	9747.0
499.0	9858.0
500.0	10152.0
501.0	9456.0
502.0	9882.0
503.0	9813.0
504.0	9444.0
505.0	9948.0
506.0	9860.0
507.0	9679.0
508.0	9792.0
509.0	10072.0
510.0	9793.0
511.0	9965.0
512.0	9701.0
513.0	9742.0
514.0	10688.0
515.0	9902.0
516.0	9803.0
517.0	9615.0
518.0	9631.0
519.0	10103.0
520.0	9922.0
521.0	9733.0
522.0	9535.0
523.0	9771.0
524.0	9651.0
525.0	9516.0
526.0	10059.0
527.0	10063.0
528.0	9842.0
529.0	10407.0
530.0	10276.0
531.0	10124.0
532.0	9682.0
533.0	9861.0
534.0	9816.0
535.0	10237.0
536.0	10174.0
537.0	9709.0
538.0	9857.0
539.0	9792.0
540.0	9832.0
541.0	10166.0
542.0	9870.0
543.0	9892.0
544.0	9949.0
545.0	9972.0
546.0	9941.0
547.0	9554.0
548.0	10013.0
549.0	10322.0
550.0	9849.0
551.0	10051.0
552.0	9953.0
553.0	9944.0
554.0	9725.0
555.0	10238.0
556.0	10272.0
557.0	10283.0
558.0	9933.0
559.0	9769.0
560.0	9986.0
561.0	10022.0
562.0	9678.0
563.0	9717.0
564.0	9586.0
565.0	9961.0
566.0	10318.0
567.0	9430.0
568.0	9973.0
569.0	9640.0
570.0	10338.0
571.0	9787.0
572.0	10058.0
573.0	9650.0
574.0	9868.0
575.0	10011.0
576.0	10332.0
577.0	9944.0
578.0	9905.0
579.0	9784.0
580.0	9725.0
581.0	9971.0
582.0	10240.0
583.0	9541.0
584.0	9536.0
585.0	9589.0
586.0	9810.0
587.0	10138.0
588.0	10161.0
589.0	9306.0
590.0	10043.0
591.0	9902.0
592.0	9690.0
593.0	9684.0
594.0	10019.0
595.0	9891.0
596.0	9683.0
597.0	9697.0
598.0	9752.0
599.0	9971.0
600.0	10031.0
601.0	9414.0
602.0	10022.0
603.0	9769.0
604.0	9545.0
605.0	10144.0
606.0	9955.0
607.0	9506.0
608.0	9676.0
609.0	10197.0
610.0	10204.0
611.0	9898.0
612.0	9464.0
613.0	9243.0
614.0	9757.0
615.0	9711.0
616.0	10403.0
617.0	9877.0
618.0	10032.0
619.0	9687.0
620.0	9413.0
621.0	9540.0
622.0	9655.0
623.0	9792.0
624.0	9666.0
625.0	9427.0
626.0	9687.0
627.0	9620.0
628.0	9322.0
629.0	10281.0
630.0	9813.0
631.0	9842.0
632.0	9434.0
633.0	9316.0
634.0	9657.0
635.0	9878.0
636.0	10236.0
637.0	9476.0
638.0	9772.0
639.0	9815.0
640.0	9769.0
641.0	9432.0
642.0	9378.0
643.0	9491.0
644.0	9596.0
645.0	9945.0
646.0	9835.0
647.0	9603.0
648.0	9815.0
649.0	9671.0
650.0	9888.0
651.0	10126.0
652.0	9277.0
653.0	9638.0
654.0	9969.0
655.0	9776.0
656.0	9684.0
657.0	9653.0
658.0	9678.0
659.0	9803.0
660.0	9560.0
661.0	9608.0
662.0	9434.0
663.0	9237.0
664.0	9803.0
665.0	9586.0
666.0	9508.0
667.0	9587.0
668.0	9485.0
669.0	9548.0
670.0	9903.0
671.0	9374.0
672.0	9832.0
673.0	9653.0
674.0	9692.0
675.0	9738.0
676.0	9824.0
677.0	9421.0
678.0	9930.0
679.0	9168.0
680.0	9873.0
681.0	9650.0
682.0	9893.0
683.0	9602.0
684.0	10033.0
685.0	9175.0
686.0	9587.0
687.0	9640.0
688.0	9944.0
689.0	9678.0
690.0	9520.0
691.0	9664.0
692.0	9575.0
693.0	9748.0
694.0	9338.0
695.0	9422.0
696.0	9811.0
697.0	9615.0
698.0	9705.0
699.0	9462.0
700.0	10121.0
701.0	9721.0
702.0	10029.0
703.0	9505.0
704.0	9623.0
705.0	9395.0
706.0	10031.0
707.0	9693.0
708.0	9591.0
709.0	9282.0
710.0	9737.0
711.0	9850.0
712.0	9517.0
713.0	9575.0
714.0	9712.0
715.0	9569.0
716.0	9898.0
717.0	9482.0
718.0	9328.0
719.0	9555.0
720.0	9597.0
721.0	9816.0
722.0	9492.0
723.0	10228.0
724.0	10262.0
725.0	9937.0
726.0	9722.0
727.0	10075.0
728.0	9700.0
729.0	9503.0
730.0	9768.0
731.0	9434.0
732.0	9812.0
733.0	9489.0
734.0	9756.0
735.0	9865.0
736.0	9819.0
737.0	9729.0
738.0	9458.0
739.0	9914.0
740.0	9717.0
741.0	9986.0
742.0	9447.0
743.0	9943.0
744.0	9695.0
745.0	9756.0
746.0	9532.0
747.0	9583.0
748.0	9571.0
749.0	9417.0
750.0	9991.0
751.0	9339.0
752.0	9378.0
753.0	9752.0
754.0	9315.0
755.0	9580.0
756.0	9717.0
757.0	9705.0
758.0	9849.0
759.0	9575.0
760.0	9760.0
761.0	9295.0
762.0	9569.0
763.0	9485.0
764.0	9497.0
765.0	9626.0
766.0	9825.0
767.0	10031.0
768.0	9470.0
769.0	9783.0
770.0	9614.0
771.0	9634.0
772.0	9421.0
773.0	9992.0
774.0	9736.0
775.0	9958.0
776.0	9501.0
777.0	9991.0
778.0	9223.0
779.0	9738.0
780.0	9575.0
781.0	10120.0
782.0	9833.0
783.0	9582.0
784.0	10010.0
785.0	9556.0
786.0	9900.0
787.0	9791.0
788.0	9377.0
789.0	9238.0
790.0	10037.0
791.0	9803.0
792.0	10273.0
793.0	9687.0
794.0	9979.0
795.0	10173.0
796.0	9773.0
797.0	9747.0
798.0	9517.0
799.0	9807.0
800.0	10032.0
