$itime = 500
$wv_start = 190.0
$hv = 1000
$grating = 2 1200 g/mm BLZ= 500  nm
$x_amps = 10
$x_volts = 45
$sample = DB2331
$date = 2023-06-07
$temp = 272.0
$wv_stop = 800.0
$time = 07:43:19.820000
$wv_step = 1.0
190.0	9434.0
191.0	9261.0
192.0	9303.0
193.0	9075.0
194.0	9208.0
195.0	8820.0
196.0	9131.0
197.0	9088.0
198.0	9382.0
199.0	9406.0
200.0	9236.0
201.0	9655.0
202.0	9953.0
203.0	8977.0
204.0	9418.0
205.0	9249.0
206.0	8994.0
207.0	9324.0
208.0	9309.0
209.0	9092.0
210.0	9711.0
211.0	9548.0
212.0	9027.0
213.0	9622.0
214.0	9134.0
215.0	9433.0
216.0	9252.0
217.0	9111.0
218.0	9402.0
219.0	9176.0
220.0	9394.0
221.0	9308.0
222.0	9063.0
223.0	9493.0
224.0	9100.0
225.0	8986.0
226.0	9219.0
227.0	9038.0
228.0	9118.0
229.0	8958.0
230.0	9163.0
231.0	9442.0
232.0	9372.0
233.0	8936.0
234.0	9017.0
235.0	9444.0
236.0	9199.0
237.0	9217.0
238.0	9244.0
239.0	9417.0
240.0	9483.0
241.0	9224.0
242.0	9501.0
243.0	9548.0
244.0	9622.0
245.0	8922.0
246.0	9078.0
247.0	9151.0
248.0	9100.0
249.0	9188.0
250.0	9703.0
251.0	9579.0
252.0	9405.0
253.0	8916.0
254.0	8939.0
255.0	9358.0
256.0	9104.0
257.0	9417.0
258.0	9618.0
259.0	9129.0
260.0	9367.0
261.0	9124.0
262.0	9254.0
263.0	9272.0
264.0	9307.0
265.0	9467.0
266.0	9251.0
267.0	9281.0
268.0	9402.0
269.0	9430.0
270.0	9197.0
271.0	9301.0
272.0	9607.0
273.0	9493.0
274.0	9529.0
275.0	9641.0
276.0	8713.0
277.0	9324.0
278.0	9951.0
279.0	9467.0
280.0	9436.0
281.0	9318.0
282.0	8909.0
283.0	9833.0
284.0	9202.0
285.0	9304.0
286.0	9423.0
287.0	8981.0
288.0	9358.0
289.0	9657.0
290.0	9419.0
291.0	9790.0
292.0	8929.0
293.0	9805.0
294.0	9473.0
295.0	9581.0
296.0	9512.0
297.0	9426.0
298.0	9594.0
299.0	9326.0
300.0	9161.0
301.0	9562.0
302.0	9581.0
303.0	9379.0
304.0	9931.0
305.0	9324.0
306.0	9578.0
307.0	8939.0
308.0	9327.0
309.0	9281.0
310.0	9283.0
311.0	9309.0
312.0	9548.0
313.0	9330.0
314.0	9701.0
315.0	9238.0
316.0	9869.0
317.0	9382.0
318.0	9476.0
319.0	8991.0
320.0	9319.0
321.0	9576.0
322.0	9931.0
323.0	9264.0
324.0	9251.0
325.0	9240.0
326.0	9567.0
327.0	9735.0
328.0	9581.0
329.0	9685.0
330.0	9896.0
331.0	9485.0
332.0	9327.0
333.0	9912.0
334.0	9166.0
335.0	9532.0
336.0	9236.0
337.0	9563.0
338.0	9325.0
339.0	9485.0
340.0	9482.0
341.0	9495.0
342.0	9483.0
343.0	9541.0
344.0	8992.0
345.0	8929.0
346.0	9266.0
347.0	9422.0
348.0	9113.0
349.0	9446.0
350.0	8926.0
351.0	9155.0
352.0	9423.0
353.0	9002.0
354.0	8964.0
355.0	9363.0
356.0	9131.0
357.0	8878.0
358.0	9013.0
359.0	9278.0
360.0	8763.0
361.0	9315.0
362.0	9339.0
363.0	9261.0
364.0	9408.0
365.0	9245.0
366.0	9118.0
367.0	9199.0
368.0	9645.0
369.0	9409.0
370.0	9063.0
371.0	9741.0
372.0	9221.0
373.0	9417.0
374.0	9533.0
375.0	9175.0
376.0	9216.0
377.0	9712.0
378.0	9034.0
379.0	9074.0
380.0	8991.0
381.0	9204.0
382.0	8502.0
383.0	9380.0
384.0	9054.0
385.0	9290.0
386.0	9428.0
387.0	8835.0
388.0	9523.0
389.0	9180.0
390.0	9444.0
391.0	9179.0
392.0	9254.0
393.0	9402.0
394.0	9219.0
395.0	9128.0
396.0	9198.0
397.0	9003.0
398.0	9163.0
399.0	9393.0
400.0	9133.0
401.0	8996.0
402.0	8966.0
403.0	8983.0
404.0	9248.0
405.0	9566.0
406.0	8969.0
407.0	9324.0
408.0	9762.0
409.0	9242.0
410.0	9465.0
411.0	9254.0
412.0	9589.0
413.0	9721.0
414.0	9327.0
415.0	9058.0
416.0	8886.0
417.0	9505.0
418.0	9247.0
419.0	9173.0
420.0	8984.0
421.0	9380.0
422.0	9208.0
423.0	9239.0
424.0	9271.0
425.0	9340.0
426.0	9752.0
427.0	9506.0
428.0	9486.0
429.0	9009.0
430.0	9056.0
431.0	8991.0
432.0	9313.0
433.0	9326.0
434.0	9634.0
435.0	9027.0
436.0	9067.0
437.0	8794.0
438.0	8726.0
439.0	9374.0
440.0	9288.0
441.0	9767.0
442.0	9433.0
443.0	9464.0
444.0	9048.0
445.0	9019.0
446.0	9562.0
447.0	8892.0
448.0	8739.0
449.0	9341.0
450.0	9373.0
451.0	9299.0
452.0	9453.0
453.0	9214.0
454.0	9542.0
455.0	9457.0
456.0	9169.0
457.0	9435.0
458.0	8809.0
459.0	9770.0
460.0	9349.0
461.0	8746.0
462.0	9268.0
463.0	8959.0
464.0	9005.0
465.0	8898.0
466.0	9161.0
467.0	9058.0
468.0	8946.0
469.0	9092.0
470.0	9521.0
471.0	9075.0
472.0	9543.0
473.0	9434.0
474.0	9100.0
475.0	9509.0
476.0	9533.0
477.0	9544.0
478.0	9396.0
479.0	9415.0
480.0	9100.0
481.0	9628.0
482.0	9346.0
483.0	9443.0
484.0	9510.0
485.0	9038.0
486.0	9442.0
487.0	9510.0
488.0	9542.0
489.0	9630.0
490.0	9634.0
491.0	9486.0
492.0	9680.0
493.0	9457.0
494.0	9937.0
495.0	9246.0
496.0	9290.0
497.0	9319.0
498.0	9362.0
499.0	9124.0
500.0	9770.0
501.0	9593.0
502.0	9485.0
503.0	9164.0
504.0	9615.0
505.0	9478.0
506.0	9270.0
507.0	9443.0
508.0	9511.0
509.0	9209.0
510.0	9632.0
511.0	9430.0
512.0	9290.0
513.0	9515.0
514.0	9554.0
515.0	9176.0
516.0	9466.0
517.0	9395.0
518.0	9967.0
519.0	9483.0
520.0	9384.0
521.0	9203.0
522.0	9390.0
523.0	9491.0
524.0	9685.0
525.0	9352.0
526.0	9263.0
527.0	9208.0
528.0	9199.0
529.0	9815.0
530.0	9200.0
531.0	9697.0
532.0	9235.0
533.0	9420.0
534.0	9219.0
535.0	9864.0
536.0	9443.0
537.0	9242.0
538.0	9261.0
539.0	9678.0
540.0	9851.0
541.0	9810.0
542.0	9558.0
543.0	9211.0
544.0	8864.0
545.0	10013.0
546.0	9825.0
547.0	9372.0
548.0	9092.0
549.0	9596.0
550.0	9235.0
551.0	9263.0
552.0	9355.0
553.0	9299.0
554.0	9878.0
555.0	9580.0
556.0	9083.0
557.0	9275.0
558.0	9308.0
559.0	9811.0
560.0	9655.0
561.0	8967.0
562.0	9287.0
563.0	9424.0
564.0	9561.0
565.0	9345.0
566.0	9343.0
567.0	9429.0
568.0	9589.0
569.0	9804.0
570.0	9765.0
571.0	9227.0
572.0	9380.0
573.0	9164.0
574.0	9398.0
575.0	9372.0
576.0	9235.0
577.0	9725.0
578.0	8950.0
579.0	9215.0
580.0	9279.0
581.0	9599.0
582.0	9700.0
583.0	9552.0
584.0	9092.0
585.0	9075.0
586.0	9181.0
587.0	9183.0
588.0	9402.0
589.0	8889.0
590.0	9187.0
591.0	9378.0
592.0	9328.0
593.0	9243.0
594.0	9934.0
595.0	9483.0
596.0	9486.0
597.0	8858.0
598.0	9217.0
599.0	9244.0
600.0	8907.0
601.0	9075.0
602.0	9495.0
603.0	9426.0
604.0	9297.0
605.0	9439.0
606.0	9607.0
607.0	9506.0
608.0	9152.0
609.0	9493.0
610.0	9223.0
611.0	8835.0
612.0	9657.0
613.0	9127.0
614.0	9157.0
615.0	9152.0
616.0	9504.0
617.0	9437.0
618.0	9198.0
619.0	9380.0
620.0	9178.0
621.0	9112.0
622.0	9385.0
623.0	9155.0
624.0	9585.0
625.0	9433.0
626.0	9450.0
627.0	9312.0
628.0	9316.0
629.0	9624.0
630.0	9122.0
631.0	9433.0
632.0	9233.0
633.0	9232.0
634.0	9795.0
635.0	9229.0
636.0	9393.0
637.0	9930.0
638.0	9554.0
639.0	9496.0
640.0	8984.0
641.0	9182.0
642.0	9380.0
643.0	9527.0
644.0	9155.0
645.0	9849.0
646.0	9017.0
647.0	9808.0
648.0	9599.0
649.0	9422.0
650.0	9040.0
651.0	9632.0
652.0	8735.0
653.0	8964.0
654.0	9548.0
655.0	9144.0
656.0	9368.0
657.0	9135.0
658.0	9563.0
659.0	9533.0
660.0	9255.0
661.0	9471.0
662.0	9043.0
663.0	9422.0
664.0	9231.0
665.0	9618.0
666.0	9659.0
667.0	9474.0
668.0	9575.0
669.0	8747.0
670.0	9536.0
671.0	9025.0
672.0	9324.0
673.0	9542.0
674.0	9542.0
675.0	9431.0
676.0	9207.0
677.0	9251.0
678.0	9104.0
679.0	9107.0
680.0	9210.0
681.0	8935.0
682.0	9148.0
683.0	9292.0
684.0	9280.0
685.0	9182.0
686.0	9066.0
687.0	9141.0
688.0	9312.0
689.0	9066.0
690.0	9431.0
691.0	9025.0
692.0	9002.0
693.0	8802.0
694.0	8992.0
695.0	9141.0
696.0	8929.0
697.0	8825.0
698.0	9246.0
699.0	9471.0
700.0	9597.0
701.0	9307.0
702.0	9118.0
703.0	9423.0
704.0	9325.0
705.0	9246.0
706.0	9277.0
707.0	9061.0
708.0	9036.0
709.0	8929.0
710.0	9413.0
711.0	9422.0
712.0	8960.0
713.0	9447.0
714.0	8891.0
715.0	9428.0
716.0	8857.0
717.0	8860.0
718.0	9066.0
719.0	8941.0
720.0	9263.0
721.0	8807.0
722.0	9169.0
723.0	9158.0
724.0	9503.0
725.0	9254.0
726.0	8995.0
727.0	8839.0
728.0	9242.0
729.0	9214.0
730.0	9486.0
731.0	9446.0
732.0	9029.0
733.0	9218.0
734.0	9256.0
735.0	9973.0
736.0	9127.0
737.0	9422.0
738.0	9435.0
739.0	8582.0
740.0	9232.0
741.0	9689.0
742.0	9345.0
743.0	9187.0
744.0	9718.0
745.0	9664.0
746.0	9431.0
747.0	9076.0
748.0	9193.0
749.0	8752.0
750.0	9025.0
751.0	9349.0
752.0	9424.0
753.0	8829.0
754.0	9188.0
755.0	9646.0
756.0	9190.0
757.0	9459.0
758.0	9020.0
759.0	9447.0
760.0	9559.0
761.0	9588.0
762.0	9085.0
763.0	9128.0
764.0	9373.0
765.0	9181.0
766.0	8881.0
767.0	9129.0
768.0	9062.0
769.0	9243.0
770.0	9301.0
771.0	9670.0
772.0	9402.0
773.0	9020.0
774.0	9331.0
775.0	9123.0
776.0	8878.0
777.0	8835.0
778.0	9059.0
779.0	9372.0
780.0	9568.0
781.0	9409.0
782.0	8980.0
783.0	9442.0
784.0	9066.0
785.0	9169.0
786.0	9439.0
787.0	9299.0
788.0	9201.0
789.0	9139.0
790.0	9422.0
791.0	9030.0
792.0	9151.0
793.0	9084.0
794.0	9067.0
795.0	9506.0
796.0	9204.0
797.0	9551.0
798.0	9258.0
799.0	9086.0
800.0	9234.0
