$itime = 500
$wv_start = 190.0
$hv = 1000
$grating = 2 1200 g/mm BLZ= 500  nm
$x_amps = 10
$x_volts = 45
$sample = DB2331
$date = 2023-06-07
$temp = 112.0
$wv_stop = 800.0
$time = 09:33:34.598000
$wv_step = 1.0
190.0	9948.0
191.0	10120.0
192.0	10581.0
193.0	10541.0
194.0	9810.0
195.0	10184.0
196.0	10154.0
197.0	10967.0
198.0	10430.0
199.0	10522.0
200.0	10440.0
201.0	9922.0
202.0	10318.0
203.0	10256.0
204.0	10197.0
205.0	10458.0
206.0	10371.0
207.0	10520.0
208.0	10033.0
209.0	10066.0
210.0	10350.0
211.0	10314.0
212.0	10625.0
213.0	10243.0
214.0	10161.0
215.0	10172.0
216.0	9922.0
217.0	10160.0
218.0	9803.0
219.0	10207.0
220.0	10244.0
221.0	10468.0
222.0	10389.0
223.0	10375.0
224.0	10558.0
225.0	10177.0
226.0	10382.0
227.0	10620.0
228.0	10428.0
229.0	10116.0
230.0	10375.0
231.0	10364.0
232.0	10034.0
233.0	10477.0
234.0	10340.0
235.0	9921.0
236.0	10538.0
237.0	10608.0
238.0	10141.0
239.0	10910.0
240.0	9971.0
241.0	10363.0
242.0	10037.0
243.0	9993.0
244.0	10292.0
245.0	10103.0
246.0	10647.0
247.0	10187.0
248.0	10358.0
249.0	10313.0
250.0	11162.0
251.0	10447.0
252.0	10261.0
253.0	10220.0
254.0	10437.0
255.0	10079.0
256.0	10141.0
257.0	10188.0
258.0	9971.0
259.0	10520.0
260.0	10383.0
261.0	10346.0
262.0	10435.0
263.0	10310.0
264.0	10493.0
265.0	10595.0
266.0	10264.0
267.0	10647.0
268.0	9993.0
269.0	10261.0
270.0	10647.0
271.0	10233.0
272.0	10484.0
273.0	10317.0
274.0	10257.0
275.0	9748.0
276.0	10249.0
277.0	10691.0
278.0	10317.0
279.0	9687.0
280.0	10338.0
281.0	10720.0
282.0	10260.0
283.0	10379.0
284.0	10788.0
285.0	10897.0
286.0	10691.0
287.0	10622.0
288.0	10340.0
289.0	10855.0
290.0	10527.0
291.0	10637.0
292.0	10596.0
293.0	10324.0
294.0	10861.0
295.0	10713.0
296.0	10839.0
297.0	10913.0
298.0	10310.0
299.0	10960.0
300.0	10448.0
301.0	10063.0
302.0	10505.0
303.0	10677.0
304.0	10453.0
305.0	10558.0
306.0	10528.0
307.0	10519.0
308.0	10697.0
309.0	10218.0
310.0	10487.0
311.0	10647.0
312.0	9943.0
313.0	10841.0
314.0	10644.0
315.0	10549.0
316.0	10679.0
317.0	11098.0
318.0	10592.0
319.0	10667.0
320.0	10211.0
321.0	10389.0
322.0	10452.0
323.0	10613.0
324.0	10602.0
325.0	10623.0
326.0	10826.0
327.0	10583.0
328.0	10156.0
329.0	10310.0
330.0	10136.0
331.0	10806.0
332.0	10766.0
333.0	10712.0
334.0	10370.0
335.0	10660.0
336.0	10255.0
337.0	10637.0
338.0	10111.0
339.0	10921.0
340.0	10826.0
341.0	10535.0
342.0	10771.0
343.0	10140.0
344.0	10210.0
345.0	10660.0
346.0	10150.0
347.0	10400.0
348.0	10624.0
349.0	10678.0
350.0	10319.0
351.0	10606.0
352.0	10580.0
353.0	10254.0
354.0	9945.0
355.0	10009.0
356.0	10082.0
357.0	9738.0
358.0	10322.0
359.0	10730.0
360.0	10351.0
361.0	10549.0
362.0	10535.0
363.0	10317.0
364.0	10481.0
365.0	9519.0
366.0	10613.0
367.0	9622.0
368.0	10084.0
369.0	10206.0
370.0	10512.0
371.0	10531.0
372.0	10401.0
373.0	10244.0
374.0	10370.0
375.0	9988.0
376.0	10357.0
377.0	10532.0
378.0	9935.0
379.0	10281.0
380.0	10172.0
381.0	10182.0
382.0	10605.0
383.0	10218.0
384.0	10392.0
385.0	9936.0
386.0	10337.0
387.0	9900.0
388.0	10039.0
389.0	10309.0
390.0	10042.0
391.0	10545.0
392.0	10642.0
393.0	10439.0
394.0	10726.0
395.0	10542.0
396.0	10665.0
397.0	10271.0
398.0	10022.0
399.0	10526.0
400.0	10481.0
401.0	10320.0
402.0	10230.0
403.0	10257.0
404.0	10120.0
405.0	10083.0
406.0	10467.0
407.0	10243.0
408.0	10187.0
409.0	10577.0
410.0	9852.0
411.0	9935.0
412.0	10346.0
413.0	10136.0
414.0	10621.0
415.0	9954.0
416.0	10512.0
417.0	10373.0
418.0	10439.0
419.0	10450.0
420.0	10229.0
421.0	10448.0
422.0	10167.0
423.0	11079.0
424.0	10120.0
425.0	10542.0
426.0	10568.0
427.0	10233.0
428.0	10186.0
429.0	10188.0
430.0	10468.0
431.0	10034.0
432.0	10233.0
433.0	10285.0
434.0	10455.0
435.0	10279.0
436.0	10408.0
437.0	10677.0
438.0	10266.0
439.0	10064.0
440.0	10582.0
441.0	10504.0
442.0	10509.0
443.0	10091.0
444.0	9944.0
445.0	10349.0
446.0	10101.0
447.0	10408.0
448.0	10124.0
449.0	10239.0
450.0	10000.0
451.0	9995.0
452.0	9802.0
453.0	10215.0
454.0	10215.0
455.0	9982.0
456.0	10265.0
457.0	9775.0
458.0	10119.0
459.0	10439.0
460.0	10347.0
461.0	10058.0
462.0	9948.0
463.0	10222.0
464.0	10307.0
465.0	10364.0
466.0	10718.0
467.0	10715.0
468.0	10283.0
469.0	10465.0
470.0	10553.0
471.0	11518.0
472.0	10611.0
473.0	10621.0
474.0	10847.0
475.0	11066.0
476.0	10821.0
477.0	10877.0
478.0	10583.0
479.0	11165.0
480.0	11036.0
481.0	10699.0
482.0	11203.0
483.0	10960.0
484.0	11005.0
485.0	10992.0
486.0	11491.0
487.0	10892.0
488.0	10788.0
489.0	10463.0
490.0	10767.0
491.0	10872.0
492.0	11040.0
493.0	10827.0
494.0	10867.0
495.0	11047.0
496.0	10562.0
497.0	10982.0
498.0	11250.0
499.0	10723.0
500.0	11500.0
501.0	11335.0
502.0	10828.0
503.0	11171.0
504.0	11353.0
505.0	11351.0
506.0	10849.0
507.0	11042.0
508.0	11306.0
509.0	10670.0
510.0	11397.0
511.0	10904.0
512.0	10700.0
513.0	11243.0
514.0	10877.0
515.0	11317.0
516.0	11066.0
517.0	11353.0
518.0	10925.0
519.0	11416.0
520.0	11389.0
521.0	10871.0
522.0	10612.0
523.0	10875.0
524.0	11116.0
525.0	10971.0
526.0	10711.0
527.0	10907.0
528.0	11103.0
529.0	11415.0
530.0	11025.0
531.0	10678.0
532.0	10536.0
533.0	10959.0
534.0	10836.0
535.0	10960.0
536.0	11111.0
537.0	10877.0
538.0	10773.0
539.0	10966.0
540.0	11497.0
541.0	10684.0
542.0	11035.0
543.0	10866.0
544.0	10785.0
545.0	10605.0
546.0	10724.0
547.0	10982.0
548.0	10910.0
549.0	11005.0
550.0	11188.0
551.0	10513.0
552.0	10637.0
553.0	10864.0
554.0	10724.0
555.0	10736.0
556.0	10236.0
557.0	10896.0
558.0	10638.0
559.0	10664.0
560.0	10756.0
561.0	10217.0
562.0	10658.0
563.0	10713.0
564.0	10730.0
565.0	10231.0
566.0	10667.0
567.0	10703.0
568.0	10911.0
569.0	10520.0
570.0	10902.0
571.0	10582.0
572.0	10518.0
573.0	10518.0
574.0	10788.0
575.0	10682.0
576.0	10915.0
577.0	10221.0
578.0	10614.0
579.0	11120.0
580.0	10774.0
581.0	10532.0
582.0	10423.0
583.0	10849.0
584.0	10908.0
585.0	10983.0
586.0	10321.0
587.0	10596.0
588.0	10392.0
589.0	10199.0
590.0	10902.0
591.0	10461.0
592.0	10100.0
593.0	11344.0
594.0	11122.0
595.0	10611.0
596.0	10583.0
597.0	10365.0
598.0	10979.0
599.0	10843.0
600.0	10444.0
601.0	9965.0
602.0	10813.0
603.0	10399.0
604.0	10260.0
605.0	10518.0
606.0	10241.0
607.0	10629.0
608.0	11186.0
609.0	10346.0
610.0	10227.0
611.0	10938.0
612.0	10442.0
613.0	10549.0
614.0	10204.0
615.0	10374.0
616.0	10459.0
617.0	10901.0
618.0	10604.0
619.0	10604.0
620.0	10728.0
621.0	10321.0
622.0	10461.0
623.0	10553.0
624.0	10403.0
625.0	10645.0
626.0	10357.0
627.0	10287.0
628.0	10647.0
629.0	10017.0
630.0	10309.0
631.0	10392.0
632.0	10405.0
633.0	10919.0
634.0	10069.0
635.0	10571.0
636.0	10060.0
637.0	10255.0
638.0	10631.0
639.0	10577.0
640.0	10450.0
641.0	10613.0
642.0	10145.0
643.0	10287.0
644.0	10850.0
645.0	10745.0
646.0	10813.0
647.0	10261.0
648.0	10205.0
649.0	10269.0
650.0	10468.0
651.0	10381.0
652.0	10256.0
653.0	10198.0
654.0	10090.0
655.0	10352.0
656.0	10409.0
657.0	10089.0
658.0	10638.0
659.0	10468.0
660.0	10947.0
661.0	10409.0
662.0	10682.0
663.0	10285.0
664.0	10706.0
665.0	10430.0
666.0	10446.0
667.0	10591.0
668.0	10414.0
669.0	10189.0
670.0	10290.0
671.0	10743.0
672.0	10439.0
673.0	10011.0
674.0	10536.0
675.0	10644.0
676.0	10359.0
677.0	10364.0
678.0	10822.0
679.0	9962.0
680.0	10676.0
681.0	10286.0
682.0	10512.0
683.0	9940.0
684.0	10202.0
685.0	10168.0
686.0	10257.0
687.0	10712.0
688.0	10511.0
689.0	10028.0
690.0	9657.0
691.0	10238.0
692.0	10283.0
693.0	9898.0
694.0	10404.0
695.0	10533.0
696.0	10522.0
697.0	10518.0
698.0	9832.0
699.0	10271.0
700.0	10455.0
701.0	10496.0
702.0	10407.0
703.0	10173.0
704.0	10173.0
705.0	9798.0
706.0	10397.0
707.0	10403.0
708.0	10273.0
709.0	10346.0
710.0	10357.0
711.0	10384.0
712.0	10082.0
713.0	10295.0
714.0	9983.0
715.0	10194.0
716.0	10167.0
717.0	10731.0
718.0	10607.0
719.0	10538.0
720.0	10666.0
721.0	10409.0
722.0	9909.0
723.0	10133.0
724.0	9721.0
725.0	10238.0
726.0	10431.0
727.0	10449.0
728.0	10334.0
729.0	10673.0
730.0	10747.0
731.0	10477.0
732.0	9963.0
733.0	10697.0
734.0	10523.0
735.0	10210.0
736.0	9982.0
737.0	9869.0
738.0	10836.0
739.0	10583.0
740.0	10173.0
741.0	10357.0
742.0	10011.0
743.0	10605.0
744.0	10193.0
745.0	9842.0
746.0	9829.0
747.0	9613.0
748.0	10556.0
749.0	10444.0
750.0	10390.0
751.0	10342.0
752.0	10137.0
753.0	10780.0
754.0	10639.0
755.0	10605.0
756.0	10372.0
757.0	10647.0
758.0	10447.0
759.0	9859.0
760.0	9929.0
761.0	10536.0
762.0	10094.0
763.0	10608.0
764.0	10384.0
765.0	10894.0
766.0	10466.0
767.0	10279.0
768.0	10572.0
769.0	10938.0
770.0	10344.0
771.0	10393.0
772.0	10233.0
773.0	10647.0
774.0	10305.0
775.0	10815.0
776.0	10384.0
777.0	10324.0
778.0	10222.0
779.0	10696.0
780.0	10017.0
781.0	10582.0
782.0	10146.0
783.0	9948.0
784.0	10139.0
785.0	10567.0
786.0	10452.0
787.0	10293.0
788.0	10141.0
789.0	10826.0
790.0	10231.0
791.0	10972.0
792.0	10204.0
793.0	10560.0
794.0	9763.0
795.0	10365.0
796.0	10654.0
797.0	10255.0
798.0	10647.0
799.0	10167.0
800.0	9776.0
