$itime = 500
$wv_start = 190.0
$hv = 1000
$grating = 2 1200 g/mm BLZ= 500  nm
$x_amps = 10
$x_volts = 45
$sample = DB2331
$date = 2023-06-07
$temp = 222.0
$wv_stop = 800.0
$time = 09:33:34.598000
$wv_step = 1.0
190.0	9191.0
191.0	9586.0
192.0	9623.0
193.0	9690.0
194.0	9621.0
195.0	9864.0
196.0	9292.0
197.0	9322.0
198.0	9568.0
199.0	9732.0
200.0	9259.0
201.0	9591.0
202.0	9769.0
203.0	9597.0
204.0	9389.0
205.0	9427.0
206.0	9691.0
207.0	9543.0
208.0	9657.0
209.0	9326.0
210.0	9297.0
211.0	9623.0
212.0	9567.0
213.0	9334.0
214.0	9328.0
215.0	9813.0
216.0	9648.0
217.0	9633.0
218.0	9480.0
219.0	9356.0
220.0	9409.0
221.0	9670.0
222.0	9522.0
223.0	9648.0
224.0	9608.0
225.0	9337.0
226.0	9480.0
227.0	10215.0
228.0	9725.0
229.0	9026.0
230.0	9973.0
231.0	9357.0
232.0	9705.0
233.0	9148.0
234.0	9208.0
235.0	9646.0
236.0	9200.0
237.0	9381.0
238.0	9240.0
239.0	9363.0
240.0	9408.0
241.0	9426.0
242.0	9914.0
243.0	9835.0
244.0	9233.0
245.0	9306.0
246.0	9547.0
247.0	9321.0
248.0	9907.0
249.0	9826.0
250.0	9857.0
251.0	9203.0
252.0	9121.0
253.0	9472.0
254.0	9639.0
255.0	9203.0
256.0	9704.0
257.0	10064.0
258.0	9709.0
259.0	9619.0
260.0	9448.0
261.0	9713.0
262.0	9563.0
263.0	9230.0
264.0	9546.0
265.0	9249.0
266.0	9629.0
267.0	9803.0
268.0	9599.0
269.0	9784.0
270.0	9813.0
271.0	9550.0
272.0	9812.0
273.0	9989.0
274.0	9678.0
275.0	9909.0
276.0	9849.0
277.0	9984.0
278.0	9734.0
279.0	9995.0
280.0	9857.0
281.0	10070.0
282.0	9784.0
283.0	9996.0
284.0	9601.0
285.0	9678.0
286.0	9666.0
287.0	10231.0
288.0	9799.0
289.0	9914.0
290.0	10135.0
291.0	9912.0
292.0	9736.0
293.0	10306.0
294.0	9669.0
295.0	9965.0
296.0	10235.0
297.0	9967.0
298.0	9567.0
299.0	9857.0
300.0	10310.0
301.0	9196.0
302.0	9465.0
303.0	9795.0
304.0	9808.0
305.0	9836.0
306.0	10076.0
307.0	9800.0
308.0	10013.0
309.0	9812.0
310.0	9583.0
311.0	9570.0
312.0	9998.0
313.0	10109.0
314.0	9272.0
315.0	10555.0
316.0	9955.0
317.0	9411.0
318.0	9951.0
319.0	10072.0
320.0	9588.0
321.0	9938.0
322.0	9624.0
323.0	10115.0
324.0	10007.0
325.0	9524.0
326.0	10025.0
327.0	9953.0
328.0	9770.0
329.0	9729.0
330.0	9513.0
331.0	9873.0
332.0	9653.0
333.0	9531.0
334.0	9632.0
335.0	9717.0
336.0	9750.0
337.0	9485.0
338.0	9658.0
339.0	9515.0
340.0	9733.0
341.0	9340.0
342.0	10191.0
343.0	10086.0
344.0	10010.0
345.0	9631.0
346.0	9744.0
347.0	9874.0
348.0	10114.0
349.0	9535.0
350.0	9729.0
351.0	9593.0
352.0	9644.0
353.0	10170.0
354.0	9593.0
355.0	9834.0
356.0	9739.0
357.0	9443.0
358.0	9547.0
359.0	9658.0
360.0	9699.0
361.0	9650.0
362.0	9449.0
363.0	9709.0
364.0	9650.0
365.0	9561.0
366.0	9626.0
367.0	9632.0
368.0	9569.0
369.0	9745.0
370.0	9827.0
371.0	9218.0
372.0	9742.0
373.0	9488.0
374.0	9495.0
375.0	9601.0
376.0	9433.0
377.0	9463.0
378.0	9485.0
379.0	9442.0
380.0	9415.0
381.0	9774.0
382.0	9687.0
383.0	9244.0
384.0	9310.0
385.0	9338.0
386.0	9341.0
387.0	10040.0
388.0	9598.0
389.0	9834.0
390.0	9346.0
391.0	9836.0
392.0	9775.0
393.0	9516.0
394.0	9547.0
395.0	9863.0
396.0	9147.0
397.0	9654.0
398.0	9989.0
399.0	9489.0
400.0	9760.0
401.0	10074.0
402.0	9307.0
403.0	9701.0
404.0	9673.0
405.0	9423.0
406.0	9951.0
407.0	9533.0
408.0	9416.0
409.0	9489.0
410.0	9079.0
411.0	9693.0
412.0	9502.0
413.0	9497.0
414.0	9369.0
415.0	9618.0
416.0	9370.0
417.0	9466.0
418.0	9307.0
419.0	10128.0
420.0	9873.0
421.0	9381.0
422.0	10203.0
423.0	9357.0
424.0	9498.0
425.0	9740.0
426.0	9691.0
427.0	9991.0
428.0	9542.0
429.0	9306.0
430.0	9625.0
431.0	9309.0
432.0	9345.0
433.0	9657.0
434.0	10120.0
435.0	9844.0
436.0	9870.0
437.0	9614.0
438.0	9478.0
439.0	9561.0
440.0	9461.0
441.0	9558.0
442.0	9564.0
443.0	9716.0
444.0	9832.0
445.0	9376.0
446.0	10034.0
447.0	9438.0
448.0	9765.0
449.0	9234.0
450.0	9857.0
451.0	9394.0
452.0	9720.0
453.0	9854.0
454.0	9933.0
455.0	9701.0
456.0	9527.0
457.0	9756.0
458.0	9385.0
459.0	9474.0
460.0	10048.0
461.0	9953.0
462.0	9705.0
463.0	9487.0
464.0	9646.0
465.0	9727.0
466.0	9567.0
467.0	9462.0
468.0	9761.0
469.0	9419.0
470.0	9588.0
471.0	9282.0
472.0	9624.0
473.0	9687.0
474.0	9441.0
475.0	9354.0
476.0	9733.0
477.0	9733.0
478.0	9657.0
479.0	9147.0
480.0	9803.0
481.0	9545.0
482.0	9814.0
483.0	9594.0
484.0	9613.0
485.0	9715.0
486.0	9725.0
487.0	9693.0
488.0	9568.0
489.0	9946.0
490.0	9569.0
491.0	9806.0
492.0	9657.0
493.0	10125.0
494.0	9800.0
495.0	9830.0
496.0	10254.0
497.0	9795.0
498.0	10199.0
499.0	9630.0
500.0	10136.0
501.0	9726.0
502.0	9716.0
503.0	10039.0
504.0	10042.0
505.0	9766.0
506.0	10338.0
507.0	9588.0
508.0	9850.0
509.0	9857.0
510.0	9968.0
511.0	9843.0
512.0	9594.0
513.0	9972.0
514.0	9767.0
515.0	9670.0
516.0	9503.0
517.0	9877.0
518.0	10162.0
519.0	9552.0
520.0	9808.0
521.0	9668.0
522.0	9592.0
523.0	9775.0
524.0	10032.0
525.0	9668.0
526.0	9743.0
527.0	9517.0
528.0	9769.0
529.0	9874.0
530.0	9617.0
531.0	9996.0
532.0	9712.0
533.0	9679.0
534.0	10007.0
535.0	9690.0
536.0	10086.0
537.0	9872.0
538.0	9563.0
539.0	9608.0
540.0	9740.0
541.0	9942.0
542.0	9650.0
543.0	9748.0
544.0	9591.0
545.0	9625.0
546.0	9683.0
547.0	10214.0
548.0	9947.0
549.0	9930.0
550.0	9541.0
551.0	9701.0
552.0	9832.0
553.0	9825.0
554.0	10290.0
555.0	9721.0
556.0	9933.0
557.0	10070.0
558.0	9733.0
559.0	9952.0
560.0	10043.0
561.0	9967.0
562.0	9645.0
563.0	9769.0
564.0	9937.0
565.0	9670.0
566.0	9471.0
567.0	9581.0
568.0	9708.0
569.0	10076.0
570.0	10332.0
571.0	9740.0
572.0	9466.0
573.0	10354.0
574.0	10279.0
575.0	9671.0
576.0	9340.0
577.0	9862.0
578.0	9404.0
579.0	10123.0
580.0	9948.0
581.0	9862.0
582.0	9284.0
583.0	10102.0
584.0	9818.0
585.0	9419.0
586.0	9965.0
587.0	9950.0
588.0	9139.0
589.0	9840.0
590.0	9589.0
591.0	9622.0
592.0	9489.0
593.0	9867.0
594.0	9925.0
595.0	9818.0
596.0	10122.0
597.0	9418.0
598.0	9709.0
599.0	9284.0
600.0	9543.0
601.0	9550.0
602.0	9944.0
603.0	9195.0
604.0	9598.0
605.0	9724.0
606.0	9730.0
607.0	9595.0
608.0	9426.0
609.0	9301.0
610.0	9509.0
611.0	9524.0
612.0	9632.0
613.0	9981.0
614.0	9652.0
615.0	9960.0
616.0	10030.0
617.0	9427.0
618.0	9439.0
619.0	9112.0
620.0	9814.0
621.0	9605.0
622.0	9709.0
623.0	10306.0
624.0	9506.0
625.0	9781.0
626.0	9218.0
627.0	9995.0
628.0	9591.0
629.0	9525.0
630.0	10113.0
631.0	9143.0
632.0	9407.0
633.0	9613.0
634.0	9320.0
635.0	10006.0
636.0	9455.0
637.0	9549.0
638.0	9582.0
639.0	9575.0
640.0	9663.0
641.0	9527.0
642.0	9885.0
643.0	9381.0
644.0	9563.0
645.0	10120.0
646.0	9541.0
647.0	9498.0
648.0	9108.0
649.0	9595.0
650.0	9457.0
651.0	9955.0
652.0	9601.0
653.0	9769.0
654.0	9147.0
655.0	9356.0
656.0	9687.0
657.0	9441.0
658.0	9678.0
659.0	9515.0
660.0	9867.0
661.0	9587.0
662.0	9353.0
663.0	9635.0
664.0	9622.0
665.0	10257.0
666.0	9757.0
667.0	9747.0
668.0	9641.0
669.0	9582.0
670.0	9461.0
671.0	9803.0
672.0	10147.0
673.0	9310.0
674.0	9541.0
675.0	9459.0
676.0	9659.0
677.0	9624.0
678.0	9482.0
679.0	9804.0
680.0	9447.0
681.0	9483.0
682.0	9658.0
683.0	10070.0
684.0	9581.0
685.0	9569.0
686.0	9641.0
687.0	9577.0
688.0	9508.0
689.0	9580.0
690.0	9650.0
691.0	9492.0
692.0	9738.0
693.0	9681.0
694.0	9226.0
695.0	9410.0
696.0	9334.0
697.0	9464.0
698.0	9612.0
699.0	9595.0
700.0	9782.0
701.0	9729.0
702.0	9638.0
703.0	9569.0
704.0	9719.0
705.0	9531.0
706.0	9646.0
707.0	9612.0
708.0	9411.0
709.0	9593.0
710.0	9972.0
711.0	9544.0
712.0	9550.0
713.0	9824.0
714.0	9562.0
715.0	9206.0
716.0	9412.0
717.0	9940.0
718.0	10011.0
719.0	9744.0
720.0	9740.0
721.0	9587.0
722.0	9449.0
723.0	9925.0
724.0	9262.0
725.0	9713.0
726.0	9668.0
727.0	9677.0
728.0	9566.0
729.0	9633.0
730.0	9662.0
731.0	9781.0
732.0	9815.0
733.0	9588.0
734.0	10096.0
735.0	9938.0
736.0	9815.0
737.0	9656.0
738.0	9498.0
739.0	9523.0
740.0	9719.0
741.0	9425.0
742.0	9684.0
743.0	9583.0
744.0	9944.0
745.0	9788.0
746.0	9425.0
747.0	9423.0
748.0	9354.0
749.0	9348.0
750.0	9112.0
751.0	9710.0
752.0	9301.0
753.0	9421.0
754.0	9124.0
755.0	9668.0
756.0	9482.0
757.0	9687.0
758.0	9116.0
759.0	9896.0
760.0	9857.0
761.0	9849.0
762.0	9924.0
763.0	9503.0
764.0	9617.0
765.0	9852.0
766.0	9690.0
767.0	9262.0
768.0	9835.0
769.0	9629.0
770.0	9709.0
771.0	9477.0
772.0	9574.0
773.0	9501.0
774.0	9136.0
775.0	9567.0
776.0	9814.0
777.0	9687.0
778.0	9498.0
779.0	9509.0
780.0	9898.0
781.0	9962.0
782.0	9952.0
783.0	9446.0
784.0	9170.0
785.0	10145.0
786.0	9262.0
787.0	9447.0
788.0	9681.0
789.0	9726.0
790.0	9240.0
791.0	9943.0
792.0	9093.0
793.0	9502.0
794.0	9536.0
795.0	9960.0
796.0	9600.0
797.0	9445.0
798.0	9821.0
799.0	10017.0
800.0	9441.0
