$itime = 500
$wv_start = 190.0
$hv = 1000
$grating = 2 1200 g/mm BLZ= 500  nm
$x_amps = 10
$x_volts = 45
$sample = DB2333
$date = 2023-06-02
$temp = 262.0
$wv_stop = 800.0
$time = 11:41:43.714000
$wv_step = 1.0
190.0	8175.0
191.0	8408.0
192.0	7917.0
193.0	8020.0
194.0	8007.0
195.0	8138.0
196.0	7830.0
197.0	8315.0
198.0	8220.0
199.0	8001.0
200.0	8489.0
201.0	8156.0
202.0	8068.0
203.0	8281.0
204.0	7897.0
205.0	7876.0
206.0	7727.0
207.0	8181.0
208.0	7897.0
209.0	8122.0
210.0	8170.0
211.0	8194.0
212.0	8234.0
213.0	8189.0
214.0	7948.0
215.0	8080.0
216.0	8190.0
217.0	7960.0
218.0	8035.0
219.0	8439.0
220.0	8480.0
221.0	8040.0
222.0	8322.0
223.0	8041.0
224.0	7862.0
225.0	8429.0
226.0	8269.0
227.0	8039.0
228.0	8027.0
229.0	7515.0
230.0	7940.0
231.0	7772.0
232.0	7867.0
233.0	8444.0
234.0	8504.0
235.0	7707.0
236.0	8458.0
237.0	8002.0
238.0	8582.0
239.0	8154.0
240.0	8295.0
241.0	8209.0
242.0	7924.0
243.0	7972.0
244.0	8351.0
245.0	8072.0
246.0	8062.0
247.0	8253.0
248.0	7789.0
249.0	8005.0
250.0	8308.0
251.0	7824.0
252.0	7974.0
253.0	7875.0
254.0	8060.0
255.0	7997.0
256.0	8050.0
257.0	7897.0
258.0	8152.0
259.0	8267.0
260.0	8141.0
261.0	8363.0
262.0	8225.0
263.0	8009.0
264.0	7711.0
265.0	8123.0
266.0	7970.0
267.0	8178.0
268.0	8167.0
269.0	8176.0
270.0	8145.0
271.0	8272.0
272.0	8275.0
273.0	8512.0
274.0	7915.0
275.0	7709.0
276.0	8035.0
277.0	8305.0
278.0	8279.0
279.0	8339.0
280.0	8155.0
281.0	8184.0
282.0	8231.0
283.0	8489.0
284.0	8672.0
285.0	8380.0
286.0	8682.0
287.0	8291.0
288.0	8192.0
289.0	8408.0
290.0	8348.0
291.0	8284.0
292.0	8134.0
293.0	8553.0
294.0	8108.0
295.0	8253.0
296.0	8381.0
297.0	8143.0
298.0	8453.0
299.0	8116.0
300.0	8037.0
301.0	8301.0
302.0	8076.0
303.0	8070.0
304.0	8494.0
305.0	8311.0
306.0	8340.0
307.0	8299.0
308.0	7973.0
309.0	7976.0
310.0	8240.0
311.0	8544.0
312.0	8085.0
313.0	8037.0
314.0	8444.0
315.0	8214.0
316.0	8166.0
317.0	8435.0
318.0	8148.0
319.0	8214.0
320.0	8352.0
321.0	8392.0
322.0	8341.0
323.0	8543.0
324.0	8399.0
325.0	7952.0
326.0	8138.0
327.0	8007.0
328.0	7926.0
329.0	8434.0
330.0	8347.0
331.0	8287.0
332.0	8307.0
333.0	8521.0
334.0	8497.0
335.0	8291.0
336.0	8295.0
337.0	8789.0
338.0	8011.0
339.0	8181.0
340.0	8191.0
341.0	7965.0
342.0	8087.0
343.0	8189.0
344.0	8301.0
345.0	7753.0
346.0	7930.0
347.0	8520.0
348.0	8442.0
349.0	8161.0
350.0	8224.0
351.0	8025.0
352.0	8105.0
353.0	8166.0
354.0	8746.0
355.0	8188.0
356.0	7900.0
357.0	8011.0
358.0	8101.0
359.0	8274.0
360.0	8269.0
361.0	7785.0
362.0	7876.0
363.0	7720.0
364.0	8238.0
365.0	7829.0
366.0	7788.0
367.0	8120.0
368.0	8541.0
369.0	8488.0
370.0	8669.0
371.0	8166.0
372.0	8059.0
373.0	7833.0
374.0	8025.0
375.0	8687.0
376.0	7931.0
377.0	8435.0
378.0	8443.0
379.0	8982.0
380.0	8058.0
381.0	8322.0
382.0	8141.0
383.0	8153.0
384.0	8327.0
385.0	8150.0
386.0	8310.0
387.0	7885.0
388.0	8081.0
389.0	8154.0
390.0	8112.0
391.0	8291.0
392.0	8609.0
393.0	8220.0
394.0	8036.0
395.0	8364.0
396.0	8524.0
397.0	8080.0
398.0	8094.0
399.0	8013.0
400.0	8064.0
401.0	8358.0
402.0	8005.0
403.0	8141.0
404.0	8064.0
405.0	8121.0
406.0	8060.0
407.0	8308.0
408.0	8115.0
409.0	8358.0
410.0	8494.0
411.0	8202.0
412.0	8291.0
413.0	8006.0
414.0	7849.0
415.0	7657.0
416.0	7927.0
417.0	8080.0
418.0	8348.0
419.0	7932.0
420.0	8197.0
421.0	8272.0
422.0	7911.0
423.0	8211.0
424.0	8438.0
425.0	8262.0
426.0	7465.0
427.0	8314.0
428.0	8279.0
429.0	8228.0
430.0	7951.0
431.0	7951.0
432.0	8769.0
433.0	7991.0
434.0	7905.0
435.0	8480.0
436.0	8349.0
437.0	8567.0
438.0	8138.0
439.0	8262.0
440.0	8544.0
441.0	7930.0
442.0	8320.0
443.0	8295.0
444.0	8104.0
445.0	8005.0
446.0	8263.0
447.0	8385.0
448.0	7814.0
449.0	7820.0
450.0	7855.0
451.0	8197.0
452.0	8327.0
453.0	8494.0
454.0	8616.0
455.0	7890.0
456.0	8535.0
457.0	8330.0
458.0	8169.0
459.0	8390.0
460.0	7999.0
461.0	8018.0
462.0	8065.0
463.0	8322.0
464.0	8547.0
465.0	7827.0
466.0	8032.0
467.0	8164.0
468.0	8160.0
469.0	8131.0
470.0	8362.0
471.0	7913.0
472.0	8259.0
473.0	8278.0
474.0	8118.0
475.0	8322.0
476.0	8360.0
477.0	8006.0
478.0	8190.0
479.0	8021.0
480.0	8240.0
481.0	7903.0
482.0	8155.0
483.0	8505.0
484.0	8007.0
485.0	7898.0
486.0	8076.0
487.0	7989.0
488.0	8338.0
489.0	7918.0
490.0	8016.0
491.0	8205.0
492.0	8220.0
493.0	8399.0
494.0	7658.0
495.0	8076.0
496.0	8163.0
497.0	7941.0
498.0	8078.0
499.0	8186.0
500.0	7927.0
501.0	7944.0
502.0	8393.0
503.0	8081.0
504.0	8253.0
505.0	8573.0
506.0	8006.0
507.0	8282.0
508.0	8300.0
509.0	8167.0
510.0	8200.0
511.0	8150.0
512.0	8625.0
513.0	7947.0
514.0	8260.0
515.0	8357.0
516.0	8359.0
517.0	7948.0
518.0	8315.0
519.0	8299.0
520.0	8392.0
521.0	8143.0
522.0	8320.0
523.0	8181.0
524.0	8330.0
525.0	8682.0
526.0	8300.0
527.0	8474.0
528.0	8116.0
529.0	8113.0
530.0	8527.0
531.0	8296.0
532.0	8542.0
533.0	8460.0
534.0	7998.0
535.0	8267.0
536.0	8297.0
537.0	8515.0
538.0	8372.0
539.0	8578.0
540.0	8695.0
541.0	8202.0
542.0	8127.0
543.0	8409.0
544.0	8337.0
545.0	8304.0
546.0	8304.0
547.0	8489.0
548.0	8590.0
549.0	8220.0
550.0	8044.0
551.0	8361.0
552.0	8617.0
553.0	8434.0
554.0	8562.0
555.0	8500.0
556.0	8283.0
557.0	8060.0
558.0	8233.0
559.0	8134.0
560.0	8141.0
561.0	8253.0
562.0	8121.0
563.0	8472.0
564.0	8447.0
565.0	8300.0
566.0	8360.0
567.0	8016.0
568.0	8319.0
569.0	8121.0
570.0	7881.0
571.0	8192.0
572.0	8338.0
573.0	8525.0
574.0	8079.0
575.0	8417.0
576.0	8103.0
577.0	8342.0
578.0	8257.0
579.0	8494.0
580.0	7950.0
581.0	8604.0
582.0	8196.0
583.0	8590.0
584.0	8194.0
585.0	8284.0
586.0	8408.0
587.0	8188.0
588.0	8489.0
589.0	8108.0
590.0	8152.0
591.0	8052.0
592.0	8310.0
593.0	8065.0
594.0	8212.0
595.0	8202.0
596.0	8722.0
597.0	8409.0
598.0	8297.0
599.0	8280.0
600.0	8036.0
601.0	8196.0
602.0	8058.0
603.0	7997.0
604.0	8310.0
605.0	8082.0
606.0	7994.0
607.0	8134.0
608.0	8285.0
609.0	8202.0
610.0	7849.0
611.0	8468.0
612.0	8104.0
613.0	8284.0
614.0	8038.0
615.0	7921.0
616.0	8341.0
617.0	8153.0
618.0	8335.0
619.0	8617.0
620.0	8207.0
621.0	8028.0
622.0	7953.0
623.0	8566.0
624.0	7933.0
625.0	8156.0
626.0	8352.0
627.0	8371.0
628.0	8297.0
629.0	7911.0
630.0	8462.0
631.0	8087.0
632.0	8385.0
633.0	8203.0
634.0	8127.0
635.0	8051.0
636.0	8353.0
637.0	8029.0
638.0	8317.0
639.0	8032.0
640.0	8148.0
641.0	8170.0
642.0	8213.0
643.0	8101.0
644.0	8208.0
645.0	8154.0
646.0	8042.0
647.0	8431.0
648.0	8005.0
649.0	8108.0
650.0	7877.0
651.0	8218.0
652.0	7954.0
653.0	8006.0
654.0	8502.0
655.0	8279.0
656.0	8197.0
657.0	8060.0
658.0	8239.0
659.0	8228.0
660.0	8394.0
661.0	8457.0
662.0	8159.0
663.0	7777.0
664.0	8198.0
665.0	8339.0
666.0	8202.0
667.0	8110.0
668.0	8277.0
669.0	7930.0
670.0	8544.0
671.0	7812.0
672.0	7538.0
673.0	7941.0
674.0	7927.0
675.0	7759.0
676.0	7841.0
677.0	8319.0
678.0	8368.0
679.0	8620.0
680.0	8130.0
681.0	8301.0
682.0	7987.0
683.0	8026.0
684.0	8235.0
685.0	8455.0
686.0	8440.0
687.0	7890.0
688.0	8412.0
689.0	8324.0
690.0	8275.0
691.0	8225.0
692.0	8092.0
693.0	8259.0
694.0	8087.0
695.0	8308.0
696.0	8133.0
697.0	7941.0
698.0	8014.0
699.0	8417.0
700.0	8348.0
701.0	8579.0
702.0	8055.0
703.0	7877.0
704.0	8061.0
705.0	7724.0
706.0	8117.0
707.0	8419.0
708.0	7567.0
709.0	8467.0
710.0	8069.0
711.0	8006.0
712.0	8385.0
713.0	7910.0
714.0	8034.0
715.0	8116.0
716.0	7736.0
717.0	8198.0
718.0	8619.0
719.0	8291.0
720.0	8397.0
721.0	8714.0
722.0	8748.0
723.0	7985.0
724.0	7916.0
725.0	7905.0
726.0	8304.0
727.0	8349.0
728.0	7763.0
729.0	8058.0
730.0	8626.0
731.0	8485.0
732.0	7752.0
733.0	8073.0
734.0	8228.0
735.0	8269.0
736.0	8036.0
737.0	7865.0
738.0	8548.0
739.0	8489.0
740.0	8162.0
741.0	8190.0
742.0	8327.0
743.0	8205.0
744.0	8685.0
745.0	8170.0
746.0	8221.0
747.0	8696.0
748.0	8219.0
749.0	7959.0
750.0	8417.0
751.0	8190.0
752.0	7613.0
753.0	8395.0
754.0	8256.0
755.0	7820.0
756.0	8358.0
757.0	8348.0
758.0	8362.0
759.0	8116.0
760.0	8221.0
761.0	8591.0
762.0	7673.0
763.0	8293.0
764.0	8506.0
765.0	8235.0
766.0	8454.0
767.0	8049.0
768.0	8015.0
769.0	8363.0
770.0	7840.0
771.0	7769.0
772.0	8114.0
773.0	8112.0
774.0	8544.0
775.0	7867.0
776.0	8293.0
777.0	8570.0
778.0	8019.0
779.0	8316.0
780.0	7876.0
781.0	7977.0
782.0	8100.0
783.0	8233.0
784.0	8013.0
785.0	7991.0
786.0	7916.0
787.0	8216.0
788.0	8439.0
789.0	8439.0
790.0	8354.0
791.0	8256.0
792.0	8313.0
793.0	7996.0
794.0	7989.0
795.0	8280.0
796.0	8294.0
797.0	7842.0
798.0	8000.0
799.0	8004.0
800.0	8289.0
