$itime = 500
$wv_start = 190.0
$hv = 1000
$grating = 2 1200 g/mm BLZ= 500  nm
$x_amps = 10
$x_volts = 45
$sample = DB2333
$date = 2023-06-02
$temp = 121.99
$wv_stop = 800.0
$time = 19:18:14.045000
$wv_step = 1.0
190.0	10049.0
191.0	9756.0
192.0	9568.0
193.0	9803.0
194.0	9690.0
195.0	9330.0
196.0	10088.0
197.0	9940.0
198.0	9979.0
199.0	9725.0
200.0	9852.0
201.0	10106.0
202.0	10188.0
203.0	9921.0
204.0	9751.0
205.0	10366.0
206.0	9881.0
207.0	9991.0
208.0	9666.0
209.0	9205.0
210.0	9757.0
211.0	9535.0
212.0	9831.0
213.0	10231.0
214.0	9676.0
215.0	9810.0
216.0	10082.0
217.0	9922.0
218.0	9861.0
219.0	9472.0
220.0	9753.0
221.0	10273.0
222.0	9756.0
223.0	10160.0
224.0	9502.0
225.0	9737.0
226.0	9987.0
227.0	9588.0
228.0	9456.0
229.0	9831.0
230.0	9788.0
231.0	9546.0
232.0	9651.0
233.0	9628.0
234.0	9653.0
235.0	9607.0
236.0	9813.0
237.0	9869.0
238.0	9819.0
239.0	9482.0
240.0	9757.0
241.0	9758.0
242.0	9573.0
243.0	9629.0
244.0	9905.0
245.0	10022.0
246.0	9813.0
247.0	9730.0
248.0	9821.0
249.0	10022.0
250.0	10243.0
251.0	9852.0
252.0	9758.0
253.0	9615.0
254.0	9644.0
255.0	9883.0
256.0	9591.0
257.0	9513.0
258.0	9752.0
259.0	9743.0
260.0	9653.0
261.0	9839.0
262.0	10011.0
263.0	9667.0
264.0	9832.0
265.0	9572.0
266.0	9794.0
267.0	9605.0
268.0	9831.0
269.0	9853.0
270.0	9915.0
271.0	9883.0
272.0	9899.0
273.0	9491.0
274.0	10298.0
275.0	9787.0
276.0	9882.0
277.0	10310.0
278.0	9978.0
279.0	9616.0
280.0	9486.0
281.0	9998.0
282.0	9852.0
283.0	9978.0
284.0	10342.0
285.0	9921.0
286.0	10072.0
287.0	9718.0
288.0	9983.0
289.0	10438.0
290.0	10446.0
291.0	9669.0
292.0	9852.0
293.0	10049.0
294.0	9752.0
295.0	10471.0
296.0	10213.0
297.0	10059.0
298.0	9655.0
299.0	9965.0
300.0	10094.0
301.0	9825.0
302.0	9636.0
303.0	9674.0
304.0	10086.0
305.0	10327.0
306.0	10383.0
307.0	10352.0
308.0	9829.0
309.0	9802.0
310.0	9666.0
311.0	10197.0
312.0	9841.0
313.0	10195.0
314.0	9806.0
315.0	9984.0
316.0	10047.0
317.0	10258.0
318.0	9670.0
319.0	10017.0
320.0	10064.0
321.0	9779.0
322.0	9502.0
323.0	9978.0
324.0	9626.0
325.0	9836.0
326.0	10053.0
327.0	10108.0
328.0	10555.0
329.0	10111.0
330.0	10106.0
331.0	9667.0
332.0	9783.0
333.0	9876.0
334.0	10009.0
335.0	10317.0
336.0	10069.0
337.0	10121.0
338.0	9890.0
339.0	9888.0
340.0	10144.0
341.0	9883.0
342.0	9549.0
343.0	9844.0
344.0	9980.0
345.0	9848.0
346.0	10260.0
347.0	9474.0
348.0	9928.0
349.0	10269.0
350.0	10082.0
351.0	9769.0
352.0	9794.0
353.0	10105.0
354.0	10168.0
355.0	9731.0
356.0	10082.0
357.0	10003.0
358.0	9911.0
359.0	9853.0
360.0	9701.0
361.0	9716.0
362.0	9784.0
363.0	9985.0
364.0	9514.0
365.0	10068.0
366.0	9566.0
367.0	9164.0
368.0	10065.0
369.0	9464.0
370.0	9769.0
371.0	9727.0
372.0	10017.0
373.0	9498.0
374.0	9943.0
375.0	9822.0
376.0	9715.0
377.0	9840.0
378.0	9965.0
379.0	9826.0
380.0	9795.0
381.0	9971.0
382.0	10216.0
383.0	9701.0
384.0	10153.0
385.0	10198.0
386.0	10317.0
387.0	9801.0
388.0	10200.0
389.0	9921.0
390.0	9868.0
391.0	9868.0
392.0	9772.0
393.0	9990.0
394.0	10385.0
395.0	9459.0
396.0	9519.0
397.0	9698.0
398.0	9843.0
399.0	10271.0
400.0	10275.0
401.0	10258.0
402.0	10125.0
403.0	9840.0
404.0	9735.0
405.0	9651.0
406.0	9770.0
407.0	10157.0
408.0	9557.0
409.0	10052.0
410.0	9771.0
411.0	9841.0
412.0	9683.0
413.0	9992.0
414.0	9742.0
415.0	10059.0
416.0	9647.0
417.0	9694.0
418.0	9782.0
419.0	9879.0
420.0	9701.0
421.0	9818.0
422.0	9790.0
423.0	9541.0
424.0	9854.0
425.0	9879.0
426.0	9470.0
427.0	9615.0
428.0	9667.0
429.0	9688.0
430.0	9829.0
431.0	10026.0
432.0	9695.0
433.0	10166.0
434.0	10075.0
435.0	10223.0
436.0	9600.0
437.0	9812.0
438.0	10013.0
439.0	9547.0
440.0	9840.0
441.0	9894.0
442.0	9362.0
443.0	9473.0
444.0	9781.0
445.0	10427.0
446.0	10255.0
447.0	9766.0
448.0	10265.0
449.0	10358.0
450.0	9990.0
451.0	9901.0
452.0	9894.0
453.0	10295.0
454.0	9494.0
455.0	9926.0
456.0	9603.0
457.0	10069.0
458.0	9847.0
459.0	10034.0
460.0	9584.0
461.0	10183.0
462.0	10190.0
463.0	10153.0
464.0	10211.0
465.0	10487.0
466.0	10767.0
467.0	10307.0
468.0	10411.0
469.0	10213.0
470.0	10086.0
471.0	10410.0
472.0	9861.0
473.0	10224.0
474.0	9969.0
475.0	9980.0
476.0	10222.0
477.0	10417.0
478.0	10124.0
479.0	10237.0
480.0	11438.0
481.0	10956.0
482.0	10812.0
483.0	10516.0
484.0	10972.0
485.0	10352.0
486.0	10451.0
487.0	10450.0
488.0	10394.0
489.0	10623.0
490.0	10172.0
491.0	10561.0
492.0	10257.0
493.0	10675.0
494.0	10429.0
495.0	10263.0
496.0	10673.0
497.0	10547.0
498.0	10754.0
499.0	10754.0
500.0	10917.0
501.0	11300.0
502.0	11092.0
503.0	11718.0
504.0	11426.0
505.0	10752.0
506.0	10465.0
507.0	10732.0
508.0	10915.0
509.0	10859.0
510.0	10407.0
511.0	10822.0
512.0	10522.0
513.0	10478.0
514.0	11019.0
515.0	11020.0
516.0	10454.0
517.0	10901.0
518.0	11075.0
519.0	10698.0
520.0	10666.0
521.0	10384.0
522.0	10571.0
523.0	10561.0
524.0	11009.0
525.0	10946.0
526.0	10787.0
527.0	10518.0
528.0	10556.0
529.0	10865.0
530.0	10881.0
531.0	11284.0
532.0	10784.0
533.0	10714.0
534.0	11192.0
535.0	10910.0
536.0	10492.0
537.0	10837.0
538.0	10478.0
539.0	10603.0
540.0	10560.0
541.0	10933.0
542.0	10449.0
543.0	11256.0
544.0	11027.0
545.0	10844.0
546.0	11055.0
547.0	10949.0
548.0	10659.0
549.0	10621.0
550.0	10539.0
551.0	9762.0
552.0	10056.0
553.0	10683.0
554.0	10762.0
555.0	10440.0
556.0	10008.0
557.0	10561.0
558.0	10760.0
559.0	10224.0
560.0	10330.0
561.0	10385.0
562.0	10868.0
563.0	10954.0
564.0	10119.0
565.0	10479.0
566.0	10853.0
567.0	10478.0
568.0	10393.0
569.0	10011.0
570.0	9852.0
571.0	10387.0
572.0	10028.0
573.0	10355.0
574.0	10217.0
575.0	9869.0
576.0	10248.0
577.0	9924.0
578.0	10085.0
579.0	10390.0
580.0	10390.0
581.0	10608.0
582.0	9958.0
583.0	9910.0
584.0	10261.0
585.0	9959.0
586.0	10427.0
587.0	10051.0
588.0	9855.0
589.0	10111.0
590.0	10114.0
591.0	9997.0
592.0	9952.0
593.0	10251.0
594.0	10354.0
595.0	9851.0
596.0	9771.0
597.0	10367.0
598.0	9923.0
599.0	9849.0
600.0	10148.0
601.0	10499.0
602.0	9869.0
603.0	9783.0
604.0	10329.0
605.0	10384.0
606.0	9747.0
607.0	10159.0
608.0	10471.0
609.0	9978.0
610.0	10027.0
611.0	9575.0
612.0	9747.0
613.0	10049.0
614.0	9978.0
615.0	9848.0
616.0	9993.0
617.0	10207.0
618.0	10009.0
619.0	9502.0
620.0	9905.0
621.0	10036.0
622.0	9869.0
623.0	9349.0
624.0	10000.0
625.0	10355.0
626.0	9695.0
627.0	9659.0
628.0	10484.0
629.0	9573.0
630.0	10342.0
631.0	10069.0
632.0	10258.0
633.0	10167.0
634.0	9996.0
635.0	10141.0
636.0	9959.0
637.0	10308.0
638.0	10117.0
639.0	9607.0
640.0	10188.0
641.0	9694.0
642.0	9659.0
643.0	9705.0
644.0	10408.0
645.0	9874.0
646.0	9910.0
647.0	10062.0
648.0	9963.0
649.0	9962.0
650.0	10031.0
651.0	9917.0
652.0	9654.0
653.0	10149.0
654.0	9381.0
655.0	10024.0
656.0	10004.0
657.0	9777.0
658.0	9744.0
659.0	10038.0
660.0	9095.0
661.0	9603.0
662.0	9665.0
663.0	9416.0
664.0	9472.0
665.0	9459.0
666.0	9890.0
667.0	9660.0
668.0	10365.0
669.0	10230.0
670.0	9694.0
671.0	9977.0
672.0	9919.0
673.0	10006.0
674.0	10262.0
675.0	9558.0
676.0	9827.0
677.0	9985.0
678.0	9875.0
679.0	9548.0
680.0	10086.0
681.0	9869.0
682.0	9470.0
683.0	9458.0
684.0	9893.0
685.0	9710.0
686.0	9769.0
687.0	9654.0
688.0	9488.0
689.0	9876.0
690.0	10122.0
691.0	9961.0
692.0	9456.0
693.0	9905.0
694.0	10006.0
695.0	9635.0
696.0	9635.0
697.0	9597.0
698.0	9653.0
699.0	10000.0
700.0	9690.0
701.0	9860.0
702.0	9660.0
703.0	9779.0
704.0	9974.0
705.0	9803.0
706.0	9882.0
707.0	9079.0
708.0	9684.0
709.0	9784.0
710.0	10251.0
711.0	9863.0
712.0	9695.0
713.0	9632.0
714.0	9786.0
715.0	9883.0
716.0	9892.0
717.0	10057.0
718.0	9320.0
719.0	9769.0
720.0	10068.0
721.0	9972.0
722.0	9817.0
723.0	9623.0
724.0	9663.0
725.0	9908.0
726.0	9630.0
727.0	9891.0
728.0	10105.0
729.0	9803.0
730.0	9794.0
731.0	9633.0
732.0	10023.0
733.0	9687.0
734.0	9668.0
735.0	9542.0
736.0	9687.0
737.0	9553.0
738.0	9706.0
739.0	9669.0
740.0	9666.0
741.0	9727.0
742.0	9886.0
743.0	9300.0
744.0	9846.0
745.0	9565.0
746.0	9269.0
747.0	10261.0
748.0	10016.0
749.0	9753.0
750.0	9568.0
751.0	9526.0
752.0	9852.0
753.0	9946.0
754.0	9673.0
755.0	9857.0
756.0	10029.0
757.0	10134.0
758.0	9825.0
759.0	10322.0
760.0	9941.0
761.0	9754.0
762.0	9967.0
763.0	9847.0
764.0	9771.0
765.0	10006.0
766.0	10291.0
767.0	10088.0
768.0	9519.0
769.0	9692.0
770.0	9906.0
771.0	10008.0
772.0	9675.0
773.0	9981.0
774.0	10211.0
775.0	10121.0
776.0	10407.0
777.0	9865.0
778.0	9785.0
779.0	10002.0
780.0	10031.0
781.0	10029.0
782.0	9671.0
783.0	9573.0
784.0	9669.0
785.0	9670.0
786.0	9583.0
787.0	9888.0
788.0	9763.0
789.0	9626.0
790.0	9847.0
791.0	9985.0
792.0	9754.0
793.0	9721.0
794.0	10011.0
795.0	10007.0
796.0	9341.0
797.0	9972.0
798.0	10116.0
799.0	9978.0
800.0	9794.0
