$itime = 500
$wv_start = 190.0
$hv = 1000
$grating = 2 1200 g/mm BLZ= 500  nm
$x_amps = 10
$x_volts = 45
$sample = DB2333
$date = 2023-06-02
$temp = 232.0
$wv_stop = 800.0
$time = 11:41:43.714000
$wv_step = 1.0
190.0	8254.0
191.0	8720.0
192.0	8503.0
193.0	8218.0
194.0	7901.0
195.0	8491.0
196.0	8626.0
197.0	8272.0
198.0	7948.0
199.0	8081.0
200.0	8058.0
201.0	8179.0
202.0	8324.0
203.0	7825.0
204.0	8056.0
205.0	8209.0
206.0	8259.0
207.0	8555.0
208.0	8039.0
209.0	8276.0
210.0	8015.0
211.0	8662.0
212.0	8291.0
213.0	8450.0
214.0	8167.0
215.0	8320.0
216.0	8394.0
217.0	8529.0
218.0	8526.0
219.0	8214.0
220.0	8487.0
221.0	8502.0
222.0	8290.0
223.0	8156.0
224.0	8171.0
225.0	8381.0
226.0	7976.0
227.0	8265.0
228.0	8500.0
229.0	8202.0
230.0	8625.0
231.0	8086.0
232.0	8271.0
233.0	8234.0
234.0	8275.0
235.0	8725.0
236.0	8080.0
237.0	8298.0
238.0	8399.0
239.0	7980.0
240.0	8516.0
241.0	8156.0
242.0	8151.0
243.0	8431.0
244.0	8092.0
245.0	8215.0
246.0	8623.0
247.0	8166.0
248.0	8347.0
249.0	8347.0
250.0	8635.0
251.0	8220.0
252.0	7910.0
253.0	8494.0
254.0	8896.0
255.0	8272.0
256.0	8190.0
257.0	8053.0
258.0	7949.0
259.0	8190.0
260.0	8112.0
261.0	8162.0
262.0	8531.0
263.0	8398.0
264.0	8566.0
265.0	8515.0
266.0	8494.0
267.0	8116.0
268.0	8367.0
269.0	7927.0
270.0	8190.0
271.0	8675.0
272.0	8690.0
273.0	8431.0
274.0	8606.0
275.0	8694.0
276.0	8587.0
277.0	8747.0
278.0	8581.0
279.0	8655.0
280.0	9050.0
281.0	8524.0
282.0	8387.0
283.0	8121.0
284.0	8052.0
285.0	8623.0
286.0	8882.0
287.0	8351.0
288.0	8548.0
289.0	8551.0
290.0	8327.0
291.0	8021.0
292.0	8683.0
293.0	8300.0
294.0	8736.0
295.0	8725.0
296.0	8314.0
297.0	8879.0
298.0	8190.0
299.0	8408.0
300.0	7839.0
301.0	8405.0
302.0	8889.0
303.0	8805.0
304.0	8848.0
305.0	8485.0
306.0	7989.0
307.0	8720.0
308.0	8310.0
309.0	8351.0
310.0	8333.0
311.0	8628.0
312.0	8381.0
313.0	8570.0
314.0	8845.0
315.0	8482.0
316.0	8570.0
317.0	8982.0
318.0	8267.0
319.0	8443.0
320.0	7943.0
321.0	8743.0
322.0	8394.0
323.0	8529.0
324.0	8327.0
325.0	8402.0
326.0	8328.0
327.0	8239.0
328.0	8589.0
329.0	8793.0
330.0	8674.0
331.0	8324.0
332.0	8484.0
333.0	8696.0
334.0	8207.0
335.0	8264.0
336.0	8390.0
337.0	8610.0
338.0	8419.0
339.0	8686.0
340.0	8351.0
341.0	8512.0
342.0	8495.0
343.0	8662.0
344.0	8302.0
345.0	8345.0
346.0	8298.0
347.0	8239.0
348.0	8503.0
349.0	8492.0
350.0	8122.0
351.0	8179.0
352.0	8316.0
353.0	8662.0
354.0	8087.0
355.0	8127.0
356.0	8461.0
357.0	8467.0
358.0	8588.0
359.0	8167.0
360.0	8270.0
361.0	8092.0
362.0	8011.0
363.0	8815.0
364.0	8554.0
365.0	8485.0
366.0	8508.0
367.0	8293.0
368.0	8157.0
369.0	8241.0
370.0	8294.0
371.0	8339.0
372.0	8274.0
373.0	8358.0
374.0	8400.0
375.0	8161.0
376.0	8484.0
377.0	8005.0
378.0	8347.0
379.0	7814.0
380.0	8280.0
381.0	8458.0
382.0	8630.0
383.0	8016.0
384.0	8053.0
385.0	8454.0
386.0	8603.0
387.0	7909.0
388.0	8480.0
389.0	8133.0
390.0	8058.0
391.0	8228.0
392.0	8196.0
393.0	8662.0
394.0	8392.0
395.0	7907.0
396.0	8772.0
397.0	8071.0
398.0	8394.0
399.0	8404.0
400.0	8094.0
401.0	8168.0
402.0	8144.0
403.0	7995.0
404.0	8634.0
405.0	8497.0
406.0	8460.0
407.0	8320.0
408.0	8301.0
409.0	8174.0
410.0	8583.0
411.0	8266.0
412.0	8234.0
413.0	8468.0
414.0	8899.0
415.0	8579.0
416.0	8294.0
417.0	8430.0
418.0	8300.0
419.0	8235.0
420.0	8567.0
421.0	8492.0
422.0	8547.0
423.0	8208.0
424.0	8549.0
425.0	8148.0
426.0	8162.0
427.0	8113.0
428.0	8286.0
429.0	8262.0
430.0	8310.0
431.0	7968.0
432.0	8174.0
433.0	8618.0
434.0	8427.0
435.0	8072.0
436.0	8234.0
437.0	8574.0
438.0	8422.0
439.0	8219.0
440.0	8012.0
441.0	8568.0
442.0	7941.0
443.0	8529.0
444.0	8761.0
445.0	8455.0
446.0	8716.0
447.0	8156.0
448.0	8284.0
449.0	8827.0
450.0	8291.0
451.0	8545.0
452.0	7974.0
453.0	8226.0
454.0	8419.0
455.0	7784.0
456.0	8307.0
457.0	8429.0
458.0	8404.0
459.0	8695.0
460.0	8670.0
461.0	7675.0
462.0	8348.0
463.0	8011.0
464.0	8696.0
465.0	8428.0
466.0	8369.0
467.0	8298.0
468.0	8482.0
469.0	8552.0
470.0	8478.0
471.0	8189.0
472.0	7997.0
473.0	8263.0
474.0	8145.0
475.0	8178.0
476.0	8478.0
477.0	8685.0
478.0	8464.0
479.0	8314.0
480.0	8298.0
481.0	8722.0
482.0	8385.0
483.0	8570.0
484.0	8688.0
485.0	8417.0
486.0	8704.0
487.0	8220.0
488.0	8497.0
489.0	8743.0
490.0	8370.0
491.0	7994.0
492.0	8793.0
493.0	8445.0
494.0	8235.0
495.0	8968.0
496.0	8018.0
497.0	8186.0
498.0	8482.0
499.0	8903.0
500.0	8533.0
501.0	8213.0
502.0	8570.0
503.0	8621.0
504.0	8322.0
505.0	8550.0
506.0	8880.0
507.0	8684.0
508.0	8485.0
509.0	8501.0
510.0	8715.0
511.0	8635.0
512.0	8671.0
513.0	8785.0
514.0	8601.0
515.0	8633.0
516.0	8867.0
517.0	8163.0
518.0	8479.0
519.0	8537.0
520.0	8209.0
521.0	8447.0
522.0	8215.0
523.0	8507.0
524.0	8629.0
525.0	8635.0
526.0	8328.0
527.0	8575.0
528.0	8278.0
529.0	8150.0
530.0	8348.0
531.0	8693.0
532.0	8301.0
533.0	8831.0
534.0	8444.0
535.0	8248.0
536.0	8667.0
537.0	8327.0
538.0	8676.0
539.0	8333.0
540.0	8184.0
541.0	8752.0
542.0	8557.0
543.0	8709.0
544.0	8298.0
545.0	8408.0
546.0	7995.0
547.0	8716.0
548.0	8446.0
549.0	8648.0
550.0	8174.0
551.0	7910.0
552.0	8424.0
553.0	8345.0
554.0	8501.0
555.0	8274.0
556.0	8529.0
557.0	8418.0
558.0	8300.0
559.0	8349.0
560.0	8508.0
561.0	8717.0
562.0	8320.0
563.0	8824.0
564.0	8982.0
565.0	8355.0
566.0	8336.0
567.0	8445.0
568.0	8694.0
569.0	8141.0
570.0	8092.0
571.0	8775.0
572.0	8623.0
573.0	8428.0
574.0	8737.0
575.0	8355.0
576.0	8611.0
577.0	8716.0
578.0	8277.0
579.0	8388.0
580.0	8350.0
581.0	8289.0
582.0	8220.0
583.0	8685.0
584.0	8575.0
585.0	8021.0
586.0	8514.0
587.0	8634.0
588.0	8467.0
589.0	8706.0
590.0	8457.0
591.0	8063.0
592.0	8364.0
593.0	8299.0
594.0	8524.0
595.0	9055.0
596.0	8595.0
597.0	8385.0
598.0	8161.0
599.0	8327.0
600.0	8307.0
601.0	8392.0
602.0	8348.0
603.0	8229.0
604.0	8231.0
605.0	8487.0
606.0	8362.0
607.0	8053.0
608.0	8411.0
609.0	8421.0
610.0	8121.0
611.0	8368.0
612.0	8704.0
613.0	8533.0
614.0	8110.0
615.0	8032.0
616.0	8608.0
617.0	8473.0
618.0	8062.0
619.0	8273.0
620.0	8492.0
621.0	8759.0
622.0	8626.0
623.0	8487.0
624.0	8055.0
625.0	8612.0
626.0	8391.0
627.0	8453.0
628.0	8214.0
629.0	8429.0
630.0	8018.0
631.0	8324.0
632.0	8667.0
633.0	8536.0
634.0	8658.0
635.0	8372.0
636.0	8441.0
637.0	8421.0
638.0	7964.0
639.0	8221.0
640.0	8199.0
641.0	8524.0
642.0	8373.0
643.0	8166.0
644.0	7900.0
645.0	8416.0
646.0	8155.0
647.0	8574.0
648.0	8457.0
649.0	8480.0
650.0	8121.0
651.0	8517.0
652.0	8338.0
653.0	8011.0
654.0	8827.0
655.0	8209.0
656.0	8605.0
657.0	8527.0
658.0	8669.0
659.0	8336.0
660.0	8317.0
661.0	8321.0
662.0	8446.0
663.0	8567.0
664.0	8467.0
665.0	8218.0
666.0	8392.0
667.0	8110.0
668.0	8756.0
669.0	8108.0
670.0	8327.0
671.0	8720.0
672.0	8714.0
673.0	8255.0
674.0	8394.0
675.0	8561.0
676.0	8482.0
677.0	8212.0
678.0	8274.0
679.0	7731.0
680.0	8037.0
681.0	8110.0
682.0	8386.0
683.0	8877.0
684.0	8104.0
685.0	8495.0
686.0	8407.0
687.0	8299.0
688.0	8397.0
689.0	8285.0
690.0	8639.0
691.0	8297.0
692.0	8375.0
693.0	7924.0
694.0	8119.0
695.0	8247.0
696.0	8353.0
697.0	8102.0
698.0	8240.0
699.0	8418.0
700.0	8200.0
701.0	8371.0
702.0	7967.0
703.0	8249.0
704.0	8225.0
705.0	8575.0
706.0	8784.0
707.0	7958.0
708.0	8297.0
709.0	8279.0
710.0	8300.0
711.0	8312.0
712.0	8381.0
713.0	8694.0
714.0	7907.0
715.0	8638.0
716.0	7970.0
717.0	8269.0
718.0	8261.0
719.0	7903.0
720.0	8395.0
721.0	8686.0
722.0	8315.0
723.0	8042.0
724.0	8382.0
725.0	8110.0
726.0	8437.0
727.0	8407.0
728.0	8445.0
729.0	8202.0
730.0	8756.0
731.0	8061.0
732.0	8575.0
733.0	8396.0
734.0	7988.0
735.0	8453.0
736.0	8182.0
737.0	8274.0
738.0	8289.0
739.0	8663.0
740.0	8366.0
741.0	8209.0
742.0	8465.0
743.0	8909.0
744.0	8370.0
745.0	8418.0
746.0	8263.0
747.0	8298.0
748.0	8430.0
749.0	8372.0
750.0	8387.0
751.0	7927.0
752.0	8543.0
753.0	8056.0
754.0	8291.0
755.0	8317.0
756.0	8012.0
757.0	8498.0
758.0	8291.0
759.0	8436.0
760.0	8292.0
761.0	8534.0
762.0	7770.0
763.0	8307.0
764.0	8686.0
765.0	8269.0
766.0	8470.0
767.0	8595.0
768.0	7773.0
769.0	8311.0
770.0	8259.0
771.0	8263.0
772.0	8238.0
773.0	8538.0
774.0	8058.0
775.0	8433.0
776.0	8258.0
777.0	8215.0
778.0	8482.0
779.0	8368.0
780.0	8006.0
781.0	8210.0
782.0	8041.0
783.0	8392.0
784.0	8349.0
785.0	8494.0
786.0	8255.0
787.0	8317.0
788.0	8416.0
789.0	8289.0
790.0	7801.0
791.0	8718.0
792.0	8168.0
793.0	8291.0
794.0	8439.0
795.0	8323.0
796.0	8169.0
797.0	8297.0
798.0	8027.0
799.0	8062.0
800.0	8352.0
