$itime = 500
$wv_start = 190.0
$hv = 1000
$grating = 2 1200 g/mm BLZ= 500  nm
$x_amps = 10
$x_volts = 45
$sample = DB2333
$date = 2023-06-02
$temp = 352.0
$wv_stop = 800.0
$time = 11:41:43.714000
$wv_step = 1.0
190.0	7477.0
191.0	8338.0
192.0	7765.0
193.0	7874.0
194.0	8005.0
195.0	7847.0
196.0	7773.0
197.0	7615.0
198.0	7559.0
199.0	7875.0
200.0	7843.0
201.0	7830.0
202.0	7798.0
203.0	7833.0
204.0	8283.0
205.0	8141.0
206.0	7646.0
207.0	8011.0
208.0	8212.0
209.0	7758.0
210.0	8170.0
211.0	8010.0
212.0	7474.0
213.0	7934.0
214.0	7834.0
215.0	8227.0
216.0	7723.0
217.0	8005.0
218.0	7618.0
219.0	7777.0
220.0	7721.0
221.0	8070.0
222.0	7591.0
223.0	7871.0
224.0	7833.0
225.0	7533.0
226.0	8239.0
227.0	7856.0
228.0	8108.0
229.0	8323.0
230.0	7940.0
231.0	8005.0
232.0	7914.0
233.0	7892.0
234.0	8086.0
235.0	7266.0
236.0	8220.0
237.0	7927.0
238.0	8026.0
239.0	7136.0
240.0	7457.0
241.0	8001.0
242.0	8117.0
243.0	8031.0
244.0	7940.0
245.0	7607.0
246.0	8047.0
247.0	8434.0
248.0	7897.0
249.0	7615.0
250.0	7884.0
251.0	7943.0
252.0	7541.0
253.0	8025.0
254.0	7748.0
255.0	7811.0
256.0	7937.0
257.0	7880.0
258.0	7634.0
259.0	8168.0
260.0	8058.0
261.0	8202.0
262.0	7736.0
263.0	7985.0
264.0	8103.0
265.0	7898.0
266.0	8253.0
267.0	7997.0
268.0	8043.0
269.0	7715.0
270.0	7901.0
271.0	7870.0
272.0	7573.0
273.0	8006.0
274.0	8077.0
275.0	7958.0
276.0	8304.0
277.0	7735.0
278.0	8027.0
279.0	7873.0
280.0	7853.0
281.0	7875.0
282.0	7830.0
283.0	7987.0
284.0	8130.0
285.0	8210.0
286.0	8240.0
287.0	8101.0
288.0	7936.0
289.0	7815.0
290.0	7905.0
291.0	7919.0
292.0	8010.0
293.0	8056.0
294.0	7421.0
295.0	7957.0
296.0	8026.0
297.0	8011.0
298.0	7770.0
299.0	7605.0
300.0	7840.0
301.0	7833.0
302.0	8061.0
303.0	7933.0
304.0	7794.0
305.0	7972.0
306.0	7788.0
307.0	8211.0
308.0	8275.0
309.0	7562.0
310.0	7480.0
311.0	8445.0
312.0	8096.0
313.0	7713.0
314.0	7645.0
315.0	8130.0
316.0	7947.0
317.0	7728.0
318.0	7893.0
319.0	8253.0
320.0	8396.0
321.0	8091.0
322.0	8377.0
323.0	7697.0
324.0	8145.0
325.0	7997.0
326.0	7753.0
327.0	8061.0
328.0	7670.0
329.0	8012.0
330.0	7587.0
331.0	8092.0
332.0	7890.0
333.0	8349.0
334.0	8177.0
335.0	7891.0
336.0	7994.0
337.0	7732.0
338.0	7950.0
339.0	7862.0
340.0	7697.0
341.0	7933.0
342.0	7947.0
343.0	7837.0
344.0	7615.0
345.0	7801.0
346.0	7798.0
347.0	7667.0
348.0	8026.0
349.0	7801.0
350.0	7882.0
351.0	8093.0
352.0	8026.0
353.0	7584.0
354.0	8112.0
355.0	8208.0
356.0	7751.0
357.0	7528.0
358.0	8078.0
359.0	8103.0
360.0	8069.0
361.0	7725.0
362.0	7696.0
363.0	7870.0
364.0	7773.0
365.0	8287.0
366.0	7875.0
367.0	7851.0
368.0	8078.0
369.0	8152.0
370.0	7796.0
371.0	8472.0
372.0	7965.0
373.0	7820.0
374.0	8060.0
375.0	7915.0
376.0	7793.0
377.0	7814.0
378.0	7670.0
379.0	7952.0
380.0	7833.0
381.0	7983.0
382.0	8141.0
383.0	7720.0
384.0	8015.0
385.0	7881.0
386.0	7961.0
387.0	8130.0
388.0	7741.0
389.0	7691.0
390.0	8141.0
391.0	7679.0
392.0	7840.0
393.0	7655.0
394.0	7898.0
395.0	7987.0
396.0	8006.0
397.0	7837.0
398.0	8322.0
399.0	7824.0
400.0	7989.0
401.0	7475.0
402.0	7934.0
403.0	7703.0
404.0	7669.0
405.0	7534.0
406.0	7646.0
407.0	7572.0
408.0	8294.0
409.0	7801.0
410.0	7829.0
411.0	7862.0
412.0	7898.0
413.0	7884.0
414.0	7989.0
415.0	8148.0
416.0	7987.0
417.0	7703.0
418.0	7905.0
419.0	7963.0
420.0	7714.0
421.0	7662.0
422.0	7662.0
423.0	7855.0
424.0	7482.0
425.0	7858.0
426.0	7811.0
427.0	8174.0
428.0	7876.0
429.0	7911.0
430.0	7727.0
431.0	7994.0
432.0	7997.0
433.0	8068.0
434.0	7786.0
435.0	8031.0
436.0	7747.0
437.0	7981.0
438.0	7733.0
439.0	7999.0
440.0	7884.0
441.0	7735.0
442.0	7948.0
443.0	7801.0
444.0	8011.0
445.0	8253.0
446.0	7735.0
447.0	7732.0
448.0	7929.0
449.0	8154.0
450.0	7849.0
451.0	7643.0
452.0	8169.0
453.0	7436.0
454.0	8068.0
455.0	7915.0
456.0	7669.0
457.0	8188.0
458.0	7774.0
459.0	8358.0
460.0	8327.0
461.0	8214.0
462.0	7915.0
463.0	7740.0
464.0	7586.0
465.0	8025.0
466.0	7657.0
467.0	7661.0
468.0	7919.0
469.0	7700.0
470.0	7733.0
471.0	7977.0
472.0	7736.0
473.0	8196.0
474.0	8092.0
475.0	8026.0
476.0	7708.0
477.0	8227.0
478.0	7976.0
479.0	7968.0
480.0	7798.0
481.0	7657.0
482.0	7932.0
483.0	8496.0
484.0	8346.0
485.0	8408.0
486.0	8242.0
487.0	7718.0
488.0	7959.0
489.0	7930.0
490.0	7914.0
491.0	7971.0
492.0	7820.0
493.0	7876.0
494.0	7791.0
495.0	7784.0
496.0	7807.0
497.0	7861.0
498.0	7907.0
499.0	7667.0
500.0	7888.0
501.0	7934.0
502.0	7531.0
503.0	7698.0
504.0	7839.0
505.0	7679.0
506.0	7562.0
507.0	8201.0
508.0	7722.0
509.0	7620.0
510.0	7788.0
511.0	7901.0
512.0	8010.0
513.0	7886.0
514.0	7937.0
515.0	7822.0
516.0	7717.0
517.0	7901.0
518.0	7658.0
519.0	7686.0
520.0	8006.0
521.0	7791.0
522.0	7166.0
523.0	7958.0
524.0	8307.0
525.0	7673.0
526.0	8239.0
527.0	7910.0
528.0	7969.0
529.0	7989.0
530.0	7439.0
531.0	7937.0
532.0	7730.0
533.0	7870.0
534.0	8083.0
535.0	7685.0
536.0	8415.0
537.0	8196.0
538.0	7699.0
539.0	8016.0
540.0	7950.0
541.0	8011.0
542.0	8012.0
543.0	8463.0
544.0	8463.0
545.0	8146.0
546.0	7945.0
547.0	7325.0
548.0	7937.0
549.0	7993.0
550.0	7958.0
551.0	7845.0
552.0	8045.0
553.0	8077.0
554.0	8056.0
555.0	7875.0
556.0	7346.0
557.0	7674.0
558.0	7918.0
559.0	8011.0
560.0	8257.0
561.0	7956.0
562.0	8028.0
563.0	7965.0
564.0	8081.0
565.0	8105.0
566.0	7770.0
567.0	7977.0
568.0	8058.0
569.0	7759.0
570.0	7921.0
571.0	7734.0
572.0	7723.0
573.0	8080.0
574.0	8346.0
575.0	8024.0
576.0	8409.0
577.0	7789.0
578.0	7901.0
579.0	8367.0
580.0	7586.0
581.0	8249.0
582.0	7670.0
583.0	7925.0
584.0	7897.0
585.0	8011.0
586.0	7903.0
587.0	8555.0
588.0	7747.0
589.0	7507.0
590.0	7937.0
591.0	7464.0
592.0	7950.0
593.0	8064.0
594.0	8036.0
595.0	8272.0
596.0	8282.0
597.0	8053.0
598.0	7946.0
599.0	7682.0
600.0	7938.0
601.0	8343.0
602.0	8307.0
603.0	7851.0
604.0	7720.0
605.0	7812.0
606.0	7684.0
607.0	7857.0
608.0	8011.0
609.0	8111.0
610.0	7783.0
611.0	7752.0
612.0	7734.0
613.0	8305.0
614.0	7756.0
615.0	8125.0
616.0	7958.0
617.0	7903.0
618.0	7323.0
619.0	7870.0
620.0	7809.0
621.0	7893.0
622.0	7833.0
623.0	7891.0
624.0	8079.0
625.0	8162.0
626.0	7819.0
627.0	8144.0
628.0	8003.0
629.0	7784.0
630.0	7606.0
631.0	7687.0
632.0	7574.0
633.0	7809.0
634.0	7930.0
635.0	7733.0
636.0	7733.0
637.0	8004.0
638.0	8045.0
639.0	7970.0
640.0	7884.0
641.0	7918.0
642.0	7736.0
643.0	7868.0
644.0	7951.0
645.0	7818.0
646.0	7890.0
647.0	7850.0
648.0	8081.0
649.0	8019.0
650.0	7928.0
651.0	7727.0
652.0	7584.0
653.0	8005.0
654.0	7974.0
655.0	7981.0
656.0	8011.0
657.0	7611.0
658.0	7693.0
659.0	8047.0
660.0	8085.0
661.0	7470.0
662.0	7919.0
663.0	8041.0
664.0	7984.0
665.0	7532.0
666.0	8121.0
667.0	7823.0
668.0	7752.0
669.0	7916.0
670.0	7798.0
671.0	8288.0
672.0	7893.0
673.0	7746.0
674.0	7758.0
675.0	8104.0
676.0	7863.0
677.0	7717.0
678.0	7946.0
679.0	7762.0
680.0	7606.0
681.0	7513.0
682.0	8011.0
683.0	7829.0
684.0	8170.0
685.0	7870.0
686.0	7939.0
687.0	7930.0
688.0	7853.0
689.0	7831.0
690.0	7740.0
691.0	7502.0
692.0	7520.0
693.0	8082.0
694.0	7870.0
695.0	8272.0
696.0	7574.0
697.0	7288.0
698.0	7888.0
699.0	7980.0
700.0	7521.0
701.0	7798.0
702.0	7518.0
703.0	7855.0
704.0	7993.0
705.0	7727.0
706.0	8034.0
707.0	8219.0
708.0	7723.0
709.0	8041.0
710.0	7570.0
711.0	7788.0
712.0	8148.0
713.0	7762.0
714.0	7657.0
715.0	7702.0
716.0	7805.0
717.0	7907.0
718.0	7709.0
719.0	8239.0
720.0	7784.0
721.0	8149.0
722.0	8208.0
723.0	7727.0
724.0	8076.0
725.0	7527.0
726.0	7886.0
727.0	8072.0
728.0	7765.0
729.0	7936.0
730.0	8009.0
731.0	8218.0
732.0	8145.0
733.0	8167.0
734.0	8000.0
735.0	7947.0
736.0	7617.0
737.0	8219.0
738.0	7681.0
739.0	7732.0
740.0	8233.0
741.0	7761.0
742.0	8117.0
743.0	8315.0
744.0	7939.0
745.0	7981.0
746.0	7861.0
747.0	7919.0
748.0	7832.0
749.0	7673.0
750.0	8197.0
751.0	7926.0
752.0	7721.0
753.0	7773.0
754.0	7797.0
755.0	7842.0
756.0	7693.0
757.0	8058.0
758.0	7503.0
759.0	7514.0
760.0	7753.0
761.0	8035.0
762.0	7756.0
763.0	7732.0
764.0	7898.0
765.0	8326.0
766.0	7848.0
767.0	7946.0
768.0	7546.0
769.0	7973.0
770.0	8015.0
771.0	8019.0
772.0	7941.0
773.0	7937.0
774.0	7890.0
775.0	8088.0
776.0	8306.0
777.0	7981.0
778.0	7850.0
779.0	7342.0
780.0	8097.0
781.0	7994.0
782.0	8051.0
783.0	8196.0
784.0	8099.0
785.0	7758.0
786.0	8445.0
787.0	7917.0
788.0	7855.0
789.0	7948.0
790.0	7945.0
791.0	7712.0
792.0	8026.0
793.0	8262.0
794.0	7973.0
795.0	7449.0
796.0	7937.0
797.0	8280.0
798.0	7910.0
799.0	7869.0
800.0	8395.0
