$itime = 500
$wv_start = 190.0
$hv = 1000
$grating = 2 1200 g/mm BLZ= 500  nm
$x_amps = 10
$x_volts = 45
$sample = DB2333
$date = 2023-06-02
$temp = 272.0
$wv_stop = 800.0
$time = 11:41:43.714000
$wv_step = 1.0
190.0	8403.0
191.0	7862.0
192.0	7908.0
193.0	7756.0
194.0	8091.0
195.0	8284.0
196.0	7694.0
197.0	8478.0
198.0	8257.0
199.0	8007.0
200.0	7839.0
201.0	8409.0
202.0	8110.0
203.0	7921.0
204.0	8214.0
205.0	7973.0
206.0	7878.0
207.0	8009.0
208.0	8035.0
209.0	8093.0
210.0	7891.0
211.0	8532.0
212.0	8258.0
213.0	8212.0
214.0	7965.0
215.0	8169.0
216.0	8012.0
217.0	8021.0
218.0	8093.0
219.0	7562.0
220.0	8159.0
221.0	7916.0
222.0	7981.0
223.0	8272.0
224.0	8145.0
225.0	7669.0
226.0	7757.0
227.0	8202.0
228.0	8032.0
229.0	8114.0
230.0	8092.0
231.0	7949.0
232.0	8034.0
233.0	8303.0
234.0	8026.0
235.0	8351.0
236.0	8005.0
237.0	8327.0
238.0	8130.0
239.0	7584.0
240.0	8079.0
241.0	8301.0
242.0	8253.0
243.0	7988.0
244.0	8256.0
245.0	8097.0
246.0	8010.0
247.0	8004.0
248.0	8157.0
249.0	8622.0
250.0	7990.0
251.0	8000.0
252.0	7606.0
253.0	8087.0
254.0	7835.0
255.0	7709.0
256.0	8215.0
257.0	8064.0
258.0	8241.0
259.0	8477.0
260.0	8136.0
261.0	8099.0
262.0	8150.0
263.0	8221.0
264.0	7948.0
265.0	8573.0
266.0	7922.0
267.0	8005.0
268.0	7926.0
269.0	7768.0
270.0	8153.0
271.0	7915.0
272.0	8241.0
273.0	8309.0
274.0	8202.0
275.0	8153.0
276.0	8297.0
277.0	7811.0
278.0	8338.0
279.0	8548.0
280.0	8251.0
281.0	8188.0
282.0	8328.0
283.0	7994.0
284.0	8025.0
285.0	8581.0
286.0	8304.0
287.0	8067.0
288.0	8427.0
289.0	8134.0
290.0	8719.0
291.0	8165.0
292.0	7811.0
293.0	8402.0
294.0	8201.0
295.0	8271.0
296.0	8370.0
297.0	7327.0
298.0	8240.0
299.0	8342.0
300.0	7859.0
301.0	8234.0
302.0	8486.0
303.0	8146.0
304.0	8320.0
305.0	8222.0
306.0	8235.0
307.0	8262.0
308.0	8198.0
309.0	8192.0
310.0	8310.0
311.0	8186.0
312.0	7874.0
313.0	8311.0
314.0	8300.0
315.0	8145.0
316.0	8675.0
317.0	7937.0
318.0	8430.0
319.0	8274.0
320.0	8151.0
321.0	8121.0
322.0	8312.0
323.0	7959.0
324.0	7699.0
325.0	8088.0
326.0	7844.0
327.0	8052.0
328.0	7964.0
329.0	8440.0
330.0	7988.0
331.0	7977.0
332.0	8368.0
333.0	8056.0
334.0	8508.0
335.0	8177.0
336.0	7932.0
337.0	7991.0
338.0	8802.0
339.0	8368.0
340.0	8056.0
341.0	7963.0
342.0	7965.0
343.0	8099.0
344.0	7960.0
345.0	8489.0
346.0	8279.0
347.0	8402.0
348.0	8364.0
349.0	8074.0
350.0	7939.0
351.0	8156.0
352.0	8060.0
353.0	8253.0
354.0	8192.0
355.0	8299.0
356.0	8321.0
357.0	8158.0
358.0	8015.0
359.0	8148.0
360.0	8092.0
361.0	8430.0
362.0	8339.0
363.0	8007.0
364.0	7898.0
365.0	8159.0
366.0	8222.0
367.0	7965.0
368.0	8610.0
369.0	7684.0
370.0	8266.0
371.0	8298.0
372.0	8351.0
373.0	8336.0
374.0	7727.0
375.0	8011.0
376.0	8058.0
377.0	7891.0
378.0	8235.0
379.0	7872.0
380.0	7953.0
381.0	7922.0
382.0	8089.0
383.0	8114.0
384.0	8397.0
385.0	8011.0
386.0	8487.0
387.0	7948.0
388.0	7998.0
389.0	8073.0
390.0	8065.0
391.0	8208.0
392.0	8429.0
393.0	8285.0
394.0	8150.0
395.0	8306.0
396.0	8006.0
397.0	7746.0
398.0	8049.0
399.0	8307.0
400.0	8017.0
401.0	7949.0
402.0	8140.0
403.0	7952.0
404.0	7735.0
405.0	7842.0
406.0	7842.0
407.0	8146.0
408.0	7860.0
409.0	8218.0
410.0	8089.0
411.0	7849.0
412.0	8242.0
413.0	7698.0
414.0	8141.0
415.0	8345.0
416.0	7997.0
417.0	7793.0
418.0	8097.0
419.0	8291.0
420.0	8280.0
421.0	8185.0
422.0	8074.0
423.0	8348.0
424.0	8183.0
425.0	7873.0
426.0	8117.0
427.0	8467.0
428.0	8281.0
429.0	8556.0
430.0	7972.0
431.0	7972.0
432.0	8500.0
433.0	8392.0
434.0	7994.0
435.0	8011.0
436.0	7888.0
437.0	7714.0
438.0	8036.0
439.0	8313.0
440.0	8204.0
441.0	7877.0
442.0	8286.0
443.0	8094.0
444.0	8220.0
445.0	7874.0
446.0	7850.0
447.0	8148.0
448.0	7943.0
449.0	8445.0
450.0	8548.0
451.0	7897.0
452.0	8095.0
453.0	8563.0
454.0	7890.0
455.0	7987.0
456.0	8257.0
457.0	8011.0
458.0	8104.0
459.0	8274.0
460.0	8203.0
461.0	8188.0
462.0	8271.0
463.0	8021.0
464.0	7727.0
465.0	8288.0
466.0	7926.0
467.0	8392.0
468.0	8076.0
469.0	7735.0
470.0	8346.0
471.0	7997.0
472.0	8310.0
473.0	8120.0
474.0	8011.0
475.0	8115.0
476.0	8381.0
477.0	8251.0
478.0	8097.0
479.0	8297.0
480.0	7928.0
481.0	7685.0
482.0	8525.0
483.0	8417.0
484.0	7418.0
485.0	8220.0
486.0	8327.0
487.0	8110.0
488.0	8021.0
489.0	8285.0
490.0	7926.0
491.0	8355.0
492.0	8124.0
493.0	8328.0
494.0	8397.0
495.0	8633.0
496.0	8220.0
497.0	8339.0
498.0	8234.0
499.0	8239.0
500.0	8217.0
501.0	7837.0
502.0	7991.0
503.0	8152.0
504.0	8272.0
505.0	8210.0
506.0	8265.0
507.0	8143.0
508.0	7718.0
509.0	8095.0
510.0	8307.0
511.0	8189.0
512.0	7870.0
513.0	8027.0
514.0	8178.0
515.0	8346.0
516.0	8472.0
517.0	8766.0
518.0	8239.0
519.0	7923.0
520.0	7924.0
521.0	8262.0
522.0	8427.0
523.0	8253.0
524.0	8059.0
525.0	8030.0
526.0	8543.0
527.0	8058.0
528.0	8262.0
529.0	8086.0
530.0	8205.0
531.0	8121.0
532.0	8174.0
533.0	8096.0
534.0	8055.0
535.0	8428.0
536.0	8110.0
537.0	8144.0
538.0	8320.0
539.0	8276.0
540.0	7967.0
541.0	8489.0
542.0	8231.0
543.0	8170.0
544.0	8080.0
545.0	8644.0
546.0	8524.0
547.0	8140.0
548.0	8284.0
549.0	7830.0
550.0	7917.0
551.0	8514.0
552.0	7933.0
553.0	8271.0
554.0	8289.0
555.0	8034.0
556.0	8192.0
557.0	8058.0
558.0	8312.0
559.0	8375.0
560.0	8423.0
561.0	8181.0
562.0	8638.0
563.0	8305.0
564.0	8142.0
565.0	8539.0
566.0	8014.0
567.0	8712.0
568.0	8586.0
569.0	8110.0
570.0	8293.0
571.0	8400.0
572.0	8161.0
573.0	8197.0
574.0	8201.0
575.0	8087.0
576.0	8146.0
577.0	8416.0
578.0	8467.0
579.0	8190.0
580.0	8539.0
581.0	8680.0
582.0	8390.0
583.0	8182.0
584.0	8379.0
585.0	8373.0
586.0	8467.0
587.0	8005.0
588.0	8096.0
589.0	8483.0
590.0	8150.0
591.0	8166.0
592.0	8188.0
593.0	8222.0
594.0	8009.0
595.0	8058.0
596.0	7784.0
597.0	8348.0
598.0	8293.0
599.0	8184.0
600.0	8326.0
601.0	8114.0
602.0	8047.0
603.0	8332.0
604.0	8025.0
605.0	7984.0
606.0	8112.0
607.0	8257.0
608.0	8190.0
609.0	8699.0
610.0	8133.0
611.0	8002.0
612.0	7857.0
613.0	7906.0
614.0	8197.0
615.0	7933.0
616.0	8429.0
617.0	8429.0
618.0	8074.0
619.0	7954.0
620.0	8312.0
621.0	8390.0
622.0	8307.0
623.0	8189.0
624.0	7928.0
625.0	8107.0
626.0	8152.0
627.0	8011.0
628.0	8130.0
629.0	8029.0
630.0	8326.0
631.0	8169.0
632.0	8092.0
633.0	8202.0
634.0	8074.0
635.0	8242.0
636.0	7931.0
637.0	8338.0
638.0	8092.0
639.0	8009.0
640.0	8271.0
641.0	8222.0
642.0	8167.0
643.0	8286.0
644.0	7917.0
645.0	8304.0
646.0	8272.0
647.0	8283.0
648.0	8042.0
649.0	8125.0
650.0	7709.0
651.0	8405.0
652.0	8078.0
653.0	8167.0
654.0	8074.0
655.0	7798.0
656.0	8058.0
657.0	7990.0
658.0	8130.0
659.0	7948.0
660.0	8088.0
661.0	8091.0
662.0	8388.0
663.0	7731.0
664.0	8172.0
665.0	8078.0
666.0	7614.0
667.0	7957.0
668.0	8339.0
669.0	8056.0
670.0	8204.0
671.0	8041.0
672.0	7902.0
673.0	7966.0
674.0	7961.0
675.0	8317.0
676.0	7988.0
677.0	8469.0
678.0	8095.0
679.0	8192.0
680.0	8048.0
681.0	8247.0
682.0	7877.0
683.0	7994.0
684.0	8240.0
685.0	8480.0
686.0	8167.0
687.0	7923.0
688.0	8014.0
689.0	8259.0
690.0	8178.0
691.0	8686.0
692.0	7903.0
693.0	8220.0
694.0	8433.0
695.0	8357.0
696.0	7847.0
697.0	8486.0
698.0	7991.0
699.0	8097.0
700.0	8414.0
701.0	7789.0
702.0	8499.0
703.0	7918.0
704.0	7734.0
705.0	8015.0
706.0	8007.0
707.0	7971.0
708.0	7980.0
709.0	8180.0
710.0	8263.0
711.0	7856.0
712.0	8262.0
713.0	8830.0
714.0	8077.0
715.0	8099.0
716.0	7945.0
717.0	7963.0
718.0	8580.0
719.0	8429.0
720.0	8173.0
721.0	8106.0
722.0	8315.0
723.0	8211.0
724.0	7869.0
725.0	7890.0
726.0	8263.0
727.0	8227.0
728.0	7848.0
729.0	8016.0
730.0	8108.0
731.0	8149.0
732.0	7961.0
733.0	7973.0
734.0	8209.0
735.0	8154.0
736.0	8057.0
737.0	8413.0
738.0	8272.0
739.0	8081.0
740.0	8352.0
741.0	8227.0
742.0	8079.0
743.0	8161.0
744.0	8212.0
745.0	8106.0
746.0	8072.0
747.0	8825.0
748.0	8461.0
749.0	8279.0
750.0	8086.0
751.0	8114.0
752.0	7937.0
753.0	8167.0
754.0	8016.0
755.0	7870.0
756.0	8134.0
757.0	8179.0
758.0	8021.0
759.0	8004.0
760.0	7751.0
761.0	8213.0
762.0	7936.0
763.0	8091.0
764.0	8201.0
765.0	8346.0
766.0	8433.0
767.0	8234.0
768.0	7845.0
769.0	8022.0
770.0	8224.0
771.0	7827.0
772.0	7827.0
773.0	8220.0
774.0	8087.0
775.0	8350.0
776.0	8092.0
777.0	8276.0
778.0	7925.0
779.0	7893.0
780.0	7996.0
781.0	8348.0
782.0	8121.0
783.0	7894.0
784.0	8086.0
785.0	8298.0
786.0	8192.0
787.0	7765.0
788.0	8263.0
789.0	8234.0
790.0	8164.0
791.0	7958.0
792.0	7844.0
793.0	8425.0
794.0	7758.0
795.0	8201.0
796.0	7896.0
797.0	8280.0
798.0	7998.0
799.0	8382.0
800.0	8520.0
