$itime = 500
$wv_start = 190.0
$hv = 1000
$grating = 2 1200 g/mm BLZ= 500  nm
$x_amps = 10
$x_volts = 45
$sample = DB2333
$date = 2023-06-02
$temp = 192.0
$wv_stop = 800.0
$time = 19:18:14.045000
$wv_step = 1.0
190.0	9683.0
191.0	9632.0
192.0	10019.0
193.0	9464.0
194.0	9748.0
195.0	10059.0
196.0	9649.0
197.0	9471.0
198.0	9737.0
199.0	10320.0
200.0	9915.0
201.0	9852.0
202.0	9792.0
203.0	9980.0
204.0	9281.0
205.0	9418.0
206.0	9695.0
207.0	9931.0
208.0	9873.0
209.0	9301.0
210.0	9584.0
211.0	9464.0
212.0	9901.0
213.0	9869.0
214.0	9348.0
215.0	9284.0
216.0	9619.0
217.0	9620.0
218.0	9822.0
219.0	9905.0
220.0	9855.0
221.0	9099.0
222.0	8923.0
223.0	9663.0
224.0	9618.0
225.0	9910.0
226.0	9670.0
227.0	9770.0
228.0	9819.0
229.0	9757.0
230.0	9687.0
231.0	9826.0
232.0	9456.0
233.0	9422.0
234.0	9440.0
235.0	9973.0
236.0	9962.0
237.0	10031.0
238.0	9672.0
239.0	9599.0
240.0	9695.0
241.0	9751.0
242.0	9928.0
243.0	9486.0
244.0	9782.0
245.0	9667.0
246.0	9522.0
247.0	9824.0
248.0	9494.0
249.0	9130.0
250.0	9948.0
251.0	9720.0
252.0	9508.0
253.0	9905.0
254.0	9619.0
255.0	9617.0
256.0	9645.0
257.0	9568.0
258.0	9685.0
259.0	10104.0
260.0	9973.0
261.0	9466.0
262.0	9219.0
263.0	9694.0
264.0	9345.0
265.0	9594.0
266.0	9581.0
267.0	10003.0
268.0	9730.0
269.0	10300.0
270.0	10189.0
271.0	9876.0
272.0	10117.0
273.0	10009.0
274.0	10029.0
275.0	10059.0
276.0	9984.0
277.0	9622.0
278.0	9851.0
279.0	9579.0
280.0	9956.0
281.0	9768.0
282.0	8969.0
283.0	9751.0
284.0	9742.0
285.0	9484.0
286.0	9856.0
287.0	9366.0
288.0	9776.0
289.0	9672.0
290.0	10039.0
291.0	9505.0
292.0	9906.0
293.0	9284.0
294.0	9605.0
295.0	9973.0
296.0	9290.0
297.0	9600.0
298.0	9421.0
299.0	10026.0
300.0	9779.0
301.0	9725.0
302.0	10007.0
303.0	9700.0
304.0	9996.0
305.0	9689.0
306.0	9570.0
307.0	9731.0
308.0	9772.0
309.0	10002.0
310.0	9706.0
311.0	9517.0
312.0	9539.0
313.0	10041.0
314.0	9846.0
315.0	9981.0
316.0	9658.0
317.0	10227.0
318.0	9821.0
319.0	9621.0
320.0	9584.0
321.0	10048.0
322.0	9969.0
323.0	9739.0
324.0	9340.0
325.0	9777.0
326.0	9786.0
327.0	9966.0
328.0	9837.0
329.0	9928.0
330.0	9887.0
331.0	9686.0
332.0	10004.0
333.0	9266.0
334.0	9464.0
335.0	9679.0
336.0	9517.0
337.0	9757.0
338.0	9279.0
339.0	9841.0
340.0	10084.0
341.0	9244.0
342.0	9975.0
343.0	9916.0
344.0	9880.0
345.0	9852.0
346.0	9767.0
347.0	9999.0
348.0	9829.0
349.0	10110.0
350.0	9877.0
351.0	9958.0
352.0	9534.0
353.0	9466.0
354.0	10278.0
355.0	9421.0
356.0	9829.0
357.0	9770.0
358.0	9503.0
359.0	10295.0
360.0	9728.0
361.0	9626.0
362.0	9907.0
363.0	9459.0
364.0	9352.0
365.0	9466.0
366.0	9487.0
367.0	9749.0
368.0	9925.0
369.0	9500.0
370.0	9777.0
371.0	9602.0
372.0	9952.0
373.0	9281.0
374.0	9493.0
375.0	9653.0
376.0	9321.0
377.0	9858.0
378.0	9649.0
379.0	9956.0
380.0	10088.0
381.0	9626.0
382.0	9455.0
383.0	9869.0
384.0	9970.0
385.0	10111.0
386.0	9674.0
387.0	9668.0
388.0	9363.0
389.0	9485.0
390.0	9458.0
391.0	9918.0
392.0	9660.0
393.0	9959.0
394.0	9416.0
395.0	9703.0
396.0	9466.0
397.0	9787.0
398.0	9522.0
399.0	9833.0
400.0	9436.0
401.0	9401.0
402.0	9507.0
403.0	9867.0
404.0	9887.0
405.0	9626.0
406.0	10150.0
407.0	9752.0
408.0	9898.0
409.0	9735.0
410.0	9716.0
411.0	9773.0
412.0	9894.0
413.0	9438.0
414.0	9560.0
415.0	9714.0
416.0	9704.0
417.0	9742.0
418.0	9774.0
419.0	9713.0
420.0	9827.0
421.0	9903.0
422.0	9759.0
423.0	9701.0
424.0	9650.0
425.0	9761.0
426.0	9578.0
427.0	9254.0
428.0	9603.0
429.0	9602.0
430.0	9949.0
431.0	9794.0
432.0	9633.0
433.0	9578.0
434.0	9619.0
435.0	9706.0
436.0	10002.0
437.0	9704.0
438.0	9877.0
439.0	10112.0
440.0	10068.0
441.0	9706.0
442.0	9513.0
443.0	9984.0
444.0	9836.0
445.0	10187.0
446.0	9751.0
447.0	9860.0
448.0	10125.0
449.0	10472.0
450.0	9708.0
451.0	9561.0
452.0	9684.0
453.0	10007.0
454.0	9705.0
455.0	9428.0
456.0	9556.0
457.0	10330.0
458.0	9580.0
459.0	9757.0
460.0	9841.0
461.0	9447.0
462.0	9420.0
463.0	10027.0
464.0	9420.0
465.0	9866.0
466.0	10557.0
467.0	10045.0
468.0	9827.0
469.0	9572.0
470.0	9956.0
471.0	9761.0
472.0	9856.0
473.0	10427.0
474.0	10185.0
475.0	9981.0
476.0	9646.0
477.0	9602.0
478.0	10088.0
479.0	10550.0
480.0	9959.0
481.0	10107.0
482.0	9700.0
483.0	10164.0
484.0	10466.0
485.0	9841.0
486.0	9865.0
487.0	9593.0
488.0	10116.0
489.0	9816.0
490.0	9937.0
491.0	10009.0
492.0	10170.0
493.0	10050.0
494.0	9917.0
495.0	10288.0
496.0	9995.0
497.0	10208.0
498.0	10403.0
499.0	10102.0
500.0	10438.0
501.0	10246.0
502.0	10258.0
503.0	10003.0
504.0	10088.0
505.0	10385.0
506.0	10067.0
507.0	10574.0
508.0	10507.0
509.0	10225.0
510.0	10694.0
511.0	10483.0
512.0	10443.0
513.0	10299.0
514.0	10295.0
515.0	9909.0
516.0	10247.0
517.0	10501.0
518.0	9812.0
519.0	10542.0
520.0	10402.0
521.0	10334.0
522.0	9873.0
523.0	10436.0
524.0	10063.0
525.0	9981.0
526.0	10274.0
527.0	10440.0
528.0	9825.0
529.0	10009.0
530.0	10278.0
531.0	10242.0
532.0	10400.0
533.0	10219.0
534.0	10178.0
535.0	10222.0
536.0	10406.0
537.0	10499.0
538.0	9897.0
539.0	9881.0
540.0	9826.0
541.0	9969.0
542.0	10182.0
543.0	10453.0
544.0	10389.0
545.0	10396.0
546.0	10467.0
547.0	10121.0
548.0	10003.0
549.0	10108.0
550.0	10154.0
551.0	10288.0
552.0	10424.0
553.0	10028.0
554.0	10034.0
555.0	9867.0
556.0	10172.0
557.0	10002.0
558.0	9664.0
559.0	9683.0
560.0	10031.0
561.0	10126.0
562.0	9860.0
563.0	10017.0
564.0	9728.0
565.0	10255.0
566.0	10286.0
567.0	9765.0
568.0	9771.0
569.0	10144.0
570.0	10240.0
571.0	9465.0
572.0	9873.0
573.0	10011.0
574.0	9995.0
575.0	10241.0
576.0	9716.0
577.0	10068.0
578.0	9659.0
579.0	9666.0
580.0	9673.0
581.0	10280.0
582.0	9620.0
583.0	9847.0
584.0	9704.0
585.0	10049.0
586.0	9809.0
587.0	10184.0
588.0	9868.0
589.0	10112.0
590.0	9847.0
591.0	9765.0
592.0	9840.0
593.0	9922.0
594.0	10130.0
595.0	9981.0
596.0	9703.0
597.0	9912.0
598.0	10173.0
599.0	10133.0
600.0	10113.0
601.0	9656.0
602.0	9888.0
603.0	10347.0
604.0	9374.0
605.0	9469.0
606.0	10178.0
607.0	9569.0
608.0	9919.0
609.0	9608.0
610.0	9873.0
611.0	9458.0
612.0	9612.0
613.0	9670.0
614.0	9775.0
615.0	9672.0
616.0	9973.0
617.0	9456.0
618.0	9809.0
619.0	9644.0
620.0	9869.0
621.0	9615.0
622.0	9670.0
623.0	9272.0
624.0	9671.0
625.0	9993.0
626.0	9766.0
627.0	9788.0
628.0	10084.0
629.0	9522.0
630.0	9876.0
631.0	9787.0
632.0	9985.0
633.0	9775.0
634.0	9766.0
635.0	9538.0
636.0	9889.0
637.0	9514.0
638.0	9847.0
639.0	9619.0
640.0	9654.0
641.0	9658.0
642.0	9676.0
643.0	9825.0
644.0	10025.0
645.0	9358.0
646.0	9791.0
647.0	9645.0
648.0	9608.0
649.0	9986.0
650.0	9245.0
651.0	9627.0
652.0	9989.0
653.0	9760.0
654.0	9945.0
655.0	10211.0
656.0	9964.0
657.0	9882.0
658.0	9955.0
659.0	9624.0
660.0	9981.0
661.0	9728.0
662.0	9751.0
663.0	9867.0
664.0	9869.0
665.0	9603.0
666.0	9844.0
667.0	9343.0
668.0	9149.0
669.0	9771.0
670.0	9676.0
671.0	9808.0
672.0	9165.0
673.0	9706.0
674.0	9670.0
675.0	10018.0
676.0	9858.0
677.0	9786.0
678.0	9460.0
679.0	9700.0
680.0	9979.0
681.0	9399.0
682.0	9658.0
683.0	9634.0
684.0	9480.0
685.0	10056.0
686.0	9747.0
687.0	9273.0
688.0	9701.0
689.0	9652.0
690.0	9786.0
691.0	9848.0
692.0	9490.0
693.0	9377.0
694.0	9133.0
695.0	9488.0
696.0	9251.0
697.0	9229.0
698.0	9407.0
699.0	9339.0
700.0	9499.0
701.0	10225.0
702.0	9869.0
703.0	10219.0
704.0	9970.0
705.0	9866.0
706.0	9358.0
707.0	9544.0
708.0	9269.0
709.0	10129.0
710.0	10253.0
711.0	9574.0
712.0	9758.0
713.0	9851.0
714.0	9747.0
715.0	9419.0
716.0	9605.0
717.0	10042.0
718.0	9987.0
719.0	9882.0
720.0	9693.0
721.0	9529.0
722.0	9447.0
723.0	9289.0
724.0	9981.0
725.0	9278.0
726.0	9617.0
727.0	9872.0
728.0	9527.0
729.0	9853.0
730.0	9973.0
731.0	9777.0
732.0	9826.0
733.0	9509.0
734.0	10160.0
735.0	9409.0
736.0	9853.0
737.0	9124.0
738.0	10024.0
739.0	9650.0
740.0	9832.0
741.0	9486.0
742.0	9330.0
743.0	9725.0
744.0	9999.0
745.0	9854.0
746.0	9453.0
747.0	9593.0
748.0	9727.0
749.0	9390.0
750.0	9670.0
751.0	9750.0
752.0	9361.0
753.0	9833.0
754.0	9347.0
755.0	9281.0
756.0	9583.0
757.0	9786.0
758.0	9475.0
759.0	9578.0
760.0	9770.0
761.0	9485.0
762.0	9591.0
763.0	9621.0
764.0	10132.0
765.0	9684.0
766.0	9970.0
767.0	9861.0
768.0	10125.0
769.0	9812.0
770.0	9522.0
771.0	9491.0
772.0	9604.0
773.0	9689.0
774.0	9456.0
775.0	9454.0
776.0	9753.0
777.0	9321.0
778.0	9369.0
779.0	9171.0
780.0	9696.0
781.0	9407.0
782.0	9470.0
783.0	10111.0
784.0	9838.0
785.0	9607.0
786.0	9602.0
787.0	9833.0
788.0	9494.0
789.0	9724.0
790.0	9273.0
791.0	9469.0
792.0	9473.0
793.0	9470.0
794.0	9505.0
795.0	9781.0
796.0	9755.0
797.0	9431.0
798.0	9735.0
799.0	10231.0
800.0	9979.0
