$itime = 500
$wv_start = 190.0
$hv = 1000
$grating = 2 1200 g/mm BLZ= 500  nm
$x_amps = 10
$x_volts = 45
$sample = DB2333
$date = 2023-06-02
$temp = 62.0
$wv_stop = 800.0
$time = 19:18:14.045000
$wv_step = 1.0
190.0	9679.0
191.0	9691.0
192.0	9605.0
193.0	10172.0
194.0	10039.0
195.0	9877.0
196.0	9979.0
197.0	9489.0
198.0	9971.0
199.0	10225.0
200.0	9977.0
201.0	9893.0
202.0	9543.0
203.0	10080.0
204.0	10113.0
205.0	9722.0
206.0	10196.0
207.0	10075.0
208.0	9975.0
209.0	9800.0
210.0	9563.0
211.0	9478.0
212.0	10683.0
213.0	9984.0
214.0	10242.0
215.0	10083.0
216.0	9860.0
217.0	9589.0
218.0	9923.0
219.0	9668.0
220.0	10132.0
221.0	9464.0
222.0	9640.0
223.0	9581.0
224.0	10155.0
225.0	9800.0
226.0	9763.0
227.0	10243.0
228.0	10037.0
229.0	9692.0
230.0	9973.0
231.0	9534.0
232.0	9798.0
233.0	10024.0
234.0	10114.0
235.0	9716.0
236.0	9981.0
237.0	9958.0
238.0	9937.0
239.0	9915.0
240.0	10367.0
241.0	9632.0
242.0	9660.0
243.0	10210.0
244.0	9829.0
245.0	9653.0
246.0	9731.0
247.0	10575.0
248.0	10308.0
249.0	9825.0
250.0	10059.0
251.0	10030.0
252.0	9913.0
253.0	10064.0
254.0	9763.0
255.0	9790.0
256.0	10345.0
257.0	9808.0
258.0	9836.0
259.0	9973.0
260.0	9769.0
261.0	9961.0
262.0	10264.0
263.0	9835.0
264.0	9978.0
265.0	10222.0
266.0	10407.0
267.0	10066.0
268.0	9846.0
269.0	9999.0
270.0	9973.0
271.0	9765.0
272.0	9672.0
273.0	9984.0
274.0	10321.0
275.0	9771.0
276.0	10016.0
277.0	9865.0
278.0	9798.0
279.0	10354.0
280.0	10572.0
281.0	10117.0
282.0	10074.0
283.0	9767.0
284.0	10025.0
285.0	10329.0
286.0	10173.0
287.0	9954.0
288.0	10543.0
289.0	10226.0
290.0	9766.0
291.0	10211.0
292.0	10045.0
293.0	9978.0
294.0	9721.0
295.0	10041.0
296.0	10107.0
297.0	9697.0
298.0	10271.0
299.0	9666.0
300.0	10158.0
301.0	10007.0
302.0	10182.0
303.0	9545.0
304.0	10067.0
305.0	10045.0
306.0	10129.0
307.0	10094.0
308.0	9957.0
309.0	10593.0
310.0	10112.0
311.0	10775.0
312.0	10165.0
313.0	9993.0
314.0	9970.0
315.0	10222.0
316.0	10031.0
317.0	10195.0
318.0	9902.0
319.0	9725.0
320.0	10477.0
321.0	9788.0
322.0	9777.0
323.0	9750.0
324.0	10034.0
325.0	9794.0
326.0	9623.0
327.0	10181.0
328.0	9788.0
329.0	9984.0
330.0	9530.0
331.0	10271.0
332.0	9870.0
333.0	10102.0
334.0	9929.0
335.0	10086.0
336.0	9822.0
337.0	9676.0
338.0	10108.0
339.0	9970.0
340.0	9877.0
341.0	9668.0
342.0	9674.0
343.0	10367.0
344.0	10307.0
345.0	9799.0
346.0	10161.0
347.0	10151.0
348.0	9987.0
349.0	10012.0
350.0	9872.0
351.0	9913.0
352.0	10242.0
353.0	9813.0
354.0	10134.0
355.0	9723.0
356.0	10182.0
357.0	10227.0
358.0	10188.0
359.0	10056.0
360.0	10085.0
361.0	9802.0
362.0	10407.0
363.0	10102.0
364.0	10135.0
365.0	9948.0
366.0	10116.0
367.0	10067.0
368.0	9724.0
369.0	9748.0
370.0	9720.0
371.0	9879.0
372.0	10146.0
373.0	10033.0
374.0	9779.0
375.0	10101.0
376.0	9937.0
377.0	9901.0
378.0	9727.0
379.0	10002.0
380.0	9655.0
381.0	9990.0
382.0	9851.0
383.0	10027.0
384.0	10035.0
385.0	10017.0
386.0	9348.0
387.0	10234.0
388.0	10211.0
389.0	9725.0
390.0	9824.0
391.0	9893.0
392.0	10031.0
393.0	10276.0
394.0	10078.0
395.0	9738.0
396.0	9974.0
397.0	10168.0
398.0	9781.0
399.0	9597.0
400.0	10178.0
401.0	9757.0
402.0	9525.0
403.0	9456.0
404.0	10230.0
405.0	9617.0
406.0	9817.0
407.0	9584.0
408.0	10334.0
409.0	9876.0
410.0	9777.0
411.0	9876.0
412.0	10507.0
413.0	9707.0
414.0	9793.0
415.0	10037.0
416.0	10286.0
417.0	10280.0
418.0	9847.0
419.0	9937.0
420.0	10460.0
421.0	9872.0
422.0	10173.0
423.0	9899.0
424.0	9975.0
425.0	9981.0
426.0	9761.0
427.0	9813.0
428.0	10300.0
429.0	9932.0
430.0	9954.0
431.0	10088.0
432.0	10039.0
433.0	10006.0
434.0	9504.0
435.0	10177.0
436.0	10247.0
437.0	10427.0
438.0	9852.0
439.0	10367.0
440.0	9593.0
441.0	10015.0
442.0	10579.0
443.0	10268.0
444.0	10615.0
445.0	10397.0
446.0	10440.0
447.0	10133.0
448.0	9860.0
449.0	9929.0
450.0	10118.0
451.0	9806.0
452.0	10026.0
453.0	9781.0
454.0	10174.0
455.0	10070.0
456.0	9987.0
457.0	10401.0
458.0	10056.0
459.0	9865.0
460.0	9803.0
461.0	10452.0
462.0	10381.0
463.0	9988.0
464.0	10231.0
465.0	10648.0
466.0	11263.0
467.0	11141.0
468.0	10931.0
469.0	10783.0
470.0	10537.0
471.0	9975.0
472.0	11121.0
473.0	10117.0
474.0	10650.0
475.0	10804.0
476.0	10887.0
477.0	10750.0
478.0	11354.0
479.0	12090.0
480.0	12442.0
481.0	11270.0
482.0	10712.0
483.0	10907.0
484.0	11236.0
485.0	10558.0
486.0	11092.0
487.0	10511.0
488.0	10262.0
489.0	10863.0
490.0	10621.0
491.0	10936.0
492.0	10989.0
493.0	10783.0
494.0	10811.0
495.0	11019.0
496.0	10670.0
497.0	11065.0
498.0	10634.0
499.0	11302.0
500.0	11036.0
501.0	11505.0
502.0	12798.0
503.0	12623.0
504.0	11736.0
505.0	11164.0
506.0	11768.0
507.0	10734.0
508.0	11549.0
509.0	11480.0
510.0	11017.0
511.0	11053.0
512.0	11023.0
513.0	10957.0
514.0	10940.0
515.0	11055.0
516.0	11144.0
517.0	11208.0
518.0	10794.0
519.0	10972.0
520.0	11162.0
521.0	10903.0
522.0	10785.0
523.0	10764.0
524.0	10774.0
525.0	11027.0
526.0	11142.0
527.0	10716.0
528.0	10944.0
529.0	11370.0
530.0	10695.0
531.0	10669.0
532.0	10647.0
533.0	11148.0
534.0	10571.0
535.0	11280.0
536.0	10762.0
537.0	11121.0
538.0	10672.0
539.0	10452.0
540.0	10605.0
541.0	10787.0
542.0	10800.0
543.0	10913.0
544.0	10947.0
545.0	11064.0
546.0	10918.0
547.0	10689.0
548.0	11236.0
549.0	11134.0
550.0	10658.0
551.0	10475.0
552.0	10347.0
553.0	10921.0
554.0	10456.0
555.0	10365.0
556.0	11357.0
557.0	10713.0
558.0	10895.0
559.0	10579.0
560.0	10628.0
561.0	10452.0
562.0	10746.0
563.0	10068.0
564.0	10722.0
565.0	11084.0
566.0	10112.0
567.0	10655.0
568.0	10401.0
569.0	10614.0
570.0	10925.0
571.0	10516.0
572.0	10427.0
573.0	10673.0
574.0	10496.0
575.0	10009.0
576.0	10385.0
577.0	10286.0
578.0	10697.0
579.0	10619.0
580.0	10169.0
581.0	10451.0
582.0	10967.0
583.0	10573.0
584.0	10194.0
585.0	10123.0
586.0	10144.0
587.0	10181.0
588.0	10568.0
589.0	9759.0
590.0	10453.0
591.0	10364.0
592.0	10132.0
593.0	10049.0
594.0	10174.0
595.0	10518.0
596.0	10059.0
597.0	10006.0
598.0	10294.0
599.0	10176.0
600.0	9974.0
601.0	9755.0
602.0	10106.0
603.0	10183.0
604.0	10126.0
605.0	10185.0
606.0	9859.0
607.0	10515.0
608.0	10283.0
609.0	10104.0
610.0	10414.0
611.0	10033.0
612.0	9540.0
613.0	10388.0
614.0	10419.0
615.0	10172.0
616.0	9387.0
617.0	10194.0
618.0	9781.0
619.0	9767.0
620.0	10017.0
621.0	9735.0
622.0	10371.0
623.0	9946.0
624.0	9985.0
625.0	9826.0
626.0	10025.0
627.0	10245.0
628.0	9752.0
629.0	10326.0
630.0	10271.0
631.0	10261.0
632.0	10101.0
633.0	9650.0
634.0	10307.0
635.0	9945.0
636.0	10382.0
637.0	9612.0
638.0	10721.0
639.0	10131.0
640.0	9905.0
641.0	9790.0
642.0	10308.0
643.0	10068.0
644.0	9758.0
645.0	9970.0
646.0	9454.0
647.0	9850.0
648.0	9872.0
649.0	9794.0
650.0	9949.0
651.0	9643.0
652.0	9970.0
653.0	10034.0
654.0	9990.0
655.0	9880.0
656.0	9636.0
657.0	10007.0
658.0	10153.0
659.0	10429.0
660.0	10343.0
661.0	9863.0
662.0	9871.0
663.0	9767.0
664.0	9701.0
665.0	10194.0
666.0	9617.0
667.0	9857.0
668.0	10031.0
669.0	9748.0
670.0	10168.0
671.0	9969.0
672.0	9919.0
673.0	10009.0
674.0	9918.0
675.0	9999.0
676.0	9615.0
677.0	9826.0
678.0	10005.0
679.0	10073.0
680.0	10440.0
681.0	10132.0
682.0	10388.0
683.0	9857.0
684.0	9726.0
685.0	9625.0
686.0	10005.0
687.0	10152.0
688.0	9871.0
689.0	9587.0
690.0	10451.0
691.0	10186.0
692.0	10226.0
693.0	9782.0
694.0	9711.0
695.0	10044.0
696.0	10372.0
697.0	9876.0
698.0	9381.0
699.0	10025.0
700.0	10167.0
701.0	10154.0
702.0	9678.0
703.0	9977.0
704.0	9441.0
705.0	10379.0
706.0	10023.0
707.0	10421.0
708.0	9755.0
709.0	9977.0
710.0	9411.0
711.0	10640.0
712.0	9850.0
713.0	9843.0
714.0	10461.0
715.0	9916.0
716.0	10007.0
717.0	9582.0
718.0	9615.0
719.0	10379.0
720.0	9754.0
721.0	9582.0
722.0	9932.0
723.0	10030.0
724.0	10211.0
725.0	10138.0
726.0	10153.0
727.0	10116.0
728.0	10088.0
729.0	10142.0
730.0	9822.0
731.0	10056.0
732.0	9986.0
733.0	9987.0
734.0	9787.0
735.0	9778.0
736.0	9799.0
737.0	9911.0
738.0	9519.0
739.0	9735.0
740.0	9897.0
741.0	9846.0
742.0	9819.0
743.0	10000.0
744.0	10158.0
745.0	9777.0
746.0	9894.0
747.0	9907.0
748.0	10249.0
749.0	9998.0
750.0	10022.0
751.0	9716.0
752.0	10163.0
753.0	9851.0
754.0	10170.0
755.0	9758.0
756.0	10035.0
757.0	10148.0
758.0	9439.0
759.0	9932.0
760.0	9769.0
761.0	10121.0
762.0	10149.0
763.0	10057.0
764.0	9785.0
765.0	10406.0
766.0	9795.0
767.0	9788.0
768.0	9803.0
769.0	9900.0
770.0	10003.0
771.0	10237.0
772.0	10094.0
773.0	9982.0
774.0	9725.0
775.0	9806.0
776.0	10490.0
777.0	10168.0
778.0	9778.0
779.0	9858.0
780.0	9605.0
781.0	10212.0
782.0	10120.0
783.0	9451.0
784.0	9676.0
785.0	9956.0
786.0	10054.0
787.0	9687.0
788.0	9787.0
789.0	9780.0
790.0	9383.0
791.0	10076.0
792.0	10237.0
793.0	10048.0
794.0	9990.0
795.0	9756.0
796.0	10087.0
797.0	9978.0
798.0	9368.0
799.0	9788.0
800.0	9940.0
