$itime = 500
$wv_start = 190.0
$hv = 1000
$grating = 2 1200 g/mm BLZ= 500  nm
$x_amps = 10
$x_volts = 45
$sample = DB2333
$date = 2023-06-02
$temp = 312.0
$wv_stop = 800.0
$time = 11:41:43.714000
$wv_step = 1.0
190.0	7901.0
191.0	7690.0
192.0	7789.0
193.0	7709.0
194.0	8339.0
195.0	8220.0
196.0	7833.0
197.0	7845.0
198.0	8218.0
199.0	7663.0
200.0	7861.0
201.0	7832.0
202.0	8152.0
203.0	7645.0
204.0	7903.0
205.0	8221.0
206.0	7570.0
207.0	8018.0
208.0	7921.0
209.0	7773.0
210.0	8284.0
211.0	8076.0
212.0	7767.0
213.0	7521.0
214.0	8027.0
215.0	8167.0
216.0	8501.0
217.0	8040.0
218.0	7628.0
219.0	7723.0
220.0	7898.0
221.0	7846.0
222.0	7687.0
223.0	8006.0
224.0	7939.0
225.0	7727.0
226.0	7739.0
227.0	7560.0
228.0	7758.0
229.0	7910.0
230.0	7669.0
231.0	7739.0
232.0	8004.0
233.0	8073.0
234.0	7658.0
235.0	7885.0
236.0	7608.0
237.0	8304.0
238.0	7518.0
239.0	7867.0
240.0	7925.0
241.0	8005.0
242.0	7539.0
243.0	8187.0
244.0	8087.0
245.0	8033.0
246.0	7788.0
247.0	8142.0
248.0	7976.0
249.0	8036.0
250.0	7707.0
251.0	8012.0
252.0	8190.0
253.0	8242.0
254.0	8058.0
255.0	8087.0
256.0	7758.0
257.0	7917.0
258.0	8077.0
259.0	7997.0
260.0	8279.0
261.0	7844.0
262.0	7571.0
263.0	7923.0
264.0	8036.0
265.0	8164.0
266.0	8238.0
267.0	8253.0
268.0	7877.0
269.0	7717.0
270.0	7962.0
271.0	8416.0
272.0	8014.0
273.0	7747.0
274.0	8256.0
275.0	7948.0
276.0	8112.0
277.0	7528.0
278.0	8205.0
279.0	8198.0
280.0	7773.0
281.0	7638.0
282.0	8218.0
283.0	7940.0
284.0	7999.0
285.0	8290.0
286.0	8179.0
287.0	7939.0
288.0	8165.0
289.0	7870.0
290.0	8562.0
291.0	8291.0
292.0	8218.0
293.0	8265.0
294.0	8011.0
295.0	7570.0
296.0	8061.0
297.0	8223.0
298.0	8219.0
299.0	7926.0
300.0	7652.0
301.0	7925.0
302.0	7886.0
303.0	8096.0
304.0	7997.0
305.0	8287.0
306.0	8409.0
307.0	7897.0
308.0	8039.0
309.0	8405.0
310.0	8162.0
311.0	8099.0
312.0	8076.0
313.0	8291.0
314.0	8192.0
315.0	7961.0
316.0	8290.0
317.0	7943.0
318.0	7751.0
319.0	8196.0
320.0	8118.0
321.0	8116.0
322.0	7720.0
323.0	7788.0
324.0	7974.0
325.0	7570.0
326.0	7623.0
327.0	8130.0
328.0	7919.0
329.0	7413.0
330.0	8071.0
331.0	8092.0
332.0	8126.0
333.0	7929.0
334.0	7896.0
335.0	8062.0
336.0	7666.0
337.0	8311.0
338.0	7962.0
339.0	7820.0
340.0	7706.0
341.0	8548.0
342.0	7962.0
343.0	7927.0
344.0	8417.0
345.0	7989.0
346.0	8154.0
347.0	7797.0
348.0	7957.0
349.0	8148.0
350.0	7883.0
351.0	8007.0
352.0	7803.0
353.0	7669.0
354.0	8312.0
355.0	7549.0
356.0	7991.0
357.0	7823.0
358.0	8192.0
359.0	7871.0
360.0	7917.0
361.0	7972.0
362.0	7755.0
363.0	7807.0
364.0	7726.0
365.0	7772.0
366.0	8105.0
367.0	7951.0
368.0	8278.0
369.0	7709.0
370.0	7905.0
371.0	7773.0
372.0	8023.0
373.0	7833.0
374.0	8152.0
375.0	7591.0
376.0	7568.0
377.0	7792.0
378.0	7602.0
379.0	7723.0
380.0	8343.0
381.0	7838.0
382.0	7690.0
383.0	8111.0
384.0	7847.0
385.0	7661.0
386.0	7698.0
387.0	7708.0
388.0	7703.0
389.0	8385.0
390.0	8161.0
391.0	8172.0
392.0	7897.0
393.0	7899.0
394.0	7888.0
395.0	7734.0
396.0	7728.0
397.0	8209.0
398.0	7751.0
399.0	7999.0
400.0	7875.0
401.0	7426.0
402.0	7457.0
403.0	8202.0
404.0	7991.0
405.0	7914.0
406.0	8204.0
407.0	7933.0
408.0	7833.0
409.0	8078.0
410.0	7985.0
411.0	8274.0
412.0	8188.0
413.0	8300.0
414.0	8125.0
415.0	8011.0
416.0	7517.0
417.0	8092.0
418.0	7983.0
419.0	8138.0
420.0	8080.0
421.0	8110.0
422.0	7554.0
423.0	8236.0
424.0	8097.0
425.0	7848.0
426.0	8032.0
427.0	7793.0
428.0	7725.0
429.0	7906.0
430.0	8247.0
431.0	7819.0
432.0	8289.0
433.0	8285.0
434.0	7789.0
435.0	7896.0
436.0	7862.0
437.0	8056.0
438.0	7727.0
439.0	8152.0
440.0	7629.0
441.0	7859.0
442.0	7714.0
443.0	7791.0
444.0	7970.0
445.0	7659.0
446.0	7870.0
447.0	8018.0
448.0	8058.0
449.0	7976.0
450.0	8121.0
451.0	8094.0
452.0	7945.0
453.0	7626.0
454.0	8130.0
455.0	7565.0
456.0	8242.0
457.0	7855.0
458.0	7676.0
459.0	7945.0
460.0	7534.0
461.0	7997.0
462.0	8155.0
463.0	8015.0
464.0	8010.0
465.0	7949.0
466.0	8355.0
467.0	8057.0
468.0	7976.0
469.0	8310.0
470.0	8192.0
471.0	8285.0
472.0	7734.0
473.0	7836.0
474.0	7488.0
475.0	8010.0
476.0	7847.0
477.0	7965.0
478.0	7766.0
479.0	8026.0
480.0	7809.0
481.0	7918.0
482.0	7821.0
483.0	7639.0
484.0	7637.0
485.0	7853.0
486.0	7727.0
487.0	8097.0
488.0	8133.0
489.0	8209.0
490.0	7733.0
491.0	7774.0
492.0	7965.0
493.0	8143.0
494.0	8094.0
495.0	8007.0
496.0	8060.0
497.0	8134.0
498.0	8080.0
499.0	8323.0
500.0	7861.0
501.0	8056.0
502.0	8183.0
503.0	7961.0
504.0	8231.0
505.0	8042.0
506.0	7832.0
507.0	8315.0
508.0	8028.0
509.0	7926.0
510.0	8145.0
511.0	8185.0
512.0	7646.0
513.0	7723.0
514.0	7528.0
515.0	7879.0
516.0	8028.0
517.0	8110.0
518.0	8354.0
519.0	7906.0
520.0	8196.0
521.0	7984.0
522.0	8074.0
523.0	7904.0
524.0	7567.0
525.0	7589.0
526.0	7704.0
527.0	7797.0
528.0	8156.0
529.0	7885.0
530.0	7600.0
531.0	7746.0
532.0	7872.0
533.0	7418.0
534.0	8092.0
535.0	7934.0
536.0	8192.0
537.0	7666.0
538.0	7689.0
539.0	8002.0
540.0	8179.0
541.0	8474.0
542.0	7941.0
543.0	7962.0
544.0	8061.0
545.0	8004.0
546.0	8386.0
547.0	8169.0
548.0	8545.0
549.0	7720.0
550.0	7986.0
551.0	8075.0
552.0	7619.0
553.0	8121.0
554.0	8145.0
555.0	8304.0
556.0	8378.0
557.0	8399.0
558.0	8010.0
559.0	8042.0
560.0	8148.0
561.0	8170.0
562.0	8208.0
563.0	7795.0
564.0	8440.0
565.0	7600.0
566.0	7789.0
567.0	8166.0
568.0	7994.0
569.0	8694.0
570.0	7985.0
571.0	7680.0
572.0	8331.0
573.0	8196.0
574.0	7866.0
575.0	8425.0
576.0	7708.0
577.0	8044.0
578.0	8006.0
579.0	8526.0
580.0	7854.0
581.0	8345.0
582.0	8202.0
583.0	7820.0
584.0	7962.0
585.0	8136.0
586.0	8087.0
587.0	8139.0
588.0	7881.0
589.0	8167.0
590.0	8301.0
591.0	8144.0
592.0	7751.0
593.0	7853.0
594.0	8149.0
595.0	8255.0
596.0	8011.0
597.0	7572.0
598.0	8378.0
599.0	8346.0
600.0	7735.0
601.0	7905.0
602.0	7874.0
603.0	7756.0
604.0	8027.0
605.0	7806.0
606.0	8214.0
607.0	8198.0
608.0	7934.0
609.0	7995.0
610.0	7765.0
611.0	7898.0
612.0	8192.0
613.0	7773.0
614.0	8241.0
615.0	7863.0
616.0	7806.0
617.0	8164.0
618.0	8429.0
619.0	8049.0
620.0	7669.0
621.0	8086.0
622.0	8072.0
623.0	7989.0
624.0	7945.0
625.0	7853.0
626.0	7807.0
627.0	8418.0
628.0	7518.0
629.0	8096.0
630.0	7986.0
631.0	7845.0
632.0	7809.0
633.0	7994.0
634.0	8121.0
635.0	8037.0
636.0	7679.0
637.0	8562.0
638.0	7983.0
639.0	8162.0
640.0	7989.0
641.0	7948.0
642.0	7997.0
643.0	8050.0
644.0	8320.0
645.0	7725.0
646.0	8167.0
647.0	8316.0
648.0	8220.0
649.0	7935.0
650.0	8304.0
651.0	7998.0
652.0	7756.0
653.0	7933.0
654.0	8259.0
655.0	7623.0
656.0	7921.0
657.0	8000.0
658.0	7968.0
659.0	7726.0
660.0	7892.0
661.0	8222.0
662.0	8216.0
663.0	7693.0
664.0	8047.0
665.0	7997.0
666.0	8008.0
667.0	7789.0
668.0	7770.0
669.0	8112.0
670.0	8154.0
671.0	7769.0
672.0	7746.0
673.0	7666.0
674.0	8300.0
675.0	7759.0
676.0	7516.0
677.0	8090.0
678.0	8189.0
679.0	7927.0
680.0	8263.0
681.0	7892.0
682.0	8011.0
683.0	7940.0
684.0	7938.0
685.0	7739.0
686.0	8014.0
687.0	7845.0
688.0	7785.0
689.0	8071.0
690.0	7778.0
691.0	7782.0
692.0	7864.0
693.0	7781.0
694.0	7975.0
695.0	8061.0
696.0	7932.0
697.0	8019.0
698.0	7739.0
699.0	8042.0
700.0	7582.0
701.0	7522.0
702.0	8011.0
703.0	7830.0
704.0	7658.0
705.0	7646.0
706.0	7479.0
707.0	7713.0
708.0	7875.0
709.0	8048.0
710.0	7635.0
711.0	7891.0
712.0	8078.0
713.0	8209.0
714.0	8076.0
715.0	7869.0
716.0	7603.0
717.0	8081.0
718.0	7999.0
719.0	8027.0
720.0	7608.0
721.0	7921.0
722.0	8197.0
723.0	7895.0
724.0	7820.0
725.0	7773.0
726.0	8182.0
727.0	8169.0
728.0	8101.0
729.0	8036.0
730.0	7528.0
731.0	7747.0
732.0	7790.0
733.0	7894.0
734.0	8299.0
735.0	8172.0
736.0	8308.0
737.0	7884.0
738.0	7893.0
739.0	7999.0
740.0	7991.0
741.0	7853.0
742.0	7924.0
743.0	7646.0
744.0	7846.0
745.0	7968.0
746.0	7852.0
747.0	7859.0
748.0	8162.0
749.0	7831.0
750.0	7759.0
751.0	7659.0
752.0	8007.0
753.0	7727.0
754.0	8045.0
755.0	7818.0
756.0	7956.0
757.0	8274.0
758.0	7789.0
759.0	7978.0
760.0	7968.0
761.0	7568.0
762.0	8092.0
763.0	7770.0
764.0	7752.0
765.0	8236.0
766.0	7864.0
767.0	7936.0
768.0	8345.0
769.0	7732.0
770.0	7902.0
771.0	8092.0
772.0	8134.0
773.0	8234.0
774.0	8085.0
775.0	7857.0
776.0	8196.0
777.0	7760.0
778.0	7928.0
779.0	7750.0
780.0	7293.0
781.0	7485.0
782.0	7818.0
783.0	7961.0
784.0	8014.0
785.0	7311.0
786.0	7996.0
787.0	7573.0
788.0	7855.0
789.0	8100.0
790.0	7648.0
791.0	8319.0
792.0	8623.0
793.0	7997.0
794.0	8183.0
795.0	8208.0
796.0	7528.0
797.0	7717.0
798.0	7927.0
799.0	7774.0
800.0	8108.0
