$itime = 500
$wv_start = 190.0
$hv = 1000
$grating = 2 1200 g/mm BLZ= 500  nm
$x_amps = 10
$x_volts = 45
$sample = DB2333
$date = 2023-06-02
$temp = 161.99
$wv_stop = 800.0
$time = 19:18:14.045000
$wv_step = 1.0
190.0	9469.0
191.0	9519.0
192.0	9755.0
193.0	9565.0
194.0	10132.0
195.0	9877.0
196.0	9262.0
197.0	9701.0
198.0	9752.0
199.0	9577.0
200.0	9377.0
201.0	9455.0
202.0	9572.0
203.0	9843.0
204.0	9628.0
205.0	10124.0
206.0	9525.0
207.0	9986.0
208.0	9852.0
209.0	9861.0
210.0	9813.0
211.0	9841.0
212.0	9873.0
213.0	9867.0
214.0	9695.0
215.0	9734.0
216.0	9934.0
217.0	9793.0
218.0	9787.0
219.0	9589.0
220.0	9711.0
221.0	9841.0
222.0	9434.0
223.0	9721.0
224.0	9299.0
225.0	9376.0
226.0	9552.0
227.0	9995.0
228.0	9970.0
229.0	9885.0
230.0	10268.0
231.0	9505.0
232.0	9630.0
233.0	9659.0
234.0	9305.0
235.0	9980.0
236.0	9469.0
237.0	9578.0
238.0	9351.0
239.0	9573.0
240.0	9584.0
241.0	9827.0
242.0	9451.0
243.0	9610.0
244.0	9654.0
245.0	9937.0
246.0	9599.0
247.0	9754.0
248.0	9646.0
249.0	9850.0
250.0	9774.0
251.0	10016.0
252.0	10062.0
253.0	9806.0
254.0	9544.0
255.0	9661.0
256.0	9763.0
257.0	9881.0
258.0	10077.0
259.0	9864.0
260.0	9758.0
261.0	9924.0
262.0	9789.0
263.0	10167.0
264.0	10019.0
265.0	9811.0
266.0	9453.0
267.0	9568.0
268.0	9543.0
269.0	9625.0
270.0	9742.0
271.0	9840.0
272.0	9835.0
273.0	9770.0
274.0	9616.0
275.0	9974.0
276.0	10355.0
277.0	9592.0
278.0	9668.0
279.0	9602.0
280.0	9770.0
281.0	9321.0
282.0	10294.0
283.0	10272.0
284.0	10211.0
285.0	10105.0
286.0	10167.0
287.0	10575.0
288.0	9607.0
289.0	9485.0
290.0	10236.0
291.0	9981.0
292.0	9711.0
293.0	9879.0
294.0	9555.0
295.0	9971.0
296.0	10031.0
297.0	10351.0
298.0	10007.0
299.0	10196.0
300.0	10214.0
301.0	10007.0
302.0	9567.0
303.0	9936.0
304.0	10154.0
305.0	9739.0
306.0	10163.0
307.0	9695.0
308.0	9840.0
309.0	9911.0
310.0	10152.0
311.0	10067.0
312.0	10002.0
313.0	9569.0
314.0	9975.0
315.0	10059.0
316.0	9558.0
317.0	9981.0
318.0	10125.0
319.0	9473.0
320.0	9401.0
321.0	9769.0
322.0	9825.0
323.0	9908.0
324.0	10030.0
325.0	9667.0
326.0	9821.0
327.0	9383.0
328.0	9848.0
329.0	9514.0
330.0	9981.0
331.0	9769.0
332.0	9678.0
333.0	9677.0
334.0	9976.0
335.0	10141.0
336.0	9789.0
337.0	9852.0
338.0	9851.0
339.0	9660.0
340.0	9865.0
341.0	9988.0
342.0	9540.0
343.0	9898.0
344.0	9744.0
345.0	9907.0
346.0	9913.0
347.0	9292.0
348.0	9789.0
349.0	9777.0
350.0	9539.0
351.0	9595.0
352.0	9589.0
353.0	10131.0
354.0	9877.0
355.0	9729.0
356.0	9648.0
357.0	9884.0
358.0	9971.0
359.0	9600.0
360.0	9991.0
361.0	9971.0
362.0	10012.0
363.0	9886.0
364.0	9721.0
365.0	10446.0
366.0	9262.0
367.0	9762.0
368.0	9859.0
369.0	9603.0
370.0	10026.0
371.0	10134.0
372.0	9447.0
373.0	10102.0
374.0	9469.0
375.0	10324.0
376.0	9514.0
377.0	9864.0
378.0	10352.0
379.0	9739.0
380.0	9549.0
381.0	9750.0
382.0	9701.0
383.0	9547.0
384.0	9721.0
385.0	9650.0
386.0	9788.0
387.0	9557.0
388.0	9604.0
389.0	9985.0
390.0	9600.0
391.0	9291.0
392.0	9607.0
393.0	9786.0
394.0	9989.0
395.0	9522.0
396.0	9768.0
397.0	9466.0
398.0	10293.0
399.0	10308.0
400.0	9853.0
401.0	9626.0
402.0	9781.0
403.0	9752.0
404.0	9700.0
405.0	9578.0
406.0	10027.0
407.0	9500.0
408.0	9612.0
409.0	9307.0
410.0	9775.0
411.0	10125.0
412.0	10160.0
413.0	9450.0
414.0	9986.0
415.0	9862.0
416.0	9649.0
417.0	10044.0
418.0	9570.0
419.0	9865.0
420.0	9812.0
421.0	10009.0
422.0	9740.0
423.0	9984.0
424.0	9505.0
425.0	10271.0
426.0	9813.0
427.0	9967.0
428.0	9558.0
429.0	10035.0
430.0	9952.0
431.0	9752.0
432.0	10076.0
433.0	9783.0
434.0	9583.0
435.0	9483.0
436.0	9761.0
437.0	9763.0
438.0	10043.0
439.0	9643.0
440.0	9613.0
441.0	9941.0
442.0	9841.0
443.0	9980.0
444.0	9977.0
445.0	9777.0
446.0	9768.0
447.0	9896.0
448.0	9605.0
449.0	9994.0
450.0	9654.0
451.0	10307.0
452.0	9724.0
453.0	9392.0
454.0	9624.0
455.0	9815.0
456.0	10018.0
457.0	10106.0
458.0	9600.0
459.0	10249.0
460.0	9908.0
461.0	9918.0
462.0	9511.0
463.0	9718.0
464.0	10006.0
465.0	10171.0
466.0	10039.0
467.0	10154.0
468.0	10520.0
469.0	10267.0
470.0	9981.0
471.0	10029.0
472.0	9974.0
473.0	9852.0
474.0	10282.0
475.0	10371.0
476.0	10595.0
477.0	10310.0
478.0	10357.0
479.0	10322.0
480.0	11233.0
481.0	10445.0
482.0	10549.0
483.0	10363.0
484.0	10461.0
485.0	10242.0
486.0	10020.0
487.0	10394.0
488.0	10259.0
489.0	10181.0
490.0	10395.0
491.0	10048.0
492.0	10914.0
493.0	10124.0
494.0	10621.0
495.0	10263.0
496.0	10289.0
497.0	10574.0
498.0	10417.0
499.0	10019.0
500.0	10632.0
501.0	10765.0
502.0	10533.0
503.0	11010.0
504.0	10551.0
505.0	10833.0
506.0	10606.0
507.0	10497.0
508.0	10852.0
509.0	10513.0
510.0	10382.0
511.0	10353.0
512.0	10441.0
513.0	10701.0
514.0	10759.0
515.0	10742.0
516.0	10763.0
517.0	10721.0
518.0	10458.0
519.0	10894.0
520.0	10159.0
521.0	10866.0
522.0	10120.0
523.0	10335.0
524.0	10909.0
525.0	10800.0
526.0	10335.0
527.0	10007.0
528.0	10502.0
529.0	10613.0
530.0	10158.0
531.0	10114.0
532.0	10751.0
533.0	11160.0
534.0	10276.0
535.0	10495.0
536.0	10557.0
537.0	9974.0
538.0	10631.0
539.0	10208.0
540.0	10434.0
541.0	10471.0
542.0	10410.0
543.0	10018.0
544.0	10317.0
545.0	10302.0
546.0	10863.0
547.0	10317.0
548.0	10715.0
549.0	10350.0
550.0	10335.0
551.0	9961.0
552.0	10752.0
553.0	10402.0
554.0	10336.0
555.0	9921.0
556.0	10134.0
557.0	10078.0
558.0	10537.0
559.0	10163.0
560.0	10344.0
561.0	10053.0
562.0	10090.0
563.0	10021.0
564.0	10163.0
565.0	10030.0
566.0	10098.0
567.0	10086.0
568.0	10432.0
569.0	10257.0
570.0	9844.0
571.0	10294.0
572.0	10585.0
573.0	10017.0
574.0	9801.0
575.0	10174.0
576.0	10246.0
577.0	10671.0
578.0	10025.0
579.0	10088.0
580.0	10245.0
581.0	9600.0
582.0	10174.0
583.0	9967.0
584.0	9970.0
585.0	10255.0
586.0	9894.0
587.0	10243.0
588.0	9811.0
589.0	9975.0
590.0	9988.0
591.0	9646.0
592.0	9695.0
593.0	10176.0
594.0	10086.0
595.0	10105.0
596.0	9710.0
597.0	10060.0
598.0	9522.0
599.0	9869.0
600.0	9740.0
601.0	10134.0
602.0	10105.0
603.0	9853.0
604.0	9476.0
605.0	10084.0
606.0	9725.0
607.0	10082.0
608.0	10118.0
609.0	10004.0
610.0	10460.0
611.0	9247.0
612.0	9569.0
613.0	9960.0
614.0	9842.0
615.0	9694.0
616.0	9398.0
617.0	10125.0
618.0	9849.0
619.0	9769.0
620.0	9847.0
621.0	9646.0
622.0	9471.0
623.0	9911.0
624.0	9852.0
625.0	9613.0
626.0	9304.0
627.0	9904.0
628.0	9971.0
629.0	9630.0
630.0	9566.0
631.0	9470.0
632.0	9600.0
633.0	9853.0
634.0	9599.0
635.0	10158.0
636.0	9416.0
637.0	9755.0
638.0	9970.0
639.0	9978.0
640.0	10068.0
641.0	10021.0
642.0	9670.0
643.0	9713.0
644.0	9655.0
645.0	9771.0
646.0	10034.0
647.0	9633.0
648.0	9816.0
649.0	9267.0
650.0	9649.0
651.0	9849.0
652.0	9659.0
653.0	9846.0
654.0	10035.0
655.0	9749.0
656.0	10359.0
657.0	9857.0
658.0	9597.0
659.0	9944.0
660.0	9808.0
661.0	10105.0
662.0	9871.0
663.0	9863.0
664.0	9624.0
665.0	10174.0
666.0	9743.0
667.0	9531.0
668.0	9951.0
669.0	10124.0
670.0	10293.0
671.0	10035.0
672.0	9971.0
673.0	10009.0
674.0	9751.0
675.0	9483.0
676.0	9934.0
677.0	10249.0
678.0	9478.0
679.0	9646.0
680.0	9940.0
681.0	9244.0
682.0	9639.0
683.0	10452.0
684.0	9786.0
685.0	9677.0
686.0	9654.0
687.0	9691.0
688.0	9757.0
689.0	9472.0
690.0	9876.0
691.0	9980.0
692.0	9547.0
693.0	9670.0
694.0	9984.0
695.0	9562.0
696.0	9762.0
697.0	9759.0
698.0	10072.0
699.0	9421.0
700.0	9573.0
701.0	9758.0
702.0	9717.0
703.0	9559.0
704.0	9965.0
705.0	9976.0
706.0	9479.0
707.0	9588.0
708.0	10067.0
709.0	10009.0
710.0	9981.0
711.0	10317.0
712.0	9892.0
713.0	9513.0
714.0	9724.0
715.0	9797.0
716.0	9458.0
717.0	9894.0
718.0	9694.0
719.0	9647.0
720.0	9198.0
721.0	10084.0
722.0	9456.0
723.0	9184.0
724.0	9974.0
725.0	9635.0
726.0	10025.0
727.0	9706.0
728.0	9739.0
729.0	9604.0
730.0	9316.0
731.0	9915.0
732.0	9852.0
733.0	9696.0
734.0	9879.0
735.0	9694.0
736.0	9762.0
737.0	9850.0
738.0	9784.0
739.0	9852.0
740.0	9875.0
741.0	9519.0
742.0	9345.0
743.0	9661.0
744.0	9806.0
745.0	9770.0
746.0	9658.0
747.0	9673.0
748.0	9509.0
749.0	9671.0
750.0	9978.0
751.0	9962.0
752.0	9910.0
753.0	9841.0
754.0	9584.0
755.0	9424.0
756.0	9467.0
757.0	9341.0
758.0	9699.0
759.0	9869.0
760.0	9363.0
761.0	9893.0
762.0	9664.0
763.0	10088.0
764.0	9854.0
765.0	9718.0
766.0	10041.0
767.0	9289.0
768.0	9774.0
769.0	10080.0
770.0	9698.0
771.0	9628.0
772.0	9549.0
773.0	9977.0
774.0	9876.0
775.0	9488.0
776.0	10044.0
777.0	9650.0
778.0	9624.0
779.0	10025.0
780.0	9694.0
781.0	9321.0
782.0	9681.0
783.0	9928.0
784.0	9588.0
785.0	9626.0
786.0	9893.0
787.0	10132.0
788.0	9498.0
789.0	9722.0
790.0	9615.0
791.0	9774.0
792.0	10003.0
793.0	9771.0
794.0	9655.0
795.0	9297.0
796.0	9632.0
797.0	9705.0
798.0	9584.0
799.0	9825.0
800.0	9670.0
