$itime = 500
$wv_start = 190.0
$hv = 1000
$grating = 2 1200 g/mm BLZ= 500  nm
$x_amps = 10
$x_volts = 45
$sample = DB2333
$date = 2023-06-02
$temp = 112.01
$wv_stop = 800.0
$time = 19:18:14.045000
$wv_step = 1.0
190.0	9952.0
191.0	9700.0
192.0	9407.0
193.0	9984.0
194.0	10020.0
195.0	9701.0
196.0	9679.0
197.0	9977.0
198.0	10367.0
199.0	9873.0
200.0	9866.0
201.0	10073.0
202.0	9901.0
203.0	9578.0
204.0	9284.0
205.0	9778.0
206.0	9650.0
207.0	10153.0
208.0	9624.0
209.0	9749.0
210.0	9752.0
211.0	9958.0
212.0	9882.0
213.0	10029.0
214.0	10249.0
215.0	10317.0
216.0	10177.0
217.0	9632.0
218.0	9649.0
219.0	10062.0
220.0	9725.0
221.0	9754.0
222.0	9988.0
223.0	10126.0
224.0	9864.0
225.0	9589.0
226.0	9881.0
227.0	9856.0
228.0	9722.0
229.0	9784.0
230.0	9869.0
231.0	9621.0
232.0	9826.0
233.0	9647.0
234.0	9637.0
235.0	9637.0
236.0	9860.0
237.0	9724.0
238.0	9701.0
239.0	10191.0
240.0	9519.0
241.0	10205.0
242.0	9604.0
243.0	9394.0
244.0	9607.0
245.0	9794.0
246.0	9770.0
247.0	9973.0
248.0	10245.0
249.0	10048.0
250.0	9582.0
251.0	9403.0
252.0	9770.0
253.0	9853.0
254.0	9969.0
255.0	9969.0
256.0	10023.0
257.0	9996.0
258.0	9482.0
259.0	9838.0
260.0	9559.0
261.0	10110.0
262.0	9978.0
263.0	9894.0
264.0	10000.0
265.0	9456.0
266.0	9909.0
267.0	9617.0
268.0	10075.0
269.0	9842.0
270.0	10000.0
271.0	9675.0
272.0	9902.0
273.0	10325.0
274.0	10187.0
275.0	9762.0
276.0	10204.0
277.0	10110.0
278.0	10111.0
279.0	10124.0
280.0	10069.0
281.0	9888.0
282.0	9935.0
283.0	9997.0
284.0	9845.0
285.0	9612.0
286.0	10549.0
287.0	10047.0
288.0	10048.0
289.0	10211.0
290.0	9481.0
291.0	10167.0
292.0	9779.0
293.0	9648.0
294.0	9980.0
295.0	9886.0
296.0	10639.0
297.0	9416.0
298.0	9725.0
299.0	10225.0
300.0	10056.0
301.0	9547.0
302.0	10183.0
303.0	10224.0
304.0	9556.0
305.0	9624.0
306.0	9625.0
307.0	10315.0
308.0	9801.0
309.0	10043.0
310.0	9725.0
311.0	9759.0
312.0	10466.0
313.0	9839.0
314.0	9775.0
315.0	9599.0
316.0	9932.0
317.0	9851.0
318.0	10076.0
319.0	10049.0
320.0	9096.0
321.0	10504.0
322.0	9850.0
323.0	10338.0
324.0	9720.0
325.0	10277.0
326.0	9770.0
327.0	9985.0
328.0	9580.0
329.0	10359.0
330.0	9999.0
331.0	9761.0
332.0	9883.0
333.0	10458.0
334.0	10071.0
335.0	10087.0
336.0	9913.0
337.0	9682.0
338.0	10100.0
339.0	9802.0
340.0	9993.0
341.0	10174.0
342.0	9856.0
343.0	10000.0
344.0	9706.0
345.0	9977.0
346.0	9945.0
347.0	10253.0
348.0	10046.0
349.0	9959.0
350.0	10355.0
351.0	10098.0
352.0	9235.0
353.0	10095.0
354.0	9945.0
355.0	9970.0
356.0	9638.0
357.0	9470.0
358.0	9992.0
359.0	10146.0
360.0	9764.0
361.0	10203.0
362.0	9992.0
363.0	9584.0
364.0	9704.0
365.0	9502.0
366.0	10281.0
367.0	9615.0
368.0	9290.0
369.0	9906.0
370.0	9996.0
371.0	9749.0
372.0	10022.0
373.0	9933.0
374.0	10277.0
375.0	9664.0
376.0	9974.0
377.0	9830.0
378.0	9810.0
379.0	9716.0
380.0	10310.0
381.0	10143.0
382.0	10440.0
383.0	9725.0
384.0	9660.0
385.0	9967.0
386.0	9932.0
387.0	9865.0
388.0	9826.0
389.0	9732.0
390.0	9979.0
391.0	9967.0
392.0	9830.0
393.0	9270.0
394.0	10005.0
395.0	9653.0
396.0	9638.0
397.0	10196.0
398.0	10054.0
399.0	9679.0
400.0	9755.0
401.0	9669.0
402.0	9463.0
403.0	9660.0
404.0	10241.0
405.0	10181.0
406.0	10227.0
407.0	10007.0
408.0	9935.0
409.0	9940.0
410.0	10166.0
411.0	9528.0
412.0	10065.0
413.0	10387.0
414.0	9876.0
415.0	10385.0
416.0	9449.0
417.0	10343.0
418.0	9728.0
419.0	10236.0
420.0	9670.0
421.0	9879.0
422.0	9963.0
423.0	9907.0
424.0	10079.0
425.0	9852.0
426.0	9453.0
427.0	10167.0
428.0	9909.0
429.0	10078.0
430.0	9519.0
431.0	9605.0
432.0	10024.0
433.0	9879.0
434.0	9974.0
435.0	9900.0
436.0	10361.0
437.0	9854.0
438.0	10011.0
439.0	9969.0
440.0	9920.0
441.0	9593.0
442.0	9694.0
443.0	9980.0
444.0	10316.0
445.0	10300.0
446.0	9687.0
447.0	9600.0
448.0	9578.0
449.0	9913.0
450.0	9887.0
451.0	10039.0
452.0	9715.0
453.0	10080.0
454.0	9626.0
455.0	9977.0
456.0	10102.0
457.0	10068.0
458.0	9942.0
459.0	10060.0
460.0	10161.0
461.0	10241.0
462.0	9893.0
463.0	9967.0
464.0	9838.0
465.0	10315.0
466.0	10445.0
467.0	11047.0
468.0	10620.0
469.0	10247.0
470.0	10080.0
471.0	10573.0
472.0	10203.0
473.0	10132.0
474.0	10181.0
475.0	9967.0
476.0	10498.0
477.0	10372.0
478.0	11075.0
479.0	11297.0
480.0	11205.0
481.0	11580.0
482.0	10889.0
483.0	10872.0
484.0	10763.0
485.0	10682.0
486.0	10990.0
487.0	10556.0
488.0	10645.0
489.0	10283.0
490.0	10587.0
491.0	10892.0
492.0	10820.0
493.0	10662.0
494.0	10580.0
495.0	10540.0
496.0	11033.0
497.0	10657.0
498.0	10823.0
499.0	11180.0
500.0	11012.0
501.0	11169.0
502.0	11727.0
503.0	10795.0
504.0	11189.0
505.0	11121.0
506.0	10989.0
507.0	11021.0
508.0	10620.0
509.0	11253.0
510.0	10883.0
511.0	11366.0
512.0	10594.0
513.0	10669.0
514.0	11445.0
515.0	11024.0
516.0	10478.0
517.0	10758.0
518.0	11263.0
519.0	10669.0
520.0	10531.0
521.0	10530.0
522.0	10963.0
523.0	11070.0
524.0	11103.0
525.0	10727.0
526.0	11399.0
527.0	11348.0
528.0	10593.0
529.0	10450.0
530.0	10715.0
531.0	10970.0
532.0	10859.0
533.0	10673.0
534.0	10411.0
535.0	10985.0
536.0	10865.0
537.0	10518.0
538.0	11059.0
539.0	10757.0
540.0	10648.0
541.0	10429.0
542.0	11197.0
543.0	10481.0
544.0	11010.0
545.0	10505.0
546.0	10662.0
547.0	10621.0
548.0	10309.0
549.0	10692.0
550.0	10388.0
551.0	10165.0
552.0	10400.0
553.0	10352.0
554.0	10244.0
555.0	10477.0
556.0	10618.0
557.0	9979.0
558.0	10201.0
559.0	10461.0
560.0	10582.0
561.0	10434.0
562.0	10356.0
563.0	10498.0
564.0	10508.0
565.0	10679.0
566.0	9921.0
567.0	10160.0
568.0	10453.0
569.0	10488.0
570.0	10016.0
571.0	10268.0
572.0	10697.0
573.0	10307.0
574.0	10430.0
575.0	10297.0
576.0	9975.0
577.0	10125.0
578.0	9940.0
579.0	10242.0
580.0	10936.0
581.0	9847.0
582.0	10619.0
583.0	10329.0
584.0	9695.0
585.0	10370.0
586.0	10408.0
587.0	10119.0
588.0	10444.0
589.0	10108.0
590.0	10034.0
591.0	10168.0
592.0	10148.0
593.0	9993.0
594.0	10223.0
595.0	9777.0
596.0	10003.0
597.0	10006.0
598.0	9977.0
599.0	10198.0
600.0	10055.0
601.0	10308.0
602.0	10400.0
603.0	10328.0
604.0	10109.0
605.0	10018.0
606.0	9651.0
607.0	9608.0
608.0	9762.0
609.0	10385.0
610.0	9620.0
611.0	10263.0
612.0	9959.0
613.0	9963.0
614.0	10350.0
615.0	10209.0
616.0	9981.0
617.0	9926.0
618.0	9946.0
619.0	10171.0
620.0	10004.0
621.0	10236.0
622.0	10261.0
623.0	9996.0
624.0	10204.0
625.0	10300.0
626.0	10003.0
627.0	10327.0
628.0	10125.0
629.0	9775.0
630.0	9940.0
631.0	10021.0
632.0	10035.0
633.0	10272.0
634.0	10110.0
635.0	10285.0
636.0	9573.0
637.0	10188.0
638.0	9857.0
639.0	9471.0
640.0	10120.0
641.0	9588.0
642.0	9775.0
643.0	10064.0
644.0	9701.0
645.0	9913.0
646.0	10044.0
647.0	10004.0
648.0	10237.0
649.0	9766.0
650.0	9879.0
651.0	10352.0
652.0	9373.0
653.0	9589.0
654.0	10307.0
655.0	9994.0
656.0	10116.0
657.0	9732.0
658.0	10131.0
659.0	10042.0
660.0	9985.0
661.0	9733.0
662.0	9927.0
663.0	9580.0
664.0	9865.0
665.0	10009.0
666.0	10016.0
667.0	10111.0
668.0	9995.0
669.0	10322.0
670.0	9626.0
671.0	9923.0
672.0	9809.0
673.0	9841.0
674.0	9932.0
675.0	10017.0
676.0	10069.0
677.0	10214.0
678.0	9746.0
679.0	9758.0
680.0	9869.0
681.0	9826.0
682.0	9958.0
683.0	9520.0
684.0	9725.0
685.0	9988.0
686.0	9675.0
687.0	9817.0
688.0	9843.0
689.0	10044.0
690.0	9858.0
691.0	10174.0
692.0	9490.0
693.0	9504.0
694.0	9717.0
695.0	9485.0
696.0	9650.0
697.0	9982.0
698.0	9881.0
699.0	9871.0
700.0	9777.0
701.0	9985.0
702.0	9470.0
703.0	9331.0
704.0	9967.0
705.0	9901.0
706.0	9496.0
707.0	9910.0
708.0	9764.0
709.0	9938.0
710.0	9866.0
711.0	9625.0
712.0	10198.0
713.0	9843.0
714.0	9459.0
715.0	9653.0
716.0	10132.0
717.0	9573.0
718.0	9802.0
719.0	9470.0
720.0	9626.0
721.0	9771.0
722.0	9864.0
723.0	9953.0
724.0	9742.0
725.0	10167.0
726.0	9788.0
727.0	10214.0
728.0	9742.0
729.0	9880.0
730.0	9951.0
731.0	9746.0
732.0	9924.0
733.0	9979.0
734.0	9761.0
735.0	10006.0
736.0	9978.0
737.0	10043.0
738.0	10309.0
739.0	10227.0
740.0	10008.0
741.0	9773.0
742.0	9723.0
743.0	10187.0
744.0	9789.0
745.0	10299.0
746.0	9639.0
747.0	9648.0
748.0	10245.0
749.0	9924.0
750.0	9781.0
751.0	9794.0
752.0	9625.0
753.0	9949.0
754.0	9691.0
755.0	9590.0
756.0	10503.0
757.0	9933.0
758.0	9584.0
759.0	10174.0
760.0	9887.0
761.0	10068.0
762.0	9926.0
763.0	9995.0
764.0	9670.0
765.0	9902.0
766.0	9773.0
767.0	9863.0
768.0	9437.0
769.0	9893.0
770.0	9833.0
771.0	9779.0
772.0	9760.0
773.0	9171.0
774.0	9317.0
775.0	9498.0
776.0	9634.0
777.0	9790.0
778.0	9852.0
779.0	9928.0
780.0	10013.0
781.0	9823.0
782.0	9625.0
783.0	9699.0
784.0	10056.0
785.0	10057.0
786.0	9636.0
787.0	9607.0
788.0	9967.0
789.0	9618.0
790.0	9816.0
791.0	9841.0
792.0	9630.0
793.0	9416.0
794.0	9613.0
795.0	9943.0
796.0	10036.0
797.0	9967.0
798.0	10114.0
799.0	10181.0
800.0	9615.0
