$itime = 500
$wv_start = 190.0
$hv = 1000
$grating = 2 1200 g/mm BLZ= 500  nm
$x_amps = 10
$x_volts = 45
$sample = DB2333
$date = 2023-06-02
$temp = 152.0
$wv_stop = 800.0
$time = 19:18:14.045000
$wv_step = 1.0
190.0	10212.0
191.0	9800.0
192.0	10068.0
193.0	9300.0
194.0	9616.0
195.0	9897.0
196.0	10498.0
197.0	9762.0
198.0	9668.0
199.0	9852.0
200.0	9407.0
201.0	9503.0
202.0	9929.0
203.0	9615.0
204.0	9721.0
205.0	10024.0
206.0	9978.0
207.0	10188.0
208.0	9854.0
209.0	9523.0
210.0	10300.0
211.0	9523.0
212.0	9689.0
213.0	9645.0
214.0	9664.0
215.0	9761.0
216.0	9965.0
217.0	9701.0
218.0	9777.0
219.0	9794.0
220.0	9276.0
221.0	9725.0
222.0	9624.0
223.0	9820.0
224.0	9914.0
225.0	9377.0
226.0	9779.0
227.0	9636.0
228.0	9561.0
229.0	9580.0
230.0	9626.0
231.0	9806.0
232.0	9349.0
233.0	9728.0
234.0	9749.0
235.0	9604.0
236.0	9553.0
237.0	10100.0
238.0	9982.0
239.0	9695.0
240.0	9533.0
241.0	9660.0
242.0	9922.0
243.0	9753.0
244.0	9788.0
245.0	9806.0
246.0	9584.0
247.0	9879.0
248.0	9975.0
249.0	9544.0
250.0	9852.0
251.0	9787.0
252.0	9678.0
253.0	9997.0
254.0	9748.0
255.0	10018.0
256.0	9850.0
257.0	9466.0
258.0	9826.0
259.0	9667.0
260.0	9904.0
261.0	9604.0
262.0	9750.0
263.0	9608.0
264.0	9651.0
265.0	10153.0
266.0	9835.0
267.0	9755.0
268.0	10105.0
269.0	9737.0
270.0	9656.0
271.0	9633.0
272.0	9916.0
273.0	10065.0
274.0	10188.0
275.0	9808.0
276.0	9526.0
277.0	9863.0
278.0	9632.0
279.0	9879.0
280.0	9471.0
281.0	9867.0
282.0	9648.0
283.0	10125.0
284.0	9748.0
285.0	9970.0
286.0	9852.0
287.0	9852.0
288.0	9939.0
289.0	10012.0
290.0	9781.0
291.0	9603.0
292.0	9416.0
293.0	9757.0
294.0	9376.0
295.0	10088.0
296.0	10061.0
297.0	9757.0
298.0	9984.0
299.0	10029.0
300.0	10068.0
301.0	9654.0
302.0	9619.0
303.0	9613.0
304.0	9860.0
305.0	9821.0
306.0	9624.0
307.0	9717.0
308.0	9737.0
309.0	9757.0
310.0	10126.0
311.0	9846.0
312.0	10199.0
313.0	9900.0
314.0	9892.0
315.0	9599.0
316.0	10259.0
317.0	9482.0
318.0	10158.0
319.0	10152.0
320.0	10002.0
321.0	9533.0
322.0	9775.0
323.0	9671.0
324.0	10494.0
325.0	9431.0
326.0	9555.0
327.0	9906.0
328.0	9687.0
329.0	9605.0
330.0	10040.0
331.0	9894.0
332.0	10017.0
333.0	10258.0
334.0	9533.0
335.0	9527.0
336.0	9447.0
337.0	9635.0
338.0	9411.0
339.0	9649.0
340.0	10049.0
341.0	9800.0
342.0	9879.0
343.0	9846.0
344.0	9961.0
345.0	9978.0
346.0	10120.0
347.0	10292.0
348.0	9956.0
349.0	9573.0
350.0	10006.0
351.0	9600.0
352.0	9978.0
353.0	9748.0
354.0	10362.0
355.0	9579.0
356.0	9988.0
357.0	9716.0
358.0	10048.0
359.0	9988.0
360.0	9654.0
361.0	9856.0
362.0	9601.0
363.0	9912.0
364.0	9995.0
365.0	9878.0
366.0	9718.0
367.0	10049.0
368.0	9522.0
369.0	9558.0
370.0	9585.0
371.0	9360.0
372.0	9323.0
373.0	9759.0
374.0	10157.0
375.0	9525.0
376.0	9687.0
377.0	10228.0
378.0	10060.0
379.0	9660.0
380.0	9774.0
381.0	9978.0
382.0	9967.0
383.0	9727.0
384.0	9724.0
385.0	9913.0
386.0	9701.0
387.0	10014.0
388.0	9450.0
389.0	9863.0
390.0	10056.0
391.0	9760.0
392.0	10024.0
393.0	9974.0
394.0	9453.0
395.0	9609.0
396.0	9812.0
397.0	9841.0
398.0	9769.0
399.0	9471.0
400.0	9564.0
401.0	9666.0
402.0	10224.0
403.0	9541.0
404.0	9986.0
405.0	9727.0
406.0	9774.0
407.0	9599.0
408.0	9609.0
409.0	9670.0
410.0	9666.0
411.0	9781.0
412.0	9839.0
413.0	9766.0
414.0	9583.0
415.0	9952.0
416.0	10116.0
417.0	9612.0
418.0	9952.0
419.0	9742.0
420.0	10166.0
421.0	10088.0
422.0	10303.0
423.0	9650.0
424.0	9864.0
425.0	9650.0
426.0	9578.0
427.0	10194.0
428.0	9702.0
429.0	9518.0
430.0	9687.0
431.0	9858.0
432.0	10098.0
433.0	9973.0
434.0	9981.0
435.0	9841.0
436.0	9462.0
437.0	10029.0
438.0	10110.0
439.0	9812.0
440.0	10044.0
441.0	9607.0
442.0	9557.0
443.0	9852.0
444.0	9961.0
445.0	9706.0
446.0	9751.0
447.0	9753.0
448.0	9603.0
449.0	9604.0
450.0	9951.0
451.0	9964.0
452.0	9958.0
453.0	9635.0
454.0	10082.0
455.0	9847.0
456.0	10075.0
457.0	10035.0
458.0	9902.0
459.0	9793.0
460.0	10068.0
461.0	10363.0
462.0	10021.0
463.0	9706.0
464.0	9813.0
465.0	10658.0
466.0	10312.0
467.0	10191.0
468.0	9960.0
469.0	9921.0
470.0	10065.0
471.0	9978.0
472.0	9424.0
473.0	10251.0
474.0	10342.0
475.0	10300.0
476.0	10247.0
477.0	10658.0
478.0	10505.0
479.0	10692.0
480.0	10769.0
481.0	10242.0
482.0	10832.0
483.0	10917.0
484.0	10158.0
485.0	9922.0
486.0	10410.0
487.0	10127.0
488.0	10229.0
489.0	10768.0
490.0	10203.0
491.0	10098.0
492.0	10506.0
493.0	9910.0
494.0	9916.0
495.0	10399.0
496.0	10249.0
497.0	10446.0
498.0	10868.0
499.0	10985.0
500.0	10939.0
501.0	10727.0
502.0	10752.0
503.0	10958.0
504.0	11074.0
505.0	10650.0
506.0	10893.0
507.0	10905.0
508.0	10778.0
509.0	10656.0
510.0	10934.0
511.0	10310.0
512.0	10471.0
513.0	11126.0
514.0	10752.0
515.0	10972.0
516.0	10718.0
517.0	10022.0
518.0	10655.0
519.0	10622.0
520.0	10556.0
521.0	10446.0
522.0	10579.0
523.0	10400.0
524.0	10494.0
525.0	10936.0
526.0	10673.0
527.0	10862.0
528.0	10445.0
529.0	10310.0
530.0	10786.0
531.0	11209.0
532.0	10504.0
533.0	10972.0
534.0	10621.0
535.0	10889.0
536.0	10294.0
537.0	10544.0
538.0	10501.0
539.0	11069.0
540.0	10111.0
541.0	10504.0
542.0	10961.0
543.0	10142.0
544.0	10480.0
545.0	10425.0
546.0	10297.0
547.0	9961.0
548.0	10552.0
549.0	10637.0
550.0	10144.0
551.0	10222.0
552.0	10697.0
553.0	10555.0
554.0	9887.0
555.0	10465.0
556.0	10276.0
557.0	10342.0
558.0	9982.0
559.0	9916.0
560.0	10179.0
561.0	10240.0
562.0	10322.0
563.0	9948.0
564.0	10084.0
565.0	9876.0
566.0	10358.0
567.0	10034.0
568.0	10011.0
569.0	10056.0
570.0	10235.0
571.0	10158.0
572.0	10392.0
573.0	9973.0
574.0	9935.0
575.0	10280.0
576.0	10423.0
577.0	10173.0
578.0	9583.0
579.0	9877.0
580.0	10013.0
581.0	9948.0
582.0	10417.0
583.0	10172.0
584.0	10728.0
585.0	9995.0
586.0	9928.0
587.0	9992.0
588.0	9894.0
589.0	10068.0
590.0	9944.0
591.0	10235.0
592.0	9905.0
593.0	10246.0
594.0	10114.0
595.0	9906.0
596.0	9997.0
597.0	9984.0
598.0	9700.0
599.0	10480.0
600.0	10101.0
601.0	9915.0
602.0	10367.0
603.0	9889.0
604.0	9863.0
605.0	10110.0
606.0	9752.0
607.0	9760.0
608.0	10049.0
609.0	9643.0
610.0	10023.0
611.0	10031.0
612.0	9721.0
613.0	10183.0
614.0	9967.0
615.0	9850.0
616.0	10214.0
617.0	10247.0
618.0	9686.0
619.0	9596.0
620.0	10044.0
621.0	9855.0
622.0	10120.0
623.0	9478.0
624.0	9959.0
625.0	10180.0
626.0	9800.0
627.0	10138.0
628.0	9761.0
629.0	9968.0
630.0	9582.0
631.0	9502.0
632.0	9350.0
633.0	9586.0
634.0	9972.0
635.0	9839.0
636.0	9993.0
637.0	9786.0
638.0	9981.0
639.0	9557.0
640.0	9833.0
641.0	10163.0
642.0	10259.0
643.0	10131.0
644.0	10024.0
645.0	9584.0
646.0	9941.0
647.0	10079.0
648.0	9552.0
649.0	9816.0
650.0	9368.0
651.0	9757.0
652.0	9905.0
653.0	10308.0
654.0	10083.0
655.0	9493.0
656.0	9320.0
657.0	9827.0
658.0	9852.0
659.0	9454.0
660.0	9873.0
661.0	9604.0
662.0	9432.0
663.0	9958.0
664.0	9894.0
665.0	9799.0
666.0	9769.0
667.0	9980.0
668.0	10183.0
669.0	9779.0
670.0	9607.0
671.0	9670.0
672.0	10043.0
673.0	9939.0
674.0	10066.0
675.0	10072.0
676.0	9683.0
677.0	9799.0
678.0	9516.0
679.0	10039.0
680.0	9777.0
681.0	10264.0
682.0	9757.0
683.0	9703.0
684.0	9975.0
685.0	10056.0
686.0	9686.0
687.0	9572.0
688.0	9677.0
689.0	9450.0
690.0	9933.0
691.0	9897.0
692.0	9707.0
693.0	9650.0
694.0	9958.0
695.0	9905.0
696.0	9469.0
697.0	9765.0
698.0	10468.0
699.0	9412.0
700.0	9988.0
701.0	10023.0
702.0	9842.0
703.0	9971.0
704.0	10088.0
705.0	9500.0
706.0	9757.0
707.0	9621.0
708.0	9847.0
709.0	9727.0
710.0	9833.0
711.0	9465.0
712.0	10160.0
713.0	9991.0
714.0	9777.0
715.0	9996.0
716.0	9725.0
717.0	10035.0
718.0	9700.0
719.0	9574.0
720.0	9949.0
721.0	9978.0
722.0	9909.0
723.0	9455.0
724.0	9702.0
725.0	10012.0
726.0	9919.0
727.0	10006.0
728.0	9455.0
729.0	9879.0
730.0	9663.0
731.0	9751.0
732.0	9457.0
733.0	9366.0
734.0	9606.0
735.0	9808.0
736.0	9408.0
737.0	9147.0
738.0	9850.0
739.0	9565.0
740.0	9611.0
741.0	9663.0
742.0	9755.0
743.0	10040.0
744.0	9836.0
745.0	9703.0
746.0	10110.0
747.0	9686.0
748.0	9453.0
749.0	9706.0
750.0	9649.0
751.0	9687.0
752.0	9714.0
753.0	10000.0
754.0	9841.0
755.0	9751.0
756.0	9798.0
757.0	9633.0
758.0	9687.0
759.0	9608.0
760.0	9863.0
761.0	10156.0
762.0	9670.0
763.0	9682.0
764.0	9771.0
765.0	9853.0
766.0	9491.0
767.0	9787.0
768.0	9418.0
769.0	9621.0
770.0	10143.0
771.0	9761.0
772.0	9639.0
773.0	9504.0
774.0	9694.0
775.0	9308.0
776.0	9982.0
777.0	10160.0
778.0	9588.0
779.0	9546.0
780.0	9561.0
781.0	9967.0
782.0	9635.0
783.0	9979.0
784.0	9352.0
785.0	10043.0
786.0	9338.0
787.0	9837.0
788.0	9886.0
789.0	9603.0
790.0	10057.0
791.0	9455.0
792.0	9879.0
793.0	10166.0
794.0	10075.0
795.0	9725.0
796.0	9301.0
797.0	10411.0
798.0	10173.0
799.0	9657.0
800.0	9498.0
