$itime = 500
$wv_start = 190.0
$hv = 1000
$grating = 2 1200 g/mm BLZ= 500  nm
$x_amps = 10
$x_volts = 45
$sample = DB2333_022
$date = 2023-06-02
$temp = 24.74
$wv_stop = 800.0
$time = 22:01:04.757000
$wv_step = 1.0
190.0	9762.0
191.0	9994.0
192.0	10835.0
193.0	9691.0
194.0	10139.0
195.0	9739.0
196.0	9929.0
197.0	9718.0
198.0	10042.0
199.0	9721.0
200.0	9835.0
201.0	10285.0
202.0	10378.0
203.0	9713.0
204.0	10198.0
205.0	10001.0
206.0	10213.0
207.0	9890.0
208.0	10306.0
209.0	10051.0
210.0	9970.0
211.0	9826.0
212.0	9556.0
213.0	9999.0
214.0	9827.0
215.0	9808.0
216.0	10213.0
217.0	10193.0
218.0	10145.0
219.0	10149.0
220.0	10294.0
221.0	10150.0
222.0	10164.0
223.0	10205.0
224.0	9580.0
225.0	9901.0
226.0	9955.0
227.0	9751.0
228.0	10188.0
229.0	9778.0
230.0	9379.0
231.0	9903.0
232.0	9587.0
233.0	9907.0
234.0	9670.0
235.0	10224.0
236.0	9601.0
237.0	10025.0
238.0	10180.0
239.0	9768.0
240.0	9612.0
241.0	10081.0
242.0	10019.0
243.0	10036.0
244.0	9670.0
245.0	9699.0
246.0	9973.0
247.0	10371.0
248.0	9996.0
249.0	9753.0
250.0	10039.0
251.0	10158.0
252.0	9952.0
253.0	9845.0
254.0	9946.0
255.0	10270.0
256.0	9790.0
257.0	9956.0
258.0	9925.0
259.0	9734.0
260.0	9960.0
261.0	10491.0
262.0	9816.0
263.0	9827.0
264.0	10182.0
265.0	10001.0
266.0	10323.0
267.0	9596.0
268.0	9830.0
269.0	10080.0
270.0	10246.0
271.0	9677.0
272.0	9955.0
273.0	10085.0
274.0	9972.0
275.0	9840.0
276.0	9836.0
277.0	9999.0
278.0	9763.0
279.0	9736.0
280.0	9956.0
281.0	10130.0
282.0	9747.0
283.0	10009.0
284.0	9764.0
285.0	9574.0
286.0	10232.0
287.0	9458.0
288.0	10381.0
289.0	10016.0
290.0	9761.0
291.0	10037.0
292.0	10229.0
293.0	10005.0
294.0	10121.0
295.0	10346.0
296.0	10252.0
297.0	10622.0
298.0	9993.0
299.0	9894.0
300.0	10372.0
301.0	10055.0
302.0	10080.0
303.0	9963.0
304.0	10462.0
305.0	9847.0
306.0	10105.0
307.0	10402.0
308.0	10328.0
309.0	10194.0
310.0	10296.0
311.0	9944.0
312.0	9689.0
313.0	10614.0
314.0	10072.0
315.0	9625.0
316.0	10004.0
317.0	10040.0
318.0	10016.0
319.0	10057.0
320.0	10024.0
321.0	10005.0
322.0	9946.0
323.0	10162.0
324.0	10217.0
325.0	10173.0
326.0	10084.0
327.0	9622.0
328.0	10251.0
329.0	10197.0
330.0	9898.0
331.0	10284.0
332.0	10373.0
333.0	9858.0
334.0	9830.0
335.0	10182.0
336.0	10409.0
337.0	9863.0
338.0	10322.0
339.0	10156.0
340.0	10121.0
341.0	10149.0
342.0	9896.0
343.0	10169.0
344.0	9945.0
345.0	9773.0
346.0	10101.0
347.0	9959.0
348.0	10183.0
349.0	9822.0
350.0	9967.0
351.0	10145.0
352.0	9764.0
353.0	10043.0
354.0	10528.0
355.0	9901.0
356.0	9883.0
357.0	9876.0
358.0	10121.0
359.0	10699.0
360.0	9993.0
361.0	9963.0
362.0	10006.0
363.0	10465.0
364.0	9796.0
365.0	9783.0
366.0	9819.0
367.0	10179.0
368.0	9987.0
369.0	9977.0
370.0	10199.0
371.0	9942.0
372.0	10002.0
373.0	10016.0
374.0	10415.0
375.0	9750.0
376.0	10337.0
377.0	9505.0
378.0	10043.0
379.0	10084.0
380.0	9628.0
381.0	9699.0
382.0	9919.0
383.0	9641.0
384.0	10385.0
385.0	9833.0
386.0	10088.0
387.0	10149.0
388.0	10220.0
389.0	10520.0
390.0	10166.0
391.0	9835.0
392.0	10063.0
393.0	10131.0
394.0	10257.0
395.0	9945.0
396.0	10016.0
397.0	10116.0
398.0	10019.0
399.0	9851.0
400.0	10247.0
401.0	9665.0
402.0	9909.0
403.0	10217.0
404.0	9730.0
405.0	9904.0
406.0	9934.0
407.0	10161.0
408.0	9792.0
409.0	9854.0
410.0	10467.0
411.0	9763.0
412.0	9997.0
413.0	10278.0
414.0	10141.0
415.0	9775.0
416.0	9956.0
417.0	10112.0
418.0	9941.0
419.0	9979.0
420.0	10153.0
421.0	9880.0
422.0	10217.0
423.0	9958.0
424.0	9847.0
425.0	10199.0
426.0	10114.0
427.0	9940.0
428.0	10719.0
429.0	10027.0
430.0	9836.0
431.0	9976.0
432.0	10216.0
433.0	10360.0
434.0	10148.0
435.0	9893.0
436.0	10083.0
437.0	9977.0
438.0	9852.0
439.0	10156.0
440.0	9752.0
441.0	9721.0
442.0	10346.0
443.0	10450.0
444.0	10203.0
445.0	10383.0
446.0	9743.0
447.0	10255.0
448.0	10227.0
449.0	9973.0
450.0	9981.0
451.0	9854.0
452.0	10235.0
453.0	10128.0
454.0	9994.0
455.0	10108.0
456.0	9741.0
457.0	10080.0
458.0	10151.0
459.0	10095.0
460.0	10539.0
461.0	10421.0
462.0	10053.0
463.0	10388.0
464.0	10514.0
465.0	10425.0
466.0	11652.0
467.0	10995.0
468.0	10631.0
469.0	10141.0
470.0	10091.0
471.0	10482.0
472.0	9671.0
473.0	10020.0
474.0	10257.0
475.0	9953.0
476.0	10595.0
477.0	10727.0
478.0	11203.0
479.0	12081.0
480.0	12286.0
481.0	11857.0
482.0	10931.0
483.0	10385.0
484.0	10454.0
485.0	10909.0
486.0	10927.0
487.0	10518.0
488.0	10660.0
489.0	10832.0
490.0	10644.0
491.0	10770.0
492.0	11140.0
493.0	10929.0
494.0	10680.0
495.0	10988.0
496.0	10690.0
497.0	11050.0
498.0	11092.0
499.0	11212.0
500.0	11327.0
501.0	11457.0
502.0	11762.0
503.0	12296.0
504.0	12037.0
505.0	11915.0
506.0	11171.0
507.0	10966.0
508.0	11875.0
509.0	11029.0
510.0	11166.0
511.0	11544.0
512.0	11408.0
513.0	10900.0
514.0	10703.0
515.0	11422.0
516.0	11347.0
517.0	11310.0
518.0	11456.0
519.0	11146.0
520.0	11215.0
521.0	10979.0
522.0	11010.0
523.0	10929.0
524.0	10967.0
525.0	10932.0
526.0	11144.0
527.0	11193.0
528.0	10667.0
529.0	10438.0
530.0	10676.0
531.0	10519.0
532.0	10672.0
533.0	10787.0
534.0	10852.0
535.0	10814.0
536.0	10543.0
537.0	10820.0
538.0	10882.0
539.0	10574.0
540.0	11002.0
541.0	11038.0
542.0	10814.0
543.0	11081.0
544.0	11221.0
545.0	10908.0
546.0	10885.0
547.0	10823.0
548.0	10824.0
549.0	10874.0
550.0	10369.0
551.0	10885.0
552.0	10173.0
553.0	10870.0
554.0	10364.0
555.0	10706.0
556.0	10559.0
557.0	10331.0
558.0	11117.0
559.0	10778.0
560.0	10388.0
561.0	10242.0
562.0	10073.0
563.0	10527.0
564.0	10385.0
565.0	10447.0
566.0	9987.0
567.0	10947.0
568.0	10062.0
569.0	10653.0
570.0	10138.0
571.0	10484.0
572.0	10526.0
573.0	10220.0
574.0	10737.0
575.0	10126.0
576.0	11200.0
577.0	10867.0
578.0	10703.0
579.0	9954.0
580.0	10548.0
581.0	10859.0
582.0	10302.0
583.0	10764.0
584.0	10173.0
585.0	10626.0
586.0	10029.0
587.0	9856.0
588.0	10282.0
589.0	10468.0
590.0	10493.0
591.0	10255.0
592.0	10582.0
593.0	9769.0
594.0	10146.0
595.0	9993.0
596.0	9848.0
597.0	10248.0
598.0	9757.0
599.0	10186.0
600.0	10382.0
601.0	9978.0
602.0	9423.0
603.0	10148.0
604.0	10322.0
605.0	9841.0
606.0	10389.0
607.0	10046.0
608.0	10333.0
609.0	10471.0
610.0	10056.0
611.0	9982.0
612.0	9317.0
613.0	10099.0
614.0	9678.0
615.0	10040.0
616.0	9999.0
617.0	10115.0
618.0	10176.0
619.0	10109.0
620.0	9983.0
621.0	9993.0
622.0	9668.0
623.0	10205.0
624.0	9648.0
625.0	9956.0
626.0	9948.0
627.0	10161.0
628.0	9736.0
629.0	9815.0
630.0	9579.0
631.0	10530.0
632.0	9613.0
633.0	10117.0
634.0	9982.0
635.0	9645.0
636.0	9964.0
637.0	10363.0
638.0	9604.0
639.0	9856.0
640.0	10249.0
641.0	10006.0
642.0	10179.0
643.0	9963.0
644.0	10230.0
645.0	10085.0
646.0	10269.0
647.0	10276.0
648.0	10108.0
649.0	10353.0
650.0	10031.0
651.0	10165.0
652.0	9718.0
653.0	9730.0
654.0	10191.0
655.0	10106.0
656.0	10128.0
657.0	9921.0
658.0	10321.0
659.0	9796.0
660.0	9604.0
661.0	9722.0
662.0	10283.0
663.0	9599.0
664.0	9978.0
665.0	9881.0
666.0	9903.0
667.0	9641.0
668.0	10476.0
669.0	10371.0
670.0	9819.0
671.0	10121.0
672.0	10291.0
673.0	10022.0
674.0	9999.0
675.0	10343.0
676.0	10149.0
677.0	10261.0
678.0	9981.0
679.0	9767.0
680.0	9816.0
681.0	9955.0
682.0	9463.0
683.0	9744.0
684.0	10262.0
685.0	9858.0
686.0	10453.0
687.0	9951.0
688.0	9732.0
689.0	9964.0
690.0	9675.0
691.0	9703.0
692.0	10034.0
693.0	9746.0
694.0	10489.0
695.0	10154.0
696.0	9814.0
697.0	9788.0
698.0	10202.0
699.0	10357.0
700.0	9710.0
701.0	10322.0
702.0	9796.0
703.0	9987.0
704.0	9730.0
705.0	9977.0
706.0	10142.0
707.0	10285.0
708.0	10017.0
709.0	9676.0
710.0	9985.0
711.0	10286.0
712.0	10186.0
713.0	9435.0
714.0	9951.0
715.0	10365.0
716.0	9828.0
717.0	10186.0
718.0	9906.0
719.0	9744.0
720.0	9875.0
721.0	10122.0
722.0	9856.0
723.0	10590.0
724.0	9802.0
725.0	9848.0
726.0	9879.0
727.0	9631.0
728.0	9675.0
729.0	9711.0
730.0	10447.0
731.0	9915.0
732.0	9645.0
733.0	10002.0
734.0	9757.0
735.0	10009.0
736.0	10363.0
737.0	10152.0
738.0	9674.0
739.0	10230.0
740.0	9837.0
741.0	10157.0
742.0	9956.0
743.0	9696.0
744.0	9944.0
745.0	10339.0
746.0	10268.0
747.0	10160.0
748.0	9908.0
749.0	9980.0
750.0	9885.0
751.0	9852.0
752.0	10360.0
753.0	9875.0
754.0	9956.0
755.0	10353.0
756.0	9845.0
757.0	10060.0
758.0	9724.0
759.0	10138.0
760.0	9953.0
761.0	9792.0
762.0	10163.0
763.0	10217.0
764.0	10247.0
765.0	10154.0
766.0	10136.0
767.0	9933.0
768.0	10006.0
769.0	9910.0
770.0	10017.0
771.0	9993.0
772.0	9848.0
773.0	10258.0
774.0	9903.0
775.0	9960.0
776.0	9778.0
777.0	9763.0
778.0	10093.0
779.0	9968.0
780.0	10050.0
781.0	10333.0
782.0	9973.0
783.0	9787.0
784.0	9870.0
785.0	10326.0
786.0	9967.0
787.0	10258.0
788.0	9984.0
789.0	10080.0
790.0	9740.0
791.0	9956.0
792.0	9864.0
793.0	9730.0
794.0	10174.0
795.0	10359.0
796.0	9956.0
797.0	9881.0
798.0	10151.0
799.0	10081.0
800.0	9801.0
