$itime = 500
$wv_start = 190.0
$hv = 1000
$grating = 2 1200 g/mm BLZ= 500  nm
$x_amps = 10
$x_volts = 45
$sample = DB2333
$date = 2023-06-02
$temp = 141.99
$wv_stop = 800.0
$time = 19:18:14.045000
$wv_step = 1.0
190.0	9436.0
191.0	9467.0
192.0	10344.0
193.0	9866.0
194.0	9415.0
195.0	9908.0
196.0	9886.0
197.0	9946.0
198.0	10085.0
199.0	10031.0
200.0	9929.0
201.0	9559.0
202.0	9916.0
203.0	9807.0
204.0	9667.0
205.0	9593.0
206.0	9754.0
207.0	10039.0
208.0	10008.0
209.0	9553.0
210.0	9541.0
211.0	9806.0
212.0	9997.0
213.0	9882.0
214.0	9549.0
215.0	9199.0
216.0	10254.0
217.0	9451.0
218.0	9532.0
219.0	10130.0
220.0	9541.0
221.0	9615.0
222.0	9519.0
223.0	10071.0
224.0	9270.0
225.0	9978.0
226.0	10211.0
227.0	9893.0
228.0	9458.0
229.0	9698.0
230.0	9779.0
231.0	9703.0
232.0	9926.0
233.0	9625.0
234.0	9981.0
235.0	9973.0
236.0	9864.0
237.0	9974.0
238.0	9708.0
239.0	9879.0
240.0	9500.0
241.0	9697.0
242.0	9852.0
243.0	9578.0
244.0	9915.0
245.0	10000.0
246.0	9777.0
247.0	9538.0
248.0	9617.0
249.0	10024.0
250.0	9013.0
251.0	9850.0
252.0	10085.0
253.0	9704.0
254.0	10006.0
255.0	9653.0
256.0	10195.0
257.0	9648.0
258.0	9767.0
259.0	9694.0
260.0	9943.0
261.0	9935.0
262.0	9814.0
263.0	9568.0
264.0	10039.0
265.0	9465.0
266.0	9877.0
267.0	9958.0
268.0	9772.0
269.0	9614.0
270.0	9695.0
271.0	9687.0
272.0	9973.0
273.0	9736.0
274.0	9948.0
275.0	10068.0
276.0	9668.0
277.0	9682.0
278.0	9894.0
279.0	10399.0
280.0	9927.0
281.0	10346.0
282.0	10151.0
283.0	10162.0
284.0	9943.0
285.0	9952.0
286.0	9984.0
287.0	9545.0
288.0	9918.0
289.0	9984.0
290.0	10009.0
291.0	9926.0
292.0	9680.0
293.0	10060.0
294.0	9493.0
295.0	9635.0
296.0	9754.0
297.0	10002.0
298.0	9772.0
299.0	9454.0
300.0	9824.0
301.0	10210.0
302.0	9915.0
303.0	10031.0
304.0	10251.0
305.0	9624.0
306.0	10105.0
307.0	9463.0
308.0	9793.0
309.0	9868.0
310.0	9489.0
311.0	9636.0
312.0	9757.0
313.0	9666.0
314.0	9954.0
315.0	9887.0
316.0	10146.0
317.0	9956.0
318.0	9795.0
319.0	9800.0
320.0	10305.0
321.0	9882.0
322.0	9694.0
323.0	10150.0
324.0	9607.0
325.0	9645.0
326.0	9822.0
327.0	10158.0
328.0	10101.0
329.0	9866.0
330.0	9717.0
331.0	9899.0
332.0	9818.0
333.0	9706.0
334.0	9559.0
335.0	9526.0
336.0	10131.0
337.0	9854.0
338.0	10177.0
339.0	9735.0
340.0	10162.0
341.0	10063.0
342.0	9858.0
343.0	10002.0
344.0	9824.0
345.0	9784.0
346.0	9623.0
347.0	9579.0
348.0	9409.0
349.0	9861.0
350.0	9795.0
351.0	10044.0
352.0	9765.0
353.0	10009.0
354.0	9767.0
355.0	10122.0
356.0	9850.0
357.0	9572.0
358.0	9646.0
359.0	9752.0
360.0	9766.0
361.0	9451.0
362.0	9998.0
363.0	9718.0
364.0	9990.0
365.0	9676.0
366.0	10009.0
367.0	9999.0
368.0	10139.0
369.0	9762.0
370.0	9998.0
371.0	9542.0
372.0	10035.0
373.0	10160.0
374.0	9297.0
375.0	9724.0
376.0	9915.0
377.0	9852.0
378.0	9778.0
379.0	10045.0
380.0	9715.0
381.0	10255.0
382.0	9716.0
383.0	9724.0
384.0	9629.0
385.0	10038.0
386.0	10024.0
387.0	9261.0
388.0	9363.0
389.0	9588.0
390.0	10230.0
391.0	9946.0
392.0	9825.0
393.0	10143.0
394.0	9946.0
395.0	9631.0
396.0	9848.0
397.0	9899.0
398.0	9981.0
399.0	9721.0
400.0	9668.0
401.0	9654.0
402.0	10044.0
403.0	9854.0
404.0	9566.0
405.0	9989.0
406.0	9924.0
407.0	9966.0
408.0	9843.0
409.0	9531.0
410.0	9650.0
411.0	9470.0
412.0	9792.0
413.0	10359.0
414.0	9742.0
415.0	9727.0
416.0	9860.0
417.0	9770.0
418.0	10030.0
419.0	9978.0
420.0	9945.0
421.0	10115.0
422.0	9836.0
423.0	10120.0
424.0	9780.0
425.0	9578.0
426.0	9990.0
427.0	9527.0
428.0	9758.0
429.0	9822.0
430.0	9694.0
431.0	9775.0
432.0	10001.0
433.0	10078.0
434.0	10024.0
435.0	9837.0
436.0	9971.0
437.0	9629.0
438.0	9626.0
439.0	9573.0
440.0	9801.0
441.0	10018.0
442.0	10179.0
443.0	10032.0
444.0	9785.0
445.0	9608.0
446.0	9771.0
447.0	9755.0
448.0	9624.0
449.0	9686.0
450.0	10229.0
451.0	9973.0
452.0	9695.0
453.0	9755.0
454.0	9869.0
455.0	9496.0
456.0	10116.0
457.0	9600.0
458.0	10247.0
459.0	10030.0
460.0	9996.0
461.0	9666.0
462.0	9848.0
463.0	9662.0
464.0	9888.0
465.0	9782.0
466.0	10267.0
467.0	10322.0
468.0	10324.0
469.0	10157.0
470.0	9654.0
471.0	10029.0
472.0	10335.0
473.0	10085.0
474.0	9978.0
475.0	9612.0
476.0	10713.0
477.0	10359.0
478.0	10936.0
479.0	11146.0
480.0	10560.0
481.0	10057.0
482.0	10592.0
483.0	10076.0
484.0	10619.0
485.0	10650.0
486.0	10681.0
487.0	10276.0
488.0	10452.0
489.0	10087.0
490.0	10397.0
491.0	10264.0
492.0	10467.0
493.0	10833.0
494.0	10670.0
495.0	10716.0
496.0	10908.0
497.0	10494.0
498.0	10793.0
499.0	10820.0
500.0	10749.0
501.0	11016.0
502.0	11271.0
503.0	10923.0
504.0	10676.0
505.0	10421.0
506.0	10492.0
507.0	10742.0
508.0	10672.0
509.0	10902.0
510.0	10844.0
511.0	10472.0
512.0	10675.0
513.0	10407.0
514.0	11427.0
515.0	10528.0
516.0	10703.0
517.0	10720.0
518.0	10333.0
519.0	10614.0
520.0	10584.0
521.0	10737.0
522.0	10511.0
523.0	10508.0
524.0	10594.0
525.0	10579.0
526.0	10651.0
527.0	10772.0
528.0	10676.0
529.0	10524.0
530.0	11078.0
531.0	10560.0
532.0	10733.0
533.0	11005.0
534.0	11048.0
535.0	10621.0
536.0	10251.0
537.0	10465.0
538.0	10533.0
539.0	10492.0
540.0	10462.0
541.0	10449.0
542.0	10367.0
543.0	10788.0
544.0	10772.0
545.0	10468.0
546.0	10330.0
547.0	10914.0
548.0	10595.0
549.0	10542.0
550.0	10418.0
551.0	10104.0
552.0	9853.0
553.0	10499.0
554.0	10403.0
555.0	10300.0
556.0	10498.0
557.0	9989.0
558.0	9884.0
559.0	10018.0
560.0	10082.0
561.0	10236.0
562.0	10446.0
563.0	10271.0
564.0	10650.0
565.0	10009.0
566.0	10181.0
567.0	9971.0
568.0	10176.0
569.0	9980.0
570.0	10367.0
571.0	10221.0
572.0	10471.0
573.0	10320.0
574.0	9690.0
575.0	10153.0
576.0	10353.0
577.0	10657.0
578.0	9984.0
579.0	10361.0
580.0	10211.0
581.0	9668.0
582.0	10247.0
583.0	10327.0
584.0	10421.0
585.0	9864.0
586.0	10471.0
587.0	10461.0
588.0	10257.0
589.0	10020.0
590.0	10334.0
591.0	10249.0
592.0	9959.0
593.0	9940.0
594.0	10463.0
595.0	10569.0
596.0	10158.0
597.0	9739.0
598.0	9800.0
599.0	9494.0
600.0	9962.0
601.0	10075.0
602.0	10167.0
603.0	9954.0
604.0	9942.0
605.0	9626.0
606.0	9942.0
607.0	9748.0
608.0	9771.0
609.0	9959.0
610.0	9921.0
611.0	10370.0
612.0	9882.0
613.0	10133.0
614.0	8975.0
615.0	10266.0
616.0	9572.0
617.0	10103.0
618.0	9962.0
619.0	9999.0
620.0	10158.0
621.0	9958.0
622.0	10003.0
623.0	9863.0
624.0	9985.0
625.0	10293.0
626.0	9758.0
627.0	9860.0
628.0	9844.0
629.0	9812.0
630.0	10102.0
631.0	10111.0
632.0	9833.0
633.0	9932.0
634.0	9427.0
635.0	9725.0
636.0	9575.0
637.0	10224.0
638.0	9986.0
639.0	9970.0
640.0	10029.0
641.0	9919.0
642.0	9660.0
643.0	9908.0
644.0	9954.0
645.0	9441.0
646.0	9864.0
647.0	9625.0
648.0	9905.0
649.0	10382.0
650.0	9777.0
651.0	9881.0
652.0	9676.0
653.0	9910.0
654.0	9970.0
655.0	9718.0
656.0	9846.0
657.0	10050.0
658.0	9910.0
659.0	9772.0
660.0	9945.0
661.0	9941.0
662.0	9978.0
663.0	10094.0
664.0	9617.0
665.0	9847.0
666.0	9523.0
667.0	10075.0
668.0	10194.0
669.0	9544.0
670.0	10008.0
671.0	9885.0
672.0	9605.0
673.0	10059.0
674.0	10007.0
675.0	9869.0
676.0	10224.0
677.0	9354.0
678.0	9679.0
679.0	9617.0
680.0	9704.0
681.0	9890.0
682.0	9816.0
683.0	10013.0
684.0	9519.0
685.0	9496.0
686.0	9668.0
687.0	9321.0
688.0	9588.0
689.0	9998.0
690.0	9611.0
691.0	9638.0
692.0	9914.0
693.0	9670.0
694.0	10108.0
695.0	9743.0
696.0	9830.0
697.0	8916.0
698.0	9748.0
699.0	9777.0
700.0	9897.0
701.0	10094.0
702.0	9573.0
703.0	9531.0
704.0	9695.0
705.0	10265.0
706.0	10077.0
707.0	9787.0
708.0	9777.0
709.0	9742.0
710.0	10011.0
711.0	9777.0
712.0	9467.0
713.0	9798.0
714.0	9622.0
715.0	9813.0
716.0	9857.0
717.0	9577.0
718.0	9584.0
719.0	9923.0
720.0	9637.0
721.0	9626.0
722.0	9922.0
723.0	9504.0
724.0	9907.0
725.0	9628.0
726.0	9816.0
727.0	10018.0
728.0	9625.0
729.0	9937.0
730.0	9758.0
731.0	9811.0
732.0	9996.0
733.0	9725.0
734.0	9808.0
735.0	9442.0
736.0	9718.0
737.0	9321.0
738.0	9825.0
739.0	9753.0
740.0	9712.0
741.0	9553.0
742.0	9638.0
743.0	10263.0
744.0	9833.0
745.0	9981.0
746.0	9665.0
747.0	9757.0
748.0	9879.0
749.0	9721.0
750.0	9521.0
751.0	9623.0
752.0	9649.0
753.0	9564.0
754.0	10056.0
755.0	9761.0
756.0	10177.0
757.0	9877.0
758.0	9665.0
759.0	9582.0
760.0	9775.0
761.0	9687.0
762.0	9756.0
763.0	9758.0
764.0	9611.0
765.0	9905.0
766.0	10014.0
767.0	10097.0
768.0	10017.0
769.0	9853.0
770.0	9662.0
771.0	9762.0
772.0	9800.0
773.0	9436.0
774.0	9670.0
775.0	9666.0
776.0	10181.0
777.0	9472.0
778.0	9639.0
779.0	9667.0
780.0	10079.0
781.0	9982.0
782.0	9871.0
783.0	9534.0
784.0	9558.0
785.0	9495.0
786.0	9771.0
787.0	10255.0
788.0	9816.0
789.0	9774.0
790.0	9580.0
791.0	9589.0
792.0	9673.0
793.0	9793.0
794.0	9882.0
795.0	9706.0
796.0	9656.0
797.0	10222.0
798.0	9413.0
799.0	9615.0
800.0	9510.0
