$itime = 500
$wv_start = 190.0
$hv = 1000
$grating = 2 1200 g/mm BLZ= 500  nm
$x_amps = 10
$x_volts = 45
$sample = DB2333
$date = 2023-06-02
$temp = 92.0
$wv_stop = 800.0
$time = 19:18:14.045000
$wv_step = 1.0
190.0	10161.0
191.0	9661.0
192.0	10455.0
193.0	10125.0
194.0	9937.0
195.0	9939.0
196.0	9887.0
197.0	9939.0
198.0	9789.0
199.0	9844.0
200.0	9746.0
201.0	10224.0
202.0	9342.0
203.0	9730.0
204.0	9609.0
205.0	9858.0
206.0	10082.0
207.0	10000.0
208.0	9456.0
209.0	9522.0
210.0	9670.0
211.0	9967.0
212.0	10079.0
213.0	9937.0
214.0	9980.0
215.0	9761.0
216.0	9977.0
217.0	10043.0
218.0	10383.0
219.0	9787.0
220.0	9735.0
221.0	10234.0
222.0	9841.0
223.0	9686.0
224.0	9974.0
225.0	10242.0
226.0	9960.0
227.0	9934.0
228.0	10347.0
229.0	10205.0
230.0	9752.0
231.0	10235.0
232.0	10361.0
233.0	9997.0
234.0	9788.0
235.0	9856.0
236.0	9627.0
237.0	10079.0
238.0	10157.0
239.0	9540.0
240.0	10403.0
241.0	10062.0
242.0	9687.0
243.0	10269.0
244.0	9860.0
245.0	10186.0
246.0	9753.0
247.0	10018.0
248.0	9815.0
249.0	10181.0
250.0	9969.0
251.0	9864.0
252.0	10080.0
253.0	9390.0
254.0	10100.0
255.0	10110.0
256.0	9299.0
257.0	9841.0
258.0	9868.0
259.0	10024.0
260.0	9761.0
261.0	10210.0
262.0	9967.0
263.0	9822.0
264.0	9974.0
265.0	10167.0
266.0	9573.0
267.0	9695.0
268.0	9861.0
269.0	9999.0
270.0	9679.0
271.0	10273.0
272.0	10446.0
273.0	9857.0
274.0	10382.0
275.0	10263.0
276.0	9897.0
277.0	9955.0
278.0	9973.0
279.0	9542.0
280.0	9869.0
281.0	9897.0
282.0	10161.0
283.0	9777.0
284.0	9972.0
285.0	9702.0
286.0	9842.0
287.0	10470.0
288.0	10229.0
289.0	10085.0
290.0	9773.0
291.0	9527.0
292.0	9908.0
293.0	10366.0
294.0	9903.0
295.0	10287.0
296.0	10317.0
297.0	10044.0
298.0	9929.0
299.0	10187.0
300.0	9857.0
301.0	9687.0
302.0	9748.0
303.0	10132.0
304.0	9713.0
305.0	9550.0
306.0	9990.0
307.0	10383.0
308.0	9993.0
309.0	9988.0
310.0	10187.0
311.0	9913.0
312.0	9671.0
313.0	9756.0
314.0	9970.0
315.0	9779.0
316.0	10138.0
317.0	10309.0
318.0	10133.0
319.0	10126.0
320.0	9602.0
321.0	10193.0
322.0	10278.0
323.0	10324.0
324.0	9636.0
325.0	10189.0
326.0	10161.0
327.0	10609.0
328.0	9827.0
329.0	10174.0
330.0	9750.0
331.0	9628.0
332.0	9761.0
333.0	10056.0
334.0	10113.0
335.0	10096.0
336.0	9758.0
337.0	9826.0
338.0	9757.0
339.0	9748.0
340.0	10288.0
341.0	9970.0
342.0	9457.0
343.0	10167.0
344.0	9668.0
345.0	9658.0
346.0	9743.0
347.0	10124.0
348.0	9713.0
349.0	9777.0
350.0	9381.0
351.0	9593.0
352.0	10023.0
353.0	9721.0
354.0	10409.0
355.0	9943.0
356.0	9695.0
357.0	10334.0
358.0	9653.0
359.0	9421.0
360.0	9893.0
361.0	9993.0
362.0	9561.0
363.0	10002.0
364.0	10082.0
365.0	9923.0
366.0	9279.0
367.0	9860.0
368.0	10032.0
369.0	9826.0
370.0	9691.0
371.0	9687.0
372.0	9794.0
373.0	10329.0
374.0	9670.0
375.0	9875.0
376.0	9296.0
377.0	9895.0
378.0	10119.0
379.0	9623.0
380.0	9869.0
381.0	9892.0
382.0	9993.0
383.0	9588.0
384.0	9427.0
385.0	9997.0
386.0	10096.0
387.0	9722.0
388.0	9675.0
389.0	10082.0
390.0	10273.0
391.0	9751.0
392.0	10124.0
393.0	9844.0
394.0	9660.0
395.0	9873.0
396.0	9623.0
397.0	10022.0
398.0	9568.0
399.0	9820.0
400.0	9845.0
401.0	10159.0
402.0	9873.0
403.0	9869.0
404.0	9851.0
405.0	10176.0
406.0	9714.0
407.0	9559.0
408.0	9779.0
409.0	9708.0
410.0	9561.0
411.0	10381.0
412.0	9654.0
413.0	9912.0
414.0	10571.0
415.0	9907.0
416.0	9974.0
417.0	10133.0
418.0	9481.0
419.0	9745.0
420.0	10390.0
421.0	9627.0
422.0	9673.0
423.0	9978.0
424.0	9847.0
425.0	9800.0
426.0	9930.0
427.0	10195.0
428.0	10247.0
429.0	10439.0
430.0	10068.0
431.0	10269.0
432.0	9762.0
433.0	10018.0
434.0	9978.0
435.0	10015.0
436.0	10011.0
437.0	10081.0
438.0	9755.0
439.0	9994.0
440.0	10347.0
441.0	9959.0
442.0	9777.0
443.0	9980.0
444.0	9800.0
445.0	9581.0
446.0	9560.0
447.0	9846.0
448.0	10033.0
449.0	10183.0
450.0	9998.0
451.0	10049.0
452.0	10109.0
453.0	9628.0
454.0	10044.0
455.0	9871.0
456.0	10102.0
457.0	10261.0
458.0	10114.0
459.0	9971.0
460.0	10002.0
461.0	10207.0
462.0	9901.0
463.0	10605.0
464.0	10251.0
465.0	10679.0
466.0	11212.0
467.0	10952.0
468.0	11080.0
469.0	10230.0
470.0	10299.0
471.0	10235.0
472.0	10051.0
473.0	10277.0
474.0	10429.0
475.0	10811.0
476.0	10437.0
477.0	10876.0
478.0	11052.0
479.0	11354.0
480.0	11573.0
481.0	11241.0
482.0	10439.0
483.0	11317.0
484.0	10548.0
485.0	10568.0
486.0	10763.0
487.0	10463.0
488.0	10511.0
489.0	10507.0
490.0	10570.0
491.0	10752.0
492.0	10494.0
493.0	10941.0
494.0	10717.0
495.0	10325.0
496.0	10515.0
497.0	10167.0
498.0	11004.0
499.0	11225.0
500.0	11281.0
501.0	11299.0
502.0	11315.0
503.0	11557.0
504.0	11701.0
505.0	11267.0
506.0	11249.0
507.0	11261.0
508.0	11284.0
509.0	11225.0
510.0	10963.0
511.0	11303.0
512.0	10753.0
513.0	10927.0
514.0	10765.0
515.0	11363.0
516.0	10721.0
517.0	11605.0
518.0	11391.0
519.0	10979.0
520.0	10857.0
521.0	10772.0
522.0	10956.0
523.0	10659.0
524.0	11382.0
525.0	11064.0
526.0	11262.0
527.0	11564.0
528.0	11252.0
529.0	10491.0
530.0	11107.0
531.0	11267.0
532.0	11117.0
533.0	11072.0
534.0	10943.0
535.0	11407.0
536.0	10931.0
537.0	10867.0
538.0	10681.0
539.0	10446.0
540.0	10609.0
541.0	10784.0
542.0	10697.0
543.0	10656.0
544.0	10912.0
545.0	10703.0
546.0	10758.0
547.0	11304.0
548.0	10494.0
549.0	11268.0
550.0	10695.0
551.0	10436.0
552.0	10592.0
553.0	10383.0
554.0	10485.0
555.0	10670.0
556.0	10125.0
557.0	10806.0
558.0	10507.0
559.0	10405.0
560.0	10488.0
561.0	10130.0
562.0	10356.0
563.0	9879.0
564.0	10247.0
565.0	10676.0
566.0	10507.0
567.0	10287.0
568.0	10729.0
569.0	10000.0
570.0	10934.0
571.0	10439.0
572.0	10263.0
573.0	10295.0
574.0	10118.0
575.0	10170.0
576.0	10401.0
577.0	10489.0
578.0	10261.0
579.0	10174.0
580.0	10325.0
581.0	10607.0
582.0	9985.0
583.0	10388.0
584.0	10058.0
585.0	10505.0
586.0	10544.0
587.0	10255.0
588.0	10651.0
589.0	9594.0
590.0	10476.0
591.0	10150.0
592.0	9971.0
593.0	9610.0
594.0	9671.0
595.0	10095.0
596.0	10316.0
597.0	9587.0
598.0	10003.0
599.0	9922.0
600.0	10492.0
601.0	10114.0
602.0	9853.0
603.0	9898.0
604.0	9995.0
605.0	9999.0
606.0	10169.0
607.0	10160.0
608.0	10350.0
609.0	10048.0
610.0	10241.0
611.0	9500.0
612.0	9774.0
613.0	10008.0
614.0	10671.0
615.0	9987.0
616.0	10161.0
617.0	9833.0
618.0	10240.0
619.0	9692.0
620.0	10018.0
621.0	9735.0
622.0	9695.0
623.0	10200.0
624.0	10258.0
625.0	10075.0
626.0	10075.0
627.0	10235.0
628.0	10281.0
629.0	9973.0
630.0	10294.0
631.0	10174.0
632.0	9908.0
633.0	10104.0
634.0	9485.0
635.0	10096.0
636.0	9633.0
637.0	10173.0
638.0	9792.0
639.0	9781.0
640.0	9881.0
641.0	10019.0
642.0	9962.0
643.0	10286.0
644.0	9766.0
645.0	10188.0
646.0	10411.0
647.0	9628.0
648.0	10132.0
649.0	9852.0
650.0	9676.0
651.0	9786.0
652.0	10059.0
653.0	9838.0
654.0	10031.0
655.0	9850.0
656.0	9731.0
657.0	9814.0
658.0	9788.0
659.0	9978.0
660.0	9769.0
661.0	9573.0
662.0	10113.0
663.0	9375.0
664.0	9695.0
665.0	9982.0
666.0	9396.0
667.0	9540.0
668.0	9490.0
669.0	9462.0
670.0	9973.0
671.0	10235.0
672.0	10211.0
673.0	10117.0
674.0	9580.0
675.0	10061.0
676.0	10146.0
677.0	9893.0
678.0	9827.0
679.0	9463.0
680.0	10039.0
681.0	9819.0
682.0	9860.0
683.0	10183.0
684.0	9782.0
685.0	9753.0
686.0	9771.0
687.0	9923.0
688.0	9742.0
689.0	10160.0
690.0	9453.0
691.0	9813.0
692.0	10310.0
693.0	9540.0
694.0	9955.0
695.0	10130.0
696.0	9984.0
697.0	9977.0
698.0	9225.0
699.0	9658.0
700.0	10105.0
701.0	9458.0
702.0	10110.0
703.0	10210.0
704.0	10258.0
705.0	9841.0
706.0	9966.0
707.0	9940.0
708.0	9786.0
709.0	10003.0
710.0	9419.0
711.0	9847.0
712.0	10000.0
713.0	9915.0
714.0	9790.0
715.0	10235.0
716.0	9238.0
717.0	10167.0
718.0	9726.0
719.0	10060.0
720.0	10130.0
721.0	9863.0
722.0	9946.0
723.0	9992.0
724.0	9648.0
725.0	9954.0
726.0	9470.0
727.0	9676.0
728.0	9713.0
729.0	9943.0
730.0	9482.0
731.0	9870.0
732.0	9578.0
733.0	10236.0
734.0	10171.0
735.0	10069.0
736.0	9383.0
737.0	9976.0
738.0	9791.0
739.0	9906.0
740.0	9846.0
741.0	9765.0
742.0	9839.0
743.0	9921.0
744.0	9323.0
745.0	9858.0
746.0	9802.0
747.0	10024.0
748.0	9997.0
749.0	9539.0
750.0	9771.0
751.0	9858.0
752.0	9800.0
753.0	9800.0
754.0	9970.0
755.0	9731.0
756.0	9806.0
757.0	9621.0
758.0	9716.0
759.0	9724.0
760.0	10105.0
761.0	9994.0
762.0	9852.0
763.0	10141.0
764.0	10451.0
765.0	9781.0
766.0	9563.0
767.0	9989.0
768.0	9500.0
769.0	10105.0
770.0	9881.0
771.0	10166.0
772.0	10289.0
773.0	10080.0
774.0	9935.0
775.0	10117.0
776.0	9608.0
777.0	9721.0
778.0	10075.0
779.0	9755.0
780.0	9520.0
781.0	9891.0
782.0	9545.0
783.0	9852.0
784.0	9853.0
785.0	9742.0
786.0	9888.0
787.0	10124.0
788.0	9873.0
789.0	10003.0
790.0	9762.0
791.0	9822.0
792.0	9769.0
793.0	9794.0
794.0	9458.0
795.0	9993.0
796.0	9822.0
797.0	9924.0
798.0	9656.0
799.0	9603.0
800.0	9578.0
