$itime = 500
$wv_start = 190.0
$hv = 1000
$grating = 2 1200 g/mm BLZ= 500  nm
$x_amps = 10
$x_volts = 45
$sample = DB2333
$date = 2023-06-02
$temp = 252.0
$wv_stop = 800.0
$time = 11:41:43.714000
$wv_step = 1.0
190.0	8110.0
191.0	8455.0
192.0	7903.0
193.0	8297.0
194.0	8250.0
195.0	8307.0
196.0	7710.0
197.0	7897.0
198.0	8208.0
199.0	8150.0
200.0	7872.0
201.0	8429.0
202.0	8015.0
203.0	8409.0
204.0	8058.0
205.0	8155.0
206.0	8560.0
207.0	8011.0
208.0	8417.0
209.0	8282.0
210.0	8216.0
211.0	8421.0
212.0	8125.0
213.0	8378.0
214.0	7899.0
215.0	8465.0
216.0	7833.0
217.0	8005.0
218.0	8570.0
219.0	8370.0
220.0	8338.0
221.0	8310.0
222.0	8011.0
223.0	7998.0
224.0	8161.0
225.0	8116.0
226.0	8166.0
227.0	7825.0
228.0	8001.0
229.0	8088.0
230.0	8225.0
231.0	7726.0
232.0	7951.0
233.0	8088.0
234.0	8397.0
235.0	8159.0
236.0	7901.0
237.0	7934.0
238.0	8300.0
239.0	8045.0
240.0	8153.0
241.0	8455.0
242.0	8189.0
243.0	8330.0
244.0	8375.0
245.0	8159.0
246.0	8381.0
247.0	8197.0
248.0	8176.0
249.0	8687.0
250.0	8209.0
251.0	8002.0
252.0	8171.0
253.0	8370.0
254.0	8087.0
255.0	8159.0
256.0	7915.0
257.0	8209.0
258.0	8307.0
259.0	8174.0
260.0	8322.0
261.0	8260.0
262.0	8099.0
263.0	8395.0
264.0	8461.0
265.0	8008.0
266.0	8234.0
267.0	8310.0
268.0	8363.0
269.0	8162.0
270.0	8309.0
271.0	8624.0
272.0	8520.0
273.0	8487.0
274.0	8336.0
275.0	8222.0
276.0	8162.0
277.0	8056.0
278.0	8114.0
279.0	8398.0
280.0	8338.0
281.0	8025.0
282.0	8504.0
283.0	8211.0
284.0	8279.0
285.0	8667.0
286.0	8338.0
287.0	8097.0
288.0	8216.0
289.0	8372.0
290.0	8058.0
291.0	8166.0
292.0	8600.0
293.0	8310.0
294.0	8349.0
295.0	8215.0
296.0	8538.0
297.0	8669.0
298.0	8355.0
299.0	8645.0
300.0	8670.0
301.0	8601.0
302.0	8494.0
303.0	8218.0
304.0	8196.0
305.0	8029.0
306.0	8306.0
307.0	8576.0
308.0	8298.0
309.0	8565.0
310.0	8174.0
311.0	7999.0
312.0	7940.0
313.0	8405.0
314.0	8339.0
315.0	8347.0
316.0	8315.0
317.0	7958.0
318.0	8737.0
319.0	8234.0
320.0	8183.0
321.0	8021.0
322.0	8221.0
323.0	7991.0
324.0	8279.0
325.0	8626.0
326.0	8311.0
327.0	8192.0
328.0	8589.0
329.0	8167.0
330.0	8161.0
331.0	8056.0
332.0	7962.0
333.0	7876.0
334.0	8116.0
335.0	8584.0
336.0	8286.0
337.0	8429.0
338.0	8360.0
339.0	8007.0
340.0	8093.0
341.0	8357.0
342.0	8428.0
343.0	8686.0
344.0	8148.0
345.0	8495.0
346.0	8026.0
347.0	7905.0
348.0	8297.0
349.0	8294.0
350.0	8021.0
351.0	7988.0
352.0	7948.0
353.0	8115.0
354.0	8004.0
355.0	8001.0
356.0	8212.0
357.0	8442.0
358.0	8639.0
359.0	8386.0
360.0	8433.0
361.0	8007.0
362.0	8147.0
363.0	8205.0
364.0	7877.0
365.0	8302.0
366.0	8455.0
367.0	8121.0
368.0	7928.0
369.0	8044.0
370.0	7974.0
371.0	8235.0
372.0	8271.0
373.0	8369.0
374.0	8209.0
375.0	8039.0
376.0	8369.0
377.0	8320.0
378.0	8148.0
379.0	7606.0
380.0	8240.0
381.0	8216.0
382.0	8413.0
383.0	8143.0
384.0	8095.0
385.0	7998.0
386.0	7995.0
387.0	8750.0
388.0	8431.0
389.0	8406.0
390.0	8352.0
391.0	8134.0
392.0	8192.0
393.0	8353.0
394.0	8304.0
395.0	8547.0
396.0	8480.0
397.0	8409.0
398.0	8146.0
399.0	8105.0
400.0	7654.0
401.0	8280.0
402.0	8067.0
403.0	7991.0
404.0	8112.0
405.0	8097.0
406.0	8439.0
407.0	8190.0
408.0	8299.0
409.0	8181.0
410.0	7971.0
411.0	7876.0
412.0	8138.0
413.0	8275.0
414.0	8254.0
415.0	8121.0
416.0	8150.0
417.0	8300.0
418.0	8532.0
419.0	8234.0
420.0	8057.0
421.0	8025.0
422.0	8153.0
423.0	8431.0
424.0	8038.0
425.0	8171.0
426.0	8016.0
427.0	8155.0
428.0	8452.0
429.0	8252.0
430.0	8234.0
431.0	8190.0
432.0	7977.0
433.0	8358.0
434.0	8306.0
435.0	7875.0
436.0	8629.0
437.0	8570.0
438.0	8385.0
439.0	8412.0
440.0	7910.0
441.0	8448.0
442.0	8672.0
443.0	7864.0
444.0	8482.0
445.0	8590.0
446.0	8099.0
447.0	7941.0
448.0	8117.0
449.0	7766.0
450.0	8166.0
451.0	8298.0
452.0	8633.0
453.0	8419.0
454.0	8312.0
455.0	7949.0
456.0	8220.0
457.0	8273.0
458.0	8385.0
459.0	8374.0
460.0	7891.0
461.0	8072.0
462.0	7861.0
463.0	8289.0
464.0	8177.0
465.0	8131.0
466.0	8385.0
467.0	7778.0
468.0	7923.0
469.0	8001.0
470.0	8338.0
471.0	8269.0
472.0	8441.0
473.0	8204.0
474.0	8108.0
475.0	8292.0
476.0	8517.0
477.0	8312.0
478.0	7958.0
479.0	8381.0
480.0	8197.0
481.0	8275.0
482.0	8685.0
483.0	8207.0
484.0	8520.0
485.0	8409.0
486.0	8300.0
487.0	8262.0
488.0	8662.0
489.0	8390.0
490.0	8524.0
491.0	8418.0
492.0	8086.0
493.0	8298.0
494.0	8375.0
495.0	7932.0
496.0	8089.0
497.0	8312.0
498.0	7857.0
499.0	8202.0
500.0	8528.0
501.0	8558.0
502.0	8495.0
503.0	8359.0
504.0	8080.0
505.0	8041.0
506.0	8433.0
507.0	8502.0
508.0	7859.0
509.0	8854.0
510.0	8288.0
511.0	8327.0
512.0	8286.0
513.0	8495.0
514.0	8301.0
515.0	8164.0
516.0	8339.0
517.0	8538.0
518.0	8189.0
519.0	7832.0
520.0	8293.0
521.0	8021.0
522.0	8148.0
523.0	8485.0
524.0	8632.0
525.0	8300.0
526.0	7937.0
527.0	8355.0
528.0	7997.0
529.0	8289.0
530.0	8690.0
531.0	8632.0
532.0	8570.0
533.0	8080.0
534.0	8401.0
535.0	8606.0
536.0	8604.0
537.0	8381.0
538.0	8538.0
539.0	8512.0
540.0	8339.0
541.0	8336.0
542.0	8171.0
543.0	8297.0
544.0	8163.0
545.0	8445.0
546.0	8486.0
547.0	8306.0
548.0	8607.0
549.0	8008.0
550.0	8305.0
551.0	8525.0
552.0	8087.0
553.0	8091.0
554.0	8401.0
555.0	8167.0
556.0	8421.0
557.0	8368.0
558.0	8205.0
559.0	8012.0
560.0	8301.0
561.0	8446.0
562.0	8595.0
563.0	8201.0
564.0	8630.0
565.0	7715.0
566.0	7973.0
567.0	8475.0
568.0	8877.0
569.0	8192.0
570.0	8525.0
571.0	8421.0
572.0	8300.0
573.0	8125.0
574.0	8344.0
575.0	8437.0
576.0	7959.0
577.0	8208.0
578.0	8242.0
579.0	8374.0
580.0	7915.0
581.0	8020.0
582.0	8476.0
583.0	8409.0
584.0	8161.0
585.0	8280.0
586.0	7747.0
587.0	8387.0
588.0	8417.0
589.0	7941.0
590.0	8614.0
591.0	8638.0
592.0	8767.0
593.0	8352.0
594.0	8033.0
595.0	8261.0
596.0	8534.0
597.0	8212.0
598.0	8355.0
599.0	8321.0
600.0	8486.0
601.0	8058.0
602.0	8602.0
603.0	8381.0
604.0	8192.0
605.0	8229.0
606.0	7597.0
607.0	8377.0
608.0	8554.0
609.0	8372.0
610.0	8554.0
611.0	8193.0
612.0	8189.0
613.0	8398.0
614.0	8561.0
615.0	8487.0
616.0	8515.0
617.0	8667.0
618.0	7976.0
619.0	8110.0
620.0	8134.0
621.0	8071.0
622.0	8001.0
623.0	8443.0
624.0	8438.0
625.0	8309.0
626.0	8770.0
627.0	8056.0
628.0	8442.0
629.0	8662.0
630.0	8166.0
631.0	8218.0
632.0	8225.0
633.0	8327.0
634.0	8688.0
635.0	8074.0
636.0	8238.0
637.0	8396.0
638.0	8645.0
639.0	8088.0
640.0	8737.0
641.0	8027.0
642.0	7988.0
643.0	8294.0
644.0	8545.0
645.0	8271.0
646.0	8039.0
647.0	8215.0
648.0	8458.0
649.0	8300.0
650.0	8166.0
651.0	7940.0
652.0	8039.0
653.0	8084.0
654.0	8248.0
655.0	7903.0
656.0	8260.0
657.0	8322.0
658.0	8148.0
659.0	8395.0
660.0	8284.0
661.0	8404.0
662.0	8616.0
663.0	8400.0
664.0	8272.0
665.0	8305.0
666.0	8080.0
667.0	8087.0
668.0	8533.0
669.0	8298.0
670.0	8335.0
671.0	8501.0
672.0	8197.0
673.0	8274.0
674.0	8121.0
675.0	8190.0
676.0	8352.0
677.0	7788.0
678.0	8331.0
679.0	8148.0
680.0	8488.0
681.0	8079.0
682.0	8595.0
683.0	8476.0
684.0	7941.0
685.0	8386.0
686.0	8068.0
687.0	8027.0
688.0	8060.0
689.0	8258.0
690.0	8421.0
691.0	8151.0
692.0	8271.0
693.0	8635.0
694.0	8272.0
695.0	8115.0
696.0	8143.0
697.0	8002.0
698.0	8680.0
699.0	8489.0
700.0	8233.0
701.0	7872.0
702.0	8886.0
703.0	7967.0
704.0	8092.0
705.0	8137.0
706.0	8346.0
707.0	8294.0
708.0	8595.0
709.0	8319.0
710.0	8056.0
711.0	8234.0
712.0	8428.0
713.0	8107.0
714.0	8116.0
715.0	7951.0
716.0	8529.0
717.0	8386.0
718.0	8189.0
719.0	7918.0
720.0	8574.0
721.0	8326.0
722.0	7829.0
723.0	8186.0
724.0	7915.0
725.0	8386.0
726.0	7997.0
727.0	8038.0
728.0	8441.0
729.0	8165.0
730.0	8036.0
731.0	7925.0
732.0	8677.0
733.0	8202.0
734.0	7929.0
735.0	7570.0
736.0	7863.0
737.0	7987.0
738.0	8502.0
739.0	8142.0
740.0	7875.0
741.0	8455.0
742.0	8196.0
743.0	8082.0
744.0	8103.0
745.0	8305.0
746.0	8145.0
747.0	8105.0
748.0	8212.0
749.0	8311.0
750.0	8269.0
751.0	8289.0
752.0	8316.0
753.0	8386.0
754.0	8032.0
755.0	8475.0
756.0	8025.0
757.0	8131.0
758.0	8551.0
759.0	8215.0
760.0	8915.0
761.0	8177.0
762.0	8352.0
763.0	8218.0
764.0	8185.0
765.0	8311.0
766.0	7893.0
767.0	8220.0
768.0	8205.0
769.0	8325.0
770.0	7784.0
771.0	8305.0
772.0	8032.0
773.0	8035.0
774.0	8059.0
775.0	8490.0
776.0	8115.0
777.0	8156.0
778.0	8073.0
779.0	8209.0
780.0	8504.0
781.0	8046.0
782.0	8088.0
783.0	8057.0
784.0	8534.0
785.0	8304.0
786.0	8032.0
787.0	8356.0
788.0	8023.0
789.0	8197.0
790.0	8255.0
791.0	8035.0
792.0	8168.0
793.0	7968.0
794.0	7833.0
795.0	8293.0
796.0	8170.0
797.0	8325.0
798.0	8191.0
799.0	8327.0
800.0	8026.0
