$itime = 500
$wv_start = 190.0
$hv = 1000
$grating = 2 1200 g/mm BLZ= 500  nm
$x_amps = 10
$x_volts = 45
$sample = DB2333
$date = 2023-06-02
$temp = 82.0
$wv_stop = 800.0
$time = 19:18:14.045000
$wv_step = 1.0
190.0	10157.0
191.0	9900.0
192.0	9633.0
193.0	9676.0
194.0	9605.0
195.0	9755.0
196.0	9680.0
197.0	9775.0
198.0	9752.0
199.0	10035.0
200.0	9625.0
201.0	10241.0
202.0	10029.0
203.0	9730.0
204.0	10065.0
205.0	9869.0
206.0	10105.0
207.0	9785.0
208.0	9646.0
209.0	10034.0
210.0	10043.0
211.0	9881.0
212.0	9864.0
213.0	9766.0
214.0	9934.0
215.0	9794.0
216.0	9546.0
217.0	9504.0
218.0	9682.0
219.0	9694.0
220.0	9898.0
221.0	9996.0
222.0	9815.0
223.0	10276.0
224.0	9568.0
225.0	9803.0
226.0	9858.0
227.0	9799.0
228.0	9784.0
229.0	10080.0
230.0	9603.0
231.0	9816.0
232.0	10072.0
233.0	9887.0
234.0	9531.0
235.0	9597.0
236.0	9291.0
237.0	10153.0
238.0	9323.0
239.0	9775.0
240.0	9546.0
241.0	9666.0
242.0	10163.0
243.0	9706.0
244.0	10203.0
245.0	10200.0
246.0	9906.0
247.0	9678.0
248.0	9758.0
249.0	10382.0
250.0	9839.0
251.0	10250.0
252.0	10169.0
253.0	9708.0
254.0	9991.0
255.0	9580.0
256.0	9752.0
257.0	9790.0
258.0	9565.0
259.0	10316.0
260.0	9926.0
261.0	9908.0
262.0	9679.0
263.0	9822.0
264.0	9866.0
265.0	10621.0
266.0	10271.0
267.0	10408.0
268.0	9786.0
269.0	9872.0
270.0	9645.0
271.0	10282.0
272.0	9546.0
273.0	9917.0
274.0	10042.0
275.0	10063.0
276.0	10494.0
277.0	9459.0
278.0	10108.0
279.0	9673.0
280.0	10152.0
281.0	10472.0
282.0	10004.0
283.0	9852.0
284.0	9890.0
285.0	10218.0
286.0	10490.0
287.0	10261.0
288.0	10174.0
289.0	9981.0
290.0	10017.0
291.0	10222.0
292.0	9779.0
293.0	10261.0
294.0	9871.0
295.0	10018.0
296.0	9757.0
297.0	10195.0
298.0	10111.0
299.0	9980.0
300.0	9711.0
301.0	9898.0
302.0	10002.0
303.0	10157.0
304.0	10310.0
305.0	9642.0
306.0	10056.0
307.0	10168.0
308.0	9852.0
309.0	10357.0
310.0	10258.0
311.0	9662.0
312.0	9982.0
313.0	10549.0
314.0	10024.0
315.0	9886.0
316.0	9739.0
317.0	10330.0
318.0	9967.0
319.0	10122.0
320.0	9619.0
321.0	10212.0
322.0	9581.0
323.0	10145.0
324.0	9715.0
325.0	9771.0
326.0	10440.0
327.0	10161.0
328.0	9663.0
329.0	9845.0
330.0	10022.0
331.0	9366.0
332.0	10211.0
333.0	9914.0
334.0	10342.0
335.0	9852.0
336.0	9624.0
337.0	10230.0
338.0	9619.0
339.0	10294.0
340.0	9758.0
341.0	9774.0
342.0	9729.0
343.0	9881.0
344.0	10173.0
345.0	10137.0
346.0	9945.0
347.0	9931.0
348.0	9981.0
349.0	9984.0
350.0	9913.0
351.0	10547.0
352.0	9932.0
353.0	9649.0
354.0	10264.0
355.0	10011.0
356.0	9724.0
357.0	9729.0
358.0	9858.0
359.0	9732.0
360.0	10114.0
361.0	10141.0
362.0	10151.0
363.0	9980.0
364.0	9984.0
365.0	9514.0
366.0	10022.0
367.0	9485.0
368.0	9765.0
369.0	10181.0
370.0	9720.0
371.0	9973.0
372.0	9772.0
373.0	10185.0
374.0	9786.0
375.0	9603.0
376.0	9758.0
377.0	10124.0
378.0	9881.0
379.0	9992.0
380.0	9450.0
381.0	9678.0
382.0	9597.0
383.0	10227.0
384.0	9967.0
385.0	9936.0
386.0	10141.0
387.0	10153.0
388.0	9416.0
389.0	9519.0
390.0	9881.0
391.0	10079.0
392.0	10117.0
393.0	9929.0
394.0	10214.0
395.0	10059.0
396.0	9809.0
397.0	9788.0
398.0	10044.0
399.0	10109.0
400.0	9716.0
401.0	10011.0
402.0	10247.0
403.0	9803.0
404.0	10291.0
405.0	9895.0
406.0	10196.0
407.0	10161.0
408.0	9594.0
409.0	10171.0
410.0	9690.0
411.0	9649.0
412.0	9633.0
413.0	9900.0
414.0	10468.0
415.0	10158.0
416.0	9977.0
417.0	9879.0
418.0	9819.0
419.0	9879.0
420.0	9767.0
421.0	9988.0
422.0	9926.0
423.0	9793.0
424.0	10283.0
425.0	10333.0
426.0	10219.0
427.0	9849.0
428.0	10012.0
429.0	9600.0
430.0	10170.0
431.0	9841.0
432.0	9881.0
433.0	10173.0
434.0	10395.0
435.0	9925.0
436.0	9873.0
437.0	9907.0
438.0	9721.0
439.0	10126.0
440.0	10069.0
441.0	9470.0
442.0	9578.0
443.0	10083.0
444.0	9721.0
445.0	9989.0
446.0	10129.0
447.0	9640.0
448.0	10158.0
449.0	9451.0
450.0	10334.0
451.0	9855.0
452.0	9979.0
453.0	10034.0
454.0	10428.0
455.0	10408.0
456.0	10044.0
457.0	10182.0
458.0	10392.0
459.0	9658.0
460.0	9762.0
461.0	9615.0
462.0	9991.0
463.0	9966.0
464.0	10123.0
465.0	10409.0
466.0	10476.0
467.0	11039.0
468.0	10823.0
469.0	10582.0
470.0	10935.0
471.0	9759.0
472.0	9982.0
473.0	10416.0
474.0	10486.0
475.0	10875.0
476.0	10427.0
477.0	10161.0
478.0	10859.0
479.0	11548.0
480.0	11841.0
481.0	11472.0
482.0	10913.0
483.0	10645.0
484.0	10657.0
485.0	10866.0
486.0	10691.0
487.0	10133.0
488.0	10601.0
489.0	10722.0
490.0	10728.0
491.0	10395.0
492.0	11256.0
493.0	10840.0
494.0	10675.0
495.0	10719.0
496.0	10555.0
497.0	10891.0
498.0	10944.0
499.0	10893.0
500.0	11055.0
501.0	10986.0
502.0	11260.0
503.0	11813.0
504.0	11661.0
505.0	11258.0
506.0	11166.0
507.0	11215.0
508.0	10490.0
509.0	11048.0
510.0	10893.0
511.0	11940.0
512.0	10670.0
513.0	11055.0
514.0	10498.0
515.0	10804.0
516.0	11008.0
517.0	11221.0
518.0	11416.0
519.0	11181.0
520.0	10898.0
521.0	10827.0
522.0	10355.0
523.0	10359.0
524.0	10762.0
525.0	10808.0
526.0	10189.0
527.0	10325.0
528.0	11306.0
529.0	10901.0
530.0	11022.0
531.0	10797.0
532.0	10975.0
533.0	11061.0
534.0	10654.0
535.0	10889.0
536.0	11080.0
537.0	11068.0
538.0	11022.0
539.0	10983.0
540.0	10765.0
541.0	10958.0
542.0	10619.0
543.0	10915.0
544.0	10704.0
545.0	10874.0
546.0	10669.0
547.0	10759.0
548.0	10370.0
549.0	10920.0
550.0	10527.0
551.0	10784.0
552.0	10683.0
553.0	10517.0
554.0	10485.0
555.0	10571.0
556.0	9923.0
557.0	10607.0
558.0	10550.0
559.0	10714.0
560.0	10945.0
561.0	10687.0
562.0	10481.0
563.0	10319.0
564.0	10779.0
565.0	10448.0
566.0	10133.0
567.0	10384.0
568.0	10713.0
569.0	10638.0
570.0	10734.0
571.0	11112.0
572.0	10010.0
573.0	10778.0
574.0	10270.0
575.0	10985.0
576.0	10317.0
577.0	10428.0
578.0	10335.0
579.0	10251.0
580.0	10002.0
581.0	10273.0
582.0	10423.0
583.0	10283.0
584.0	10315.0
585.0	10658.0
586.0	10319.0
587.0	10144.0
588.0	10368.0
589.0	10255.0
590.0	10322.0
591.0	9822.0
592.0	9782.0
593.0	10792.0
594.0	10086.0
595.0	10198.0
596.0	9700.0
597.0	10359.0
598.0	10161.0
599.0	9806.0
600.0	9275.0
601.0	10386.0
602.0	9933.0
603.0	10154.0
604.0	10343.0
605.0	9636.0
606.0	10586.0
607.0	9912.0
608.0	10263.0
609.0	10259.0
610.0	9770.0
611.0	10388.0
612.0	9876.0
613.0	10427.0
614.0	9893.0
615.0	10638.0
616.0	10572.0
617.0	10214.0
618.0	9847.0
619.0	9985.0
620.0	9542.0
621.0	10004.0
622.0	9774.0
623.0	9949.0
624.0	10044.0
625.0	9540.0
626.0	9995.0
627.0	9408.0
628.0	9601.0
629.0	9742.0
630.0	10041.0
631.0	9725.0
632.0	9859.0
633.0	10289.0
634.0	9564.0
635.0	9998.0
636.0	9635.0
637.0	10140.0
638.0	9974.0
639.0	9867.0
640.0	10176.0
641.0	9686.0
642.0	9740.0
643.0	10041.0
644.0	9988.0
645.0	10613.0
646.0	10024.0
647.0	10154.0
648.0	9829.0
649.0	10314.0
650.0	10101.0
651.0	10271.0
652.0	9940.0
653.0	9985.0
654.0	9878.0
655.0	10026.0
656.0	9979.0
657.0	9709.0
658.0	10096.0
659.0	9993.0
660.0	9487.0
661.0	9833.0
662.0	9970.0
663.0	9535.0
664.0	10143.0
665.0	10049.0
666.0	10169.0
667.0	9876.0
668.0	10210.0
669.0	9800.0
670.0	9671.0
671.0	9595.0
672.0	9725.0
673.0	9711.0
674.0	10177.0
675.0	10062.0
676.0	10271.0
677.0	9975.0
678.0	9816.0
679.0	9623.0
680.0	9841.0
681.0	10368.0
682.0	9761.0
683.0	9979.0
684.0	9486.0
685.0	9988.0
686.0	9881.0
687.0	9694.0
688.0	10425.0
689.0	9366.0
690.0	10120.0
691.0	9979.0
692.0	9954.0
693.0	9788.0
694.0	9733.0
695.0	10187.0
696.0	10061.0
697.0	9750.0
698.0	9813.0
699.0	9900.0
700.0	9720.0
701.0	10168.0
702.0	9901.0
703.0	9579.0
704.0	9659.0
705.0	10002.0
706.0	9825.0
707.0	9782.0
708.0	9584.0
709.0	9997.0
710.0	9856.0
711.0	9915.0
712.0	10382.0
713.0	10223.0
714.0	10716.0
715.0	9869.0
716.0	9694.0
717.0	10004.0
718.0	9981.0
719.0	10173.0
720.0	10105.0
721.0	10131.0
722.0	10207.0
723.0	9966.0
724.0	9751.0
725.0	9993.0
726.0	9852.0
727.0	10068.0
728.0	10167.0
729.0	9670.0
730.0	10199.0
731.0	9851.0
732.0	9949.0
733.0	9802.0
734.0	9778.0
735.0	10135.0
736.0	9932.0
737.0	10574.0
738.0	10300.0
739.0	9777.0
740.0	9579.0
741.0	9520.0
742.0	10010.0
743.0	9554.0
744.0	9512.0
745.0	9590.0
746.0	9464.0
747.0	9864.0
748.0	9999.0
749.0	10277.0
750.0	10383.0
751.0	9584.0
752.0	9731.0
753.0	10029.0
754.0	9974.0
755.0	9862.0
756.0	9793.0
757.0	9954.0
758.0	10022.0
759.0	9971.0
760.0	9623.0
761.0	10039.0
762.0	9916.0
763.0	9840.0
764.0	9794.0
765.0	9970.0
766.0	10067.0
767.0	10271.0
768.0	9771.0
769.0	9793.0
770.0	9837.0
771.0	9847.0
772.0	9464.0
773.0	9681.0
774.0	9867.0
775.0	9800.0
776.0	10088.0
777.0	9985.0
778.0	9534.0
779.0	9879.0
780.0	10210.0
781.0	9981.0
782.0	10151.0
783.0	10286.0
784.0	9621.0
785.0	10230.0
786.0	9916.0
787.0	9970.0
788.0	9965.0
789.0	9826.0
790.0	9785.0
791.0	9650.0
792.0	9794.0
793.0	9805.0
794.0	10394.0
795.0	9664.0
796.0	9700.0
797.0	9985.0
798.0	10004.0
799.0	9793.0
800.0	9978.0
