$itime = 500
$wv_start = 190.0
$hv = 1000
$grating = 2 1200 g/mm BLZ= 500  nm
$x_amps = 10
$x_volts = 45
$sample = DB2333
$date = 2023-06-02
$temp = 322.0
$wv_stop = 800.0
$time = 11:41:43.714000
$wv_step = 1.0
190.0	8019.0
191.0	7885.0
192.0	7629.0
193.0	8316.0
194.0	8189.0
195.0	7801.0
196.0	8405.0
197.0	8001.0
198.0	7496.0
199.0	8116.0
200.0	7940.0
201.0	8007.0
202.0	7903.0
203.0	8172.0
204.0	7941.0
205.0	8025.0
206.0	7926.0
207.0	7316.0
208.0	8026.0
209.0	7962.0
210.0	7970.0
211.0	7788.0
212.0	8112.0
213.0	8209.0
214.0	7432.0
215.0	7750.0
216.0	7589.0
217.0	8343.0
218.0	8151.0
219.0	7933.0
220.0	8220.0
221.0	7748.0
222.0	7652.0
223.0	7948.0
224.0	7933.0
225.0	8080.0
226.0	7705.0
227.0	7601.0
228.0	7743.0
229.0	8039.0
230.0	7480.0
231.0	7955.0
232.0	7938.0
233.0	7919.0
234.0	7577.0
235.0	7914.0
236.0	7952.0
237.0	8174.0
238.0	7889.0
239.0	8007.0
240.0	7762.0
241.0	7935.0
242.0	7509.0
243.0	8076.0
244.0	7760.0
245.0	7937.0
246.0	7997.0
247.0	7788.0
248.0	7870.0
249.0	8025.0
250.0	8370.0
251.0	8092.0
252.0	8186.0
253.0	8160.0
254.0	8060.0
255.0	7842.0
256.0	8024.0
257.0	7830.0
258.0	7833.0
259.0	8111.0
260.0	7344.0
261.0	7469.0
262.0	8279.0
263.0	7985.0
264.0	8041.0
265.0	7741.0
266.0	8364.0
267.0	7803.0
268.0	7807.0
269.0	8040.0
270.0	7846.0
271.0	8197.0
272.0	7679.0
273.0	8008.0
274.0	7668.0
275.0	8087.0
276.0	7848.0
277.0	7897.0
278.0	8033.0
279.0	8054.0
280.0	7833.0
281.0	8196.0
282.0	7994.0
283.0	8092.0
284.0	8191.0
285.0	8024.0
286.0	8448.0
287.0	7905.0
288.0	8110.0
289.0	7918.0
290.0	7872.0
291.0	7859.0
292.0	7593.0
293.0	7819.0
294.0	7756.0
295.0	8450.0
296.0	8299.0
297.0	7948.0
298.0	8032.0
299.0	8030.0
300.0	7692.0
301.0	8073.0
302.0	8057.0
303.0	7920.0
304.0	8275.0
305.0	8049.0
306.0	8034.0
307.0	7670.0
308.0	7888.0
309.0	8293.0
310.0	7768.0
311.0	7833.0
312.0	8042.0
313.0	8220.0
314.0	7967.0
315.0	8088.0
316.0	8134.0
317.0	7777.0
318.0	8001.0
319.0	8148.0
320.0	8088.0
321.0	7977.0
322.0	8004.0
323.0	8058.0
324.0	8133.0
325.0	8025.0
326.0	8234.0
327.0	8011.0
328.0	8036.0
329.0	7958.0
330.0	8133.0
331.0	8096.0
332.0	7832.0
333.0	8408.0
334.0	7903.0
335.0	7693.0
336.0	7947.0
337.0	7759.0
338.0	7884.0
339.0	8116.0
340.0	8092.0
341.0	8084.0
342.0	8004.0
343.0	7927.0
344.0	7696.0
345.0	7663.0
346.0	7915.0
347.0	7627.0
348.0	7768.0
349.0	7987.0
350.0	7867.0
351.0	7592.0
352.0	7683.0
353.0	8099.0
354.0	8197.0
355.0	7756.0
356.0	7987.0
357.0	7933.0
358.0	7711.0
359.0	7966.0
360.0	8168.0
361.0	7658.0
362.0	8224.0
363.0	7951.0
364.0	8077.0
365.0	7884.0
366.0	7987.0
367.0	7709.0
368.0	7686.0
369.0	7739.0
370.0	7919.0
371.0	7752.0
372.0	8294.0
373.0	7992.0
374.0	7916.0
375.0	7952.0
376.0	8270.0
377.0	7774.0
378.0	7983.0
379.0	7842.0
380.0	8011.0
381.0	8209.0
382.0	8157.0
383.0	7898.0
384.0	7772.0
385.0	7987.0
386.0	8036.0
387.0	8163.0
388.0	7871.0
389.0	7929.0
390.0	7872.0
391.0	7765.0
392.0	8001.0
393.0	7886.0
394.0	7920.0
395.0	7972.0
396.0	7777.0
397.0	7788.0
398.0	8196.0
399.0	7888.0
400.0	8300.0
401.0	7732.0
402.0	8176.0
403.0	7888.0
404.0	7962.0
405.0	7699.0
406.0	7899.0
407.0	8097.0
408.0	8417.0
409.0	7831.0
410.0	7784.0
411.0	8316.0
412.0	8038.0
413.0	8087.0
414.0	8072.0
415.0	8191.0
416.0	7859.0
417.0	8155.0
418.0	7915.0
419.0	7994.0
420.0	7566.0
421.0	7886.0
422.0	8030.0
423.0	7261.0
424.0	7909.0
425.0	7794.0
426.0	7788.0
427.0	7934.0
428.0	8116.0
429.0	7746.0
430.0	7609.0
431.0	8028.0
432.0	8541.0
433.0	7995.0
434.0	7747.0
435.0	8167.0
436.0	7899.0
437.0	7626.0
438.0	8052.0
439.0	8098.0
440.0	7542.0
441.0	7951.0
442.0	7845.0
443.0	7808.0
444.0	7744.0
445.0	7787.0
446.0	7929.0
447.0	8076.0
448.0	7759.0
449.0	8043.0
450.0	8216.0
451.0	8021.0
452.0	8025.0
453.0	7910.0
454.0	7926.0
455.0	7792.0
456.0	7759.0
457.0	7880.0
458.0	7809.0
459.0	7801.0
460.0	8242.0
461.0	7839.0
462.0	7951.0
463.0	7694.0
464.0	7875.0
465.0	8006.0
466.0	7820.0
467.0	7752.0
468.0	7946.0
469.0	7790.0
470.0	7681.0
471.0	7918.0
472.0	7989.0
473.0	7769.0
474.0	7872.0
475.0	7932.0
476.0	7687.0
477.0	8035.0
478.0	8002.0
479.0	7812.0
480.0	8351.0
481.0	8034.0
482.0	7668.0
483.0	8089.0
484.0	7813.0
485.0	7807.0
486.0	7896.0
487.0	8145.0
488.0	8479.0
489.0	8076.0
490.0	8133.0
491.0	7864.0
492.0	7723.0
493.0	7630.0
494.0	8392.0
495.0	8011.0
496.0	8004.0
497.0	8013.0
498.0	7943.0
499.0	7974.0
500.0	8071.0
501.0	7772.0
502.0	7850.0
503.0	8141.0
504.0	7872.0
505.0	8177.0
506.0	7648.0
507.0	7703.0
508.0	8315.0
509.0	8261.0
510.0	8115.0
511.0	7783.0
512.0	8327.0
513.0	8419.0
514.0	8108.0
515.0	8161.0
516.0	8042.0
517.0	7800.0
518.0	8375.0
519.0	7747.0
520.0	7939.0
521.0	7986.0
522.0	8145.0
523.0	7718.0
524.0	8349.0
525.0	7921.0
526.0	7709.0
527.0	7624.0
528.0	7804.0
529.0	7934.0
530.0	7879.0
531.0	7529.0
532.0	8239.0
533.0	8071.0
534.0	8034.0
535.0	8011.0
536.0	7789.0
537.0	8291.0
538.0	8184.0
539.0	8369.0
540.0	7997.0
541.0	7957.0
542.0	8019.0
543.0	8312.0
544.0	7876.0
545.0	7956.0
546.0	8216.0
547.0	7734.0
548.0	7772.0
549.0	8502.0
550.0	7888.0
551.0	8253.0
552.0	7937.0
553.0	8080.0
554.0	7598.0
555.0	8360.0
556.0	8216.0
557.0	8168.0
558.0	8278.0
559.0	8039.0
560.0	7657.0
561.0	8016.0
562.0	8092.0
563.0	7922.0
564.0	7901.0
565.0	7963.0
566.0	7934.0
567.0	7731.0
568.0	7948.0
569.0	7989.0
570.0	8293.0
571.0	8006.0
572.0	8026.0
573.0	8203.0
574.0	7999.0
575.0	7903.0
576.0	7985.0
577.0	8154.0
578.0	7846.0
579.0	8037.0
580.0	8114.0
581.0	8045.0
582.0	8056.0
583.0	7958.0
584.0	8092.0
585.0	8009.0
586.0	7949.0
587.0	8298.0
588.0	8208.0
589.0	7923.0
590.0	8312.0
591.0	7784.0
592.0	7820.0
593.0	8197.0
594.0	7687.0
595.0	8099.0
596.0	7886.0
597.0	8189.0
598.0	7948.0
599.0	7548.0
600.0	8134.0
601.0	7952.0
602.0	8202.0
603.0	7976.0
604.0	8189.0
605.0	7853.0
606.0	7867.0
607.0	7999.0
608.0	7611.0
609.0	8202.0
610.0	8175.0
611.0	7989.0
612.0	8240.0
613.0	7850.0
614.0	7546.0
615.0	8010.0
616.0	7856.0
617.0	8145.0
618.0	7685.0
619.0	7948.0
620.0	7754.0
621.0	8021.0
622.0	8055.0
623.0	7761.0
624.0	7833.0
625.0	7841.0
626.0	8307.0
627.0	7769.0
628.0	8300.0
629.0	7720.0
630.0	8027.0
631.0	8187.0
632.0	8508.0
633.0	8352.0
634.0	7862.0
635.0	7733.0
636.0	8065.0
637.0	8071.0
638.0	8121.0
639.0	8208.0
640.0	7765.0
641.0	7694.0
642.0	7984.0
643.0	7941.0
644.0	7901.0
645.0	8121.0
646.0	7619.0
647.0	8221.0
648.0	8108.0
649.0	7864.0
650.0	8270.0
651.0	8022.0
652.0	7910.0
653.0	7858.0
654.0	7812.0
655.0	8005.0
656.0	8021.0
657.0	7697.0
658.0	7755.0
659.0	7767.0
660.0	7370.0
661.0	7850.0
662.0	7959.0
663.0	7784.0
664.0	7837.0
665.0	8056.0
666.0	7833.0
667.0	7977.0
668.0	8039.0
669.0	8115.0
670.0	8005.0
671.0	7884.0
672.0	7643.0
673.0	7857.0
674.0	7938.0
675.0	8157.0
676.0	8225.0
677.0	8110.0
678.0	7907.0
679.0	7773.0
680.0	7767.0
681.0	8004.0
682.0	7871.0
683.0	7853.0
684.0	7747.0
685.0	7719.0
686.0	7747.0
687.0	7482.0
688.0	8092.0
689.0	7853.0
690.0	8020.0
691.0	7847.0
692.0	7911.0
693.0	7472.0
694.0	7883.0
695.0	7879.0
696.0	8271.0
697.0	7987.0
698.0	8202.0
699.0	7588.0
700.0	7991.0
701.0	7837.0
702.0	7773.0
703.0	7560.0
704.0	8241.0
705.0	7603.0
706.0	7854.0
707.0	8080.0
708.0	8187.0
709.0	7871.0
710.0	7657.0
711.0	8166.0
712.0	8021.0
713.0	8092.0
714.0	8472.0
715.0	8254.0
716.0	7685.0
717.0	7827.0
718.0	7922.0
719.0	7941.0
720.0	7783.0
721.0	7855.0
722.0	7604.0
723.0	7973.0
724.0	7594.0
725.0	7750.0
726.0	7625.0
727.0	7910.0
728.0	7900.0
729.0	8114.0
730.0	7842.0
731.0	7714.0
732.0	8089.0
733.0	7801.0
734.0	7855.0
735.0	7773.0
736.0	8161.0
737.0	7717.0
738.0	7998.0
739.0	7679.0
740.0	8255.0
741.0	7997.0
742.0	7797.0
743.0	7837.0
744.0	7807.0
745.0	7794.0
746.0	7553.0
747.0	8051.0
748.0	7984.0
749.0	7724.0
750.0	8408.0
751.0	7980.0
752.0	7857.0
753.0	7808.0
754.0	8020.0
755.0	7394.0
756.0	8059.0
757.0	8259.0
758.0	8095.0
759.0	7987.0
760.0	7620.0
761.0	7888.0
762.0	7740.0
763.0	7997.0
764.0	7735.0
765.0	8121.0
766.0	8087.0
767.0	7876.0
768.0	7907.0
769.0	8035.0
770.0	7905.0
771.0	8099.0
772.0	8077.0
773.0	8494.0
774.0	8179.0
775.0	7990.0
776.0	7826.0
777.0	7723.0
778.0	7715.0
779.0	7716.0
780.0	7937.0
781.0	7620.0
782.0	8056.0
783.0	7994.0
784.0	8014.0
785.0	7794.0
786.0	8156.0
787.0	7959.0
788.0	7959.0
789.0	8056.0
790.0	7732.0
791.0	7989.0
792.0	7962.0
793.0	7985.0
794.0	7923.0
795.0	8183.0
796.0	7904.0
797.0	7716.0
798.0	8058.0
799.0	7979.0
800.0	7732.0
