$itime = 500
$wv_start = 190.0
$hv = 1000
$grating = 2 1200 g/mm BLZ= 500  nm
$x_amps = 10
$x_volts = 45
$sample = DB2331
$date = 2023-06-07
$temp = 282.0
$wv_stop = 800.0
$time = 07:43:19.820000
$wv_step = 1.0
190.0	8807.0
191.0	8476.0
192.0	9243.0
193.0	9515.0
194.0	9582.0
195.0	9493.0
196.0	8878.0
197.0	9276.0
198.0	8930.0
199.0	9054.0
200.0	9406.0
201.0	9310.0
202.0	9477.0
203.0	9069.0
204.0	9307.0
205.0	9248.0
206.0	9496.0
207.0	9264.0
208.0	8937.0
209.0	9337.0
210.0	9139.0
211.0	8862.0
212.0	9312.0
213.0	8936.0
214.0	9264.0
215.0	9016.0
216.0	8969.0
217.0	9375.0
218.0	8829.0
219.0	9415.0
220.0	9204.0
221.0	9327.0
222.0	8829.0
223.0	9176.0
224.0	9292.0
225.0	8942.0
226.0	8922.0
227.0	9176.0
228.0	8986.0
229.0	9117.0
230.0	8924.0
231.0	8965.0
232.0	8906.0
233.0	9265.0
234.0	9256.0
235.0	9244.0
236.0	9095.0
237.0	8636.0
238.0	9009.0
239.0	9124.0
240.0	9398.0
241.0	9113.0
242.0	8968.0
243.0	9190.0
244.0	9561.0
245.0	9210.0
246.0	9065.0
247.0	8992.0
248.0	8834.0
249.0	9307.0
250.0	9571.0
251.0	9600.0
252.0	8967.0
253.0	9410.0
254.0	9327.0
255.0	9469.0
256.0	9308.0
257.0	9116.0
258.0	8829.0
259.0	9186.0
260.0	9270.0
261.0	9117.0
262.0	9202.0
263.0	9254.0
264.0	8785.0
265.0	8964.0
266.0	9264.0
267.0	8781.0
268.0	9386.0
269.0	8971.0
270.0	9507.0
271.0	9068.0
272.0	8817.0
273.0	9540.0
274.0	8940.0
275.0	8960.0
276.0	8976.0
277.0	9469.0
278.0	9564.0
279.0	9463.0
280.0	9190.0
281.0	9052.0
282.0	9284.0
283.0	9413.0
284.0	9635.0
285.0	9185.0
286.0	9251.0
287.0	9512.0
288.0	9193.0
289.0	9639.0
290.0	9518.0
291.0	9075.0
292.0	9309.0
293.0	9435.0
294.0	9281.0
295.0	9666.0
296.0	9413.0
297.0	9797.0
298.0	9371.0
299.0	8904.0
300.0	9419.0
301.0	9377.0
302.0	9585.0
303.0	9505.0
304.0	9197.0
305.0	9158.0
306.0	9573.0
307.0	9510.0
308.0	9300.0
309.0	9330.0
310.0	9137.0
311.0	9178.0
312.0	9605.0
313.0	8922.0
314.0	9691.0
315.0	9496.0
316.0	9780.0
317.0	9831.0
318.0	9020.0
319.0	9492.0
320.0	9444.0
321.0	9022.0
322.0	9322.0
323.0	9658.0
324.0	8772.0
325.0	8936.0
326.0	9133.0
327.0	9945.0
328.0	9162.0
329.0	9457.0
330.0	9573.0
331.0	9255.0
332.0	9193.0
333.0	9451.0
334.0	9326.0
335.0	9469.0
336.0	9063.0
337.0	9435.0
338.0	9307.0
339.0	9536.0
340.0	9553.0
341.0	9453.0
342.0	9233.0
343.0	9579.0
344.0	9477.0
345.0	9210.0
346.0	9190.0
347.0	9579.0
348.0	9283.0
349.0	9059.0
350.0	9271.0
351.0	9321.0
352.0	9094.0
353.0	9176.0
354.0	8965.0
355.0	9235.0
356.0	9051.0
357.0	9131.0
358.0	9521.0
359.0	9688.0
360.0	8912.0
361.0	9301.0
362.0	9134.0
363.0	8840.0
364.0	9038.0
365.0	9242.0
366.0	9247.0
367.0	9396.0
368.0	8811.0
369.0	9096.0
370.0	9075.0
371.0	8896.0
372.0	9324.0
373.0	9359.0
374.0	9209.0
375.0	9328.0
376.0	9308.0
377.0	9170.0
378.0	9202.0
379.0	8884.0
380.0	9251.0
381.0	8828.0
382.0	9364.0
383.0	9100.0
384.0	9278.0
385.0	8892.0
386.0	9208.0
387.0	9436.0
388.0	9113.0
389.0	9323.0
390.0	9046.0
391.0	9370.0
392.0	9020.0
393.0	9048.0
394.0	8976.0
395.0	8915.0
396.0	9461.0
397.0	9113.0
398.0	8876.0
399.0	9113.0
400.0	9224.0
401.0	9106.0
402.0	8940.0
403.0	9243.0
404.0	9235.0
405.0	9160.0
406.0	9074.0
407.0	9088.0
408.0	9512.0
409.0	8821.0
410.0	9606.0
411.0	8840.0
412.0	8909.0
413.0	9460.0
414.0	9243.0
415.0	9225.0
416.0	9722.0
417.0	9067.0
418.0	9003.0
419.0	9055.0
420.0	9585.0
421.0	9534.0
422.0	8949.0
423.0	9261.0
424.0	9202.0
425.0	9386.0
426.0	9327.0
427.0	8591.0
428.0	8987.0
429.0	8956.0
430.0	9043.0
431.0	8821.0
432.0	9162.0
433.0	9115.0
434.0	9263.0
435.0	9260.0
436.0	9005.0
437.0	9198.0
438.0	8688.0
439.0	9146.0
440.0	8775.0
441.0	9466.0
442.0	9035.0
443.0	9245.0
444.0	9047.0
445.0	9439.0
446.0	9098.0
447.0	8891.0
448.0	9101.0
449.0	8916.0
450.0	9237.0
451.0	9661.0
452.0	9596.0
453.0	8931.0
454.0	9418.0
455.0	9226.0
456.0	9002.0
457.0	9624.0
458.0	9115.0
459.0	8977.0
460.0	9192.0
461.0	9688.0
462.0	9256.0
463.0	9269.0
464.0	9061.0
465.0	9651.0
466.0	9347.0
467.0	9246.0
468.0	8837.0
469.0	8809.0
470.0	9272.0
471.0	9083.0
472.0	9210.0
473.0	9098.0
474.0	9356.0
475.0	9176.0
476.0	9327.0
477.0	9670.0
478.0	8798.0
479.0	9271.0
480.0	9008.0
481.0	8946.0
482.0	9357.0
483.0	9522.0
484.0	9017.0
485.0	9123.0
486.0	9154.0
487.0	9398.0
488.0	9227.0
489.0	9338.0
490.0	9431.0
491.0	9414.0
492.0	8915.0
493.0	9039.0
494.0	9489.0
495.0	8931.0
496.0	9670.0
497.0	9026.0
498.0	9025.0
499.0	9442.0
500.0	9825.0
501.0	9307.0
502.0	8819.0
503.0	9063.0
504.0	9627.0
505.0	9118.0
506.0	9202.0
507.0	9443.0
508.0	9313.0
509.0	9345.0
510.0	9307.0
511.0	9556.0
512.0	9178.0
513.0	9457.0
514.0	10157.0
515.0	9273.0
516.0	9559.0
517.0	9355.0
518.0	9315.0
519.0	8927.0
520.0	9209.0
521.0	9313.0
522.0	9411.0
523.0	9075.0
524.0	9614.0
525.0	9477.0
526.0	9265.0
527.0	9434.0
528.0	9484.0
529.0	9446.0
530.0	9698.0
531.0	9568.0
532.0	9573.0
533.0	9381.0
534.0	9584.0
535.0	9684.0
536.0	9030.0
537.0	9188.0
538.0	9398.0
539.0	9730.0
540.0	9135.0
541.0	9634.0
542.0	9529.0
543.0	9254.0
544.0	9551.0
545.0	9054.0
546.0	9237.0
547.0	9411.0
548.0	9134.0
549.0	9465.0
550.0	9431.0
551.0	9624.0
552.0	9395.0
553.0	9312.0
554.0	9457.0
555.0	9557.0
556.0	9426.0
557.0	9722.0
558.0	9280.0
559.0	9403.0
560.0	9380.0
561.0	8963.0
562.0	9753.0
563.0	9186.0
564.0	9313.0
565.0	9795.0
566.0	9758.0
567.0	9437.0
568.0	9074.0
569.0	9322.0
570.0	9181.0
571.0	9419.0
572.0	9508.0
573.0	8849.0
574.0	9169.0
575.0	9530.0
576.0	9463.0
577.0	9544.0
578.0	9362.0
579.0	9027.0
580.0	9405.0
581.0	9544.0
582.0	9599.0
583.0	9637.0
584.0	9288.0
585.0	9599.0
586.0	9655.0
587.0	9090.0
588.0	8872.0
589.0	9088.0
590.0	9197.0
591.0	9210.0
592.0	8883.0
593.0	9505.0
594.0	9063.0
595.0	9248.0
596.0	9452.0
597.0	9204.0
598.0	8850.0
599.0	9039.0
600.0	9832.0
601.0	9151.0
602.0	9578.0
603.0	9738.0
604.0	9602.0
605.0	9329.0
606.0	9195.0
607.0	9557.0
608.0	9159.0
609.0	9088.0
610.0	8488.0
611.0	9382.0
612.0	9843.0
613.0	9577.0
614.0	9179.0
615.0	9243.0
616.0	9054.0
617.0	9281.0
618.0	9433.0
619.0	9665.0
620.0	9641.0
621.0	9600.0
622.0	8880.0
623.0	9066.0
624.0	9334.0
625.0	9181.0
626.0	9426.0
627.0	9428.0
628.0	9087.0
629.0	9453.0
630.0	9135.0
631.0	9573.0
632.0	9046.0
633.0	9186.0
634.0	8903.0
635.0	9136.0
636.0	9595.0
637.0	8979.0
638.0	9061.0
639.0	9440.0
640.0	8925.0
641.0	9189.0
642.0	9012.0
643.0	9232.0
644.0	8844.0
645.0	9668.0
646.0	9297.0
647.0	8936.0
648.0	9322.0
649.0	8858.0
650.0	9074.0
651.0	9624.0
652.0	9160.0
653.0	9592.0
654.0	9322.0
655.0	9245.0
656.0	9402.0
657.0	8977.0
658.0	9140.0
659.0	9080.0
660.0	9256.0
661.0	9303.0
662.0	9224.0
663.0	8902.0
664.0	9110.0
665.0	9098.0
666.0	9209.0
667.0	9088.0
668.0	9164.0
669.0	8986.0
670.0	9188.0
671.0	9448.0
672.0	9189.0
673.0	9231.0
674.0	9271.0
675.0	9138.0
676.0	9113.0
677.0	9384.0
678.0	9241.0
679.0	9401.0
680.0	9445.0
681.0	9210.0
682.0	9145.0
683.0	9325.0
684.0	9249.0
685.0	8902.0
686.0	9206.0
687.0	9200.0
688.0	8993.0
689.0	8889.0
690.0	9070.0
691.0	9094.0
692.0	9070.0
693.0	9573.0
694.0	8957.0
695.0	9371.0
696.0	9124.0
697.0	9429.0
698.0	9253.0
699.0	8830.0
700.0	9805.0
701.0	9504.0
702.0	9280.0
703.0	9327.0
704.0	9232.0
705.0	9583.0
706.0	9219.0
707.0	8638.0
708.0	9199.0
709.0	9380.0
710.0	8889.0
711.0	9355.0
712.0	9589.0
713.0	9141.0
714.0	9249.0
715.0	8959.0
716.0	8882.0
717.0	9116.0
718.0	9010.0
719.0	9536.0
720.0	8965.0
721.0	9421.0
722.0	9301.0
723.0	9538.0
724.0	9411.0
725.0	9047.0
726.0	9279.0
727.0	8954.0
728.0	9449.0
729.0	9255.0
730.0	9104.0
731.0	9553.0
732.0	8998.0
733.0	9254.0
734.0	9407.0
735.0	8749.0
736.0	9199.0
737.0	9093.0
738.0	9385.0
739.0	9357.0
740.0	9053.0
741.0	9512.0
742.0	9110.0
743.0	9102.0
744.0	9209.0
745.0	8924.0
746.0	9245.0
747.0	9115.0
748.0	9316.0
749.0	9272.0
750.0	9163.0
751.0	9129.0
752.0	9442.0
753.0	9211.0
754.0	9140.0
755.0	8861.0
756.0	9160.0
757.0	9327.0
758.0	9735.0
759.0	8940.0
760.0	9691.0
761.0	9436.0
762.0	8888.0
763.0	9460.0
764.0	9309.0
765.0	8666.0
766.0	8829.0
767.0	8944.0
768.0	9297.0
769.0	9098.0
770.0	8524.0
771.0	9229.0
772.0	9297.0
773.0	9188.0
774.0	8743.0
775.0	9348.0
776.0	9360.0
777.0	8820.0
778.0	9285.0
779.0	9148.0
780.0	8993.0
781.0	9189.0
782.0	9184.0
783.0	9394.0
784.0	9131.0
785.0	9434.0
786.0	9237.0
787.0	9062.0
788.0	9016.0
789.0	8772.0
790.0	9317.0
791.0	8966.0
792.0	9347.0
793.0	9254.0
794.0	9525.0
795.0	9200.0
796.0	9263.0
797.0	9574.0
798.0	9095.0
799.0	9023.0
800.0	9420.0
