$itime = 500
$wv_start = 190.0
$hv = 1000
$grating = 2 1200 g/mm BLZ= 500  nm
$x_amps = 10
$x_volts = 45
$sample = DB2331
$date = 2023-06-07
$temp = 292.0
$wv_stop = 800.0
$time = 07:43:19.820000
$wv_step = 1.0
190.0	8879.0
191.0	9237.0
192.0	9182.0
193.0	9156.0
194.0	8994.0
195.0	8959.0
196.0	8820.0
197.0	8813.0
198.0	9133.0
199.0	8943.0
200.0	9307.0
201.0	8811.0
202.0	9064.0
203.0	8940.0
204.0	9037.0
205.0	8689.0
206.0	9305.0
207.0	9036.0
208.0	9244.0
209.0	9377.0
210.0	9185.0
211.0	9301.0
212.0	9436.0
213.0	8850.0
214.0	9139.0
215.0	8653.0
216.0	9458.0
217.0	8755.0
218.0	9086.0
219.0	8966.0
220.0	9204.0
221.0	8950.0
222.0	9549.0
223.0	9057.0
224.0	8919.0
225.0	8673.0
226.0	8750.0
227.0	8909.0
228.0	9079.0
229.0	9151.0
230.0	9099.0
231.0	9035.0
232.0	9210.0
233.0	8967.0
234.0	9064.0
235.0	9116.0
236.0	8905.0
237.0	9436.0
238.0	9116.0
239.0	9445.0
240.0	9029.0
241.0	9417.0
242.0	9332.0
243.0	9004.0
244.0	9277.0
245.0	9113.0
246.0	8879.0
247.0	9330.0
248.0	9036.0
249.0	9552.0
250.0	9069.0
251.0	9592.0
252.0	9184.0
253.0	8684.0
254.0	8789.0
255.0	9447.0
256.0	9191.0
257.0	9313.0
258.0	9209.0
259.0	9014.0
260.0	9299.0
261.0	9067.0
262.0	9275.0
263.0	9260.0
264.0	9170.0
265.0	9200.0
266.0	9265.0
267.0	9345.0
268.0	9380.0
269.0	8962.0
270.0	9492.0
271.0	9470.0
272.0	9212.0
273.0	9492.0
274.0	9563.0
275.0	9437.0
276.0	8946.0
277.0	9252.0
278.0	9569.0
279.0	9406.0
280.0	9245.0
281.0	9349.0
282.0	9420.0
283.0	9290.0
284.0	9193.0
285.0	9852.0
286.0	9494.0
287.0	8833.0
288.0	9169.0
289.0	8785.0
290.0	9060.0
291.0	9155.0
292.0	9093.0
293.0	9421.0
294.0	9364.0
295.0	9038.0
296.0	9685.0
297.0	9660.0
298.0	9380.0
299.0	9533.0
300.0	9234.0
301.0	9322.0
302.0	9406.0
303.0	8804.0
304.0	9617.0
305.0	8965.0
306.0	9464.0
307.0	9241.0
308.0	9658.0
309.0	9510.0
310.0	9307.0
311.0	9290.0
312.0	9311.0
313.0	9054.0
314.0	9132.0
315.0	9433.0
316.0	9504.0
317.0	9075.0
318.0	9259.0
319.0	8943.0
320.0	9441.0
321.0	9528.0
322.0	9454.0
323.0	9164.0
324.0	8617.0
325.0	8884.0
326.0	9680.0
327.0	9267.0
328.0	9734.0
329.0	8665.0
330.0	9731.0
331.0	9513.0
332.0	9113.0
333.0	9484.0
334.0	9613.0
335.0	9063.0
336.0	9244.0
337.0	9663.0
338.0	9253.0
339.0	9707.0
340.0	9039.0
341.0	9088.0
342.0	9209.0
343.0	9371.0
344.0	8851.0
345.0	9235.0
346.0	9107.0
347.0	9156.0
348.0	9319.0
349.0	9128.0
350.0	8770.0
351.0	9513.0
352.0	9192.0
353.0	9113.0
354.0	9223.0
355.0	8765.0
356.0	8980.0
357.0	9100.0
358.0	9483.0
359.0	8906.0
360.0	9581.0
361.0	9075.0
362.0	9128.0
363.0	9113.0
364.0	9290.0
365.0	9039.0
366.0	9252.0
367.0	9246.0
368.0	8944.0
369.0	9035.0
370.0	9429.0
371.0	9062.0
372.0	8893.0
373.0	8745.0
374.0	9054.0
375.0	9245.0
376.0	8954.0
377.0	9337.0
378.0	9426.0
379.0	8955.0
380.0	9246.0
381.0	9267.0
382.0	9061.0
383.0	9178.0
384.0	9276.0
385.0	9596.0
386.0	9113.0
387.0	9039.0
388.0	9073.0
389.0	9304.0
390.0	9461.0
391.0	8807.0
392.0	9061.0
393.0	8580.0
394.0	9504.0
395.0	8928.0
396.0	9217.0
397.0	8779.0
398.0	8709.0
399.0	9710.0
400.0	9107.0
401.0	9137.0
402.0	9181.0
403.0	9104.0
404.0	9370.0
405.0	8899.0
406.0	8959.0
407.0	9066.0
408.0	9132.0
409.0	9540.0
410.0	8777.0
411.0	9566.0
412.0	9464.0
413.0	9149.0
414.0	9059.0
415.0	9069.0
416.0	9231.0
417.0	8924.0
418.0	8779.0
419.0	8936.0
420.0	9322.0
421.0	8809.0
422.0	9005.0
423.0	9209.0
424.0	9341.0
425.0	9072.0
426.0	9335.0
427.0	8580.0
428.0	8740.0
429.0	9386.0
430.0	9042.0
431.0	8784.0
432.0	9372.0
433.0	9113.0
434.0	9140.0
435.0	9332.0
436.0	9402.0
437.0	9518.0
438.0	9581.0
439.0	9295.0
440.0	8878.0
441.0	8544.0
442.0	9234.0
443.0	9340.0
444.0	9218.0
445.0	9461.0
446.0	9463.0
447.0	9186.0
448.0	8624.0
449.0	8693.0
450.0	9214.0
451.0	9309.0
452.0	9273.0
453.0	8911.0
454.0	9117.0
455.0	9600.0
456.0	8622.0
457.0	9211.0
458.0	9135.0
459.0	8798.0
460.0	9056.0
461.0	9128.0
462.0	9532.0
463.0	9219.0
464.0	9163.0
465.0	9308.0
466.0	9081.0
467.0	9039.0
468.0	9313.0
469.0	9141.0
470.0	9319.0
471.0	9064.0
472.0	9268.0
473.0	9135.0
474.0	9122.0
475.0	9275.0
476.0	9585.0
477.0	9423.0
478.0	9279.0
479.0	9116.0
480.0	9293.0
481.0	9162.0
482.0	9212.0
483.0	9244.0
484.0	9235.0
485.0	9193.0
486.0	9211.0
487.0	9017.0
488.0	9072.0
489.0	8877.0
490.0	9543.0
491.0	9329.0
492.0	9437.0
493.0	9334.0
494.0	9688.0
495.0	8936.0
496.0	9230.0
497.0	9216.0
498.0	9422.0
499.0	9816.0
500.0	9553.0
501.0	9202.0
502.0	9791.0
503.0	9430.0
504.0	9027.0
505.0	9446.0
506.0	9949.0
507.0	9252.0
508.0	8962.0
509.0	9757.0
510.0	9592.0
511.0	9568.0
512.0	9299.0
513.0	9380.0
514.0	9349.0
515.0	9302.0
516.0	9074.0
517.0	9680.0
518.0	9286.0
519.0	9340.0
520.0	9049.0
521.0	9214.0
522.0	9036.0
523.0	9046.0
524.0	9804.0
525.0	9276.0
526.0	9088.0
527.0	9128.0
528.0	9098.0
529.0	8918.0
530.0	9747.0
531.0	9443.0
532.0	9233.0
533.0	9402.0
534.0	9634.0
535.0	8984.0
536.0	9535.0
537.0	9457.0
538.0	9884.0
539.0	9435.0
540.0	9281.0
541.0	9430.0
542.0	9139.0
543.0	9584.0
544.0	9631.0
545.0	9100.0
546.0	9354.0
547.0	9290.0
548.0	8964.0
549.0	9778.0
550.0	9518.0
551.0	9904.0
552.0	9359.0
553.0	9670.0
554.0	9587.0
555.0	9547.0
556.0	9449.0
557.0	9268.0
558.0	9051.0
559.0	9654.0
560.0	9735.0
561.0	9163.0
562.0	8836.0
563.0	9508.0
564.0	9084.0
565.0	8936.0
566.0	9120.0
567.0	9651.0
568.0	9719.0
569.0	9129.0
570.0	9609.0
571.0	8775.0
572.0	9261.0
573.0	9084.0
574.0	9491.0
575.0	9752.0
576.0	9263.0
577.0	9457.0
578.0	8921.0
579.0	9233.0
580.0	9327.0
581.0	9357.0
582.0	8972.0
583.0	9576.0
584.0	9311.0
585.0	9417.0
586.0	8805.0
587.0	9230.0
588.0	9023.0
589.0	9242.0
590.0	9148.0
591.0	9811.0
592.0	9159.0
593.0	9071.0
594.0	8908.0
595.0	9065.0
596.0	8855.0
597.0	9259.0
598.0	9428.0
599.0	8970.0
600.0	9799.0
601.0	9530.0
602.0	9541.0
603.0	9232.0
604.0	9764.0
605.0	9408.0
606.0	9564.0
607.0	9110.0
608.0	9213.0
609.0	9088.0
610.0	9307.0
611.0	9261.0
612.0	8921.0
613.0	9464.0
614.0	9239.0
615.0	9328.0
616.0	8854.0
617.0	9136.0
618.0	9592.0
619.0	8841.0
620.0	9625.0
621.0	9083.0
622.0	9417.0
623.0	9512.0
624.0	9538.0
625.0	9357.0
626.0	8901.0
627.0	9342.0
628.0	9237.0
629.0	9426.0
630.0	9111.0
631.0	8940.0
632.0	9484.0
633.0	9250.0
634.0	9181.0
635.0	8851.0
636.0	9423.0
637.0	8823.0
638.0	9029.0
639.0	9185.0
640.0	9242.0
641.0	8994.0
642.0	8731.0
643.0	8970.0
644.0	9100.0
645.0	9600.0
646.0	9056.0
647.0	8812.0
648.0	8929.0
649.0	9057.0
650.0	10059.0
651.0	8878.0
652.0	9299.0
653.0	9233.0
654.0	9522.0
655.0	8820.0
656.0	9288.0
657.0	9133.0
658.0	9194.0
659.0	9650.0
660.0	9429.0
661.0	9193.0
662.0	9434.0
663.0	9246.0
664.0	8960.0
665.0	9478.0
666.0	8928.0
667.0	8787.0
668.0	8936.0
669.0	8685.0
670.0	9088.0
671.0	9266.0
672.0	9262.0
673.0	9051.0
674.0	9216.0
675.0	9311.0
676.0	8902.0
677.0	8984.0
678.0	9020.0
679.0	9183.0
680.0	8644.0
681.0	9043.0
682.0	9247.0
683.0	8812.0
684.0	9002.0
685.0	9294.0
686.0	9100.0
687.0	9061.0
688.0	8876.0
689.0	8755.0
690.0	9100.0
691.0	9087.0
692.0	9430.0
693.0	9043.0
694.0	8785.0
695.0	9087.0
696.0	9428.0
697.0	9065.0
698.0	9100.0
699.0	9509.0
700.0	8969.0
701.0	9231.0
702.0	9066.0
703.0	8699.0
704.0	9541.0
705.0	8974.0
706.0	8925.0
707.0	9245.0
708.0	9211.0
709.0	9131.0
710.0	9224.0
711.0	8890.0
712.0	8969.0
713.0	9235.0
714.0	8965.0
715.0	8560.0
716.0	8971.0
717.0	8744.0
718.0	8984.0
719.0	10114.0
720.0	9178.0
721.0	8949.0
722.0	9124.0
723.0	8878.0
724.0	9379.0
725.0	9064.0
726.0	9059.0
727.0	8964.0
728.0	9014.0
729.0	9006.0
730.0	8912.0
731.0	9055.0
732.0	9573.0
733.0	9160.0
734.0	9074.0
735.0	9061.0
736.0	9182.0
737.0	9115.0
738.0	9307.0
739.0	8878.0
740.0	9338.0
741.0	9163.0
742.0	8911.0
743.0	9178.0
744.0	8686.0
745.0	9051.0
746.0	9097.0
747.0	9245.0
748.0	8700.0
749.0	9167.0
750.0	8877.0
751.0	9087.0
752.0	9054.0
753.0	8849.0
754.0	9163.0
755.0	9054.0
756.0	9181.0
757.0	8958.0
758.0	9034.0
759.0	9163.0
760.0	8979.0
761.0	8774.0
762.0	9194.0
763.0	9024.0
764.0	9317.0
765.0	8747.0
766.0	8904.0
767.0	8868.0
768.0	9524.0
769.0	9116.0
770.0	9412.0
771.0	9205.0
772.0	9215.0
773.0	9111.0
774.0	9293.0
775.0	8881.0
776.0	9105.0
777.0	9226.0
778.0	8959.0
779.0	9285.0
780.0	9210.0
781.0	9264.0
782.0	9276.0
783.0	9272.0
784.0	8774.0
785.0	8674.0
786.0	8987.0
787.0	8881.0
788.0	8950.0
789.0	9327.0
790.0	8912.0
791.0	9285.0
792.0	8769.0
793.0	9561.0
794.0	8844.0
795.0	8944.0
796.0	8953.0
797.0	9614.0
798.0	9302.0
799.0	9219.0
800.0	9148.0
