$itime = 500
$wv_start = 190.0
$hv = 1000
$grating = 2 1200 g/mm BLZ= 500  nm
$x_amps = 10
$x_volts = 45
$sample = DB2331
$date = 2023-06-07
$temp = 141.99
$wv_stop = 800.0
$time = 09:33:34.598000
$wv_step = 1.0
190.0	9946.0
191.0	10405.0
192.0	10145.0
193.0	10119.0
194.0	10363.0
195.0	9948.0
196.0	9903.0
197.0	9909.0
198.0	10051.0
199.0	9993.0
200.0	10285.0
201.0	10391.0
202.0	10292.0
203.0	9871.0
204.0	9725.0
205.0	9987.0
206.0	10577.0
207.0	9550.0
208.0	10031.0
209.0	9482.0
210.0	9996.0
211.0	9972.0
212.0	10000.0
213.0	10141.0
214.0	10030.0
215.0	10349.0
216.0	10038.0
217.0	10080.0
218.0	10239.0
219.0	10278.0
220.0	10247.0
221.0	10193.0
222.0	10094.0
223.0	10083.0
224.0	9531.0
225.0	10320.0
226.0	10313.0
227.0	10158.0
228.0	10264.0
229.0	10378.0
230.0	9845.0
231.0	10106.0
232.0	9973.0
233.0	9981.0
234.0	9984.0
235.0	9751.0
236.0	10007.0
237.0	10146.0
238.0	9980.0
239.0	10128.0
240.0	9938.0
241.0	9987.0
242.0	10144.0
243.0	10128.0
244.0	9955.0
245.0	9842.0
246.0	10247.0
247.0	10536.0
248.0	10204.0
249.0	9628.0
250.0	9950.0
251.0	9858.0
252.0	9945.0
253.0	10005.0
254.0	10217.0
255.0	9940.0
256.0	9940.0
257.0	10579.0
258.0	9948.0
259.0	10234.0
260.0	10257.0
261.0	9960.0
262.0	10828.0
263.0	9951.0
264.0	10198.0
265.0	10106.0
266.0	10682.0
267.0	10360.0
268.0	9715.0
269.0	10265.0
270.0	10107.0
271.0	10176.0
272.0	10602.0
273.0	9662.0
274.0	10404.0
275.0	10782.0
276.0	10408.0
277.0	10328.0
278.0	10901.0
279.0	10272.0
280.0	10284.0
281.0	10357.0
282.0	10134.0
283.0	10608.0
284.0	10310.0
285.0	10288.0
286.0	10136.0
287.0	10632.0
288.0	10688.0
289.0	10207.0
290.0	10378.0
291.0	10467.0
292.0	10043.0
293.0	10381.0
294.0	10281.0
295.0	10581.0
296.0	10345.0
297.0	10276.0
298.0	10449.0
299.0	9857.0
300.0	10199.0
301.0	10454.0
302.0	10669.0
303.0	10210.0
304.0	10403.0
305.0	10491.0
306.0	10476.0
307.0	10417.0
308.0	10552.0
309.0	10478.0
310.0	10068.0
311.0	10556.0
312.0	10140.0
313.0	10197.0
314.0	10582.0
315.0	10629.0
316.0	10456.0
317.0	10582.0
318.0	10184.0
319.0	10278.0
320.0	10532.0
321.0	10008.0
322.0	10328.0
323.0	10247.0
324.0	10291.0
325.0	10403.0
326.0	10096.0
327.0	10117.0
328.0	10580.0
329.0	10633.0
330.0	10499.0
331.0	10351.0
332.0	10514.0
333.0	10276.0
334.0	10852.0
335.0	10194.0
336.0	10437.0
337.0	9589.0
338.0	10044.0
339.0	10165.0
340.0	10145.0
341.0	10158.0
342.0	9979.0
343.0	9745.0
344.0	10098.0
345.0	10084.0
346.0	10558.0
347.0	10473.0
348.0	9825.0
349.0	10368.0
350.0	10360.0
351.0	10621.0
352.0	10773.0
353.0	10313.0
354.0	10145.0
355.0	10360.0
356.0	9687.0
357.0	10198.0
358.0	10132.0
359.0	10378.0
360.0	10130.0
361.0	10677.0
362.0	10457.0
363.0	10395.0
364.0	10313.0
365.0	10151.0
366.0	10037.0
367.0	10455.0
368.0	10138.0
369.0	10051.0
370.0	9934.0
371.0	10173.0
372.0	10129.0
373.0	10326.0
374.0	10396.0
375.0	10346.0
376.0	10132.0
377.0	10043.0
378.0	10019.0
379.0	10404.0
380.0	10441.0
381.0	9936.0
382.0	9974.0
383.0	10454.0
384.0	9925.0
385.0	10453.0
386.0	9992.0
387.0	10037.0
388.0	10020.0
389.0	9879.0
390.0	9734.0
391.0	9821.0
392.0	9903.0
393.0	9855.0
394.0	10068.0
395.0	9503.0
396.0	10247.0
397.0	10051.0
398.0	10546.0
399.0	10030.0
400.0	10686.0
401.0	10022.0
402.0	10468.0
403.0	9684.0
404.0	10175.0
405.0	10555.0
406.0	9944.0
407.0	9923.0
408.0	10369.0
409.0	10190.0
410.0	10681.0
411.0	10114.0
412.0	9531.0
413.0	9735.0
414.0	9816.0
415.0	10131.0
416.0	10244.0
417.0	10158.0
418.0	9631.0
419.0	10001.0
420.0	10192.0
421.0	10206.0
422.0	10370.0
423.0	10331.0
424.0	10130.0
425.0	9774.0
426.0	9991.0
427.0	10176.0
428.0	10116.0
429.0	10158.0
430.0	9845.0
431.0	10234.0
432.0	10156.0
433.0	10371.0
434.0	10227.0
435.0	10350.0
436.0	10239.0
437.0	10191.0
438.0	10435.0
439.0	10130.0
440.0	9871.0
441.0	10765.0
442.0	10215.0
443.0	10102.0
444.0	10146.0
445.0	9984.0
446.0	10649.0
447.0	10249.0
448.0	10109.0
449.0	10158.0
450.0	10379.0
451.0	10212.0
452.0	9924.0
453.0	10384.0
454.0	9692.0
455.0	10327.0
456.0	10291.0
457.0	10218.0
458.0	10094.0
459.0	9739.0
460.0	9999.0
461.0	10004.0
462.0	9987.0
463.0	9979.0
464.0	10725.0
465.0	10421.0
466.0	10482.0
467.0	10119.0
468.0	10318.0
469.0	10426.0
470.0	10132.0
471.0	10346.0
472.0	10870.0
473.0	10424.0
474.0	10116.0
475.0	10028.0
476.0	10409.0
477.0	10390.0
478.0	10365.0
479.0	10603.0
480.0	10686.0
481.0	10390.0
482.0	10649.0
483.0	10455.0
484.0	11137.0
485.0	11036.0
486.0	10877.0
487.0	10458.0
488.0	10235.0
489.0	10387.0
490.0	10547.0
491.0	11052.0
492.0	10075.0
493.0	10668.0
494.0	10226.0
495.0	10722.0
496.0	10306.0
497.0	10827.0
498.0	10404.0
499.0	10313.0
500.0	10013.0
501.0	10143.0
502.0	10669.0
503.0	10735.0
504.0	10571.0
505.0	10447.0
506.0	10682.0
507.0	10653.0
508.0	10231.0
509.0	9575.0
510.0	10765.0
511.0	10624.0
512.0	10549.0
513.0	11038.0
514.0	10457.0
515.0	10922.0
516.0	10351.0
517.0	10262.0
518.0	11091.0
519.0	10287.0
520.0	10833.0
521.0	10474.0
522.0	10464.0
523.0	10790.0
524.0	10989.0
525.0	10254.0
526.0	10751.0
527.0	10610.0
528.0	10758.0
529.0	10930.0
530.0	10435.0
531.0	10606.0
532.0	10318.0
533.0	10640.0
534.0	10345.0
535.0	10720.0
536.0	10108.0
537.0	10477.0
538.0	10588.0
539.0	11062.0
540.0	10242.0
541.0	10621.0
542.0	10086.0
543.0	10753.0
544.0	10722.0
545.0	10282.0
546.0	10519.0
547.0	10449.0
548.0	10578.0
549.0	10316.0
550.0	10998.0
551.0	10612.0
552.0	10114.0
553.0	10638.0
554.0	10441.0
555.0	10611.0
556.0	10324.0
557.0	10436.0
558.0	10357.0
559.0	10966.0
560.0	10686.0
561.0	10452.0
562.0	10423.0
563.0	10636.0
564.0	9919.0
565.0	10193.0
566.0	10585.0
567.0	10517.0
568.0	10225.0
569.0	10156.0
570.0	11100.0
571.0	10381.0
572.0	10314.0
573.0	9960.0
574.0	9932.0
575.0	10414.0
576.0	10538.0
577.0	10501.0
578.0	10853.0
579.0	10623.0
580.0	10580.0
581.0	11049.0
582.0	10116.0
583.0	9872.0
584.0	10281.0
585.0	10337.0
586.0	10189.0
587.0	10338.0
588.0	10289.0
589.0	10564.0
590.0	10309.0
591.0	10728.0
592.0	10381.0
593.0	10123.0
594.0	10246.0
595.0	10352.0
596.0	10460.0
597.0	9932.0
598.0	10656.0
599.0	10832.0
600.0	10245.0
601.0	10353.0
602.0	10423.0
603.0	10370.0
604.0	10100.0
605.0	10070.0
606.0	10128.0
607.0	10647.0
608.0	10182.0
609.0	10110.0
610.0	10170.0
611.0	10522.0
612.0	10337.0
613.0	10033.0
614.0	10318.0
615.0	10444.0
616.0	10070.0
617.0	10267.0
618.0	10267.0
619.0	10350.0
620.0	10175.0
621.0	9820.0
622.0	10373.0
623.0	10173.0
624.0	10166.0
625.0	10370.0
626.0	10136.0
627.0	10203.0
628.0	10138.0
629.0	10657.0
630.0	10083.0
631.0	9825.0
632.0	10381.0
633.0	9832.0
634.0	10844.0
635.0	9942.0
636.0	9759.0
637.0	10283.0
638.0	10103.0
639.0	10130.0
640.0	10324.0
641.0	10037.0
642.0	10149.0
643.0	10355.0
644.0	9819.0
645.0	10229.0
646.0	10245.0
647.0	9729.0
648.0	10456.0
649.0	9953.0
650.0	10421.0
651.0	10550.0
652.0	9973.0
653.0	10333.0
654.0	10280.0
655.0	10187.0
656.0	10854.0
657.0	10185.0
658.0	10144.0
659.0	9971.0
660.0	9863.0
661.0	10469.0
662.0	10203.0
663.0	10212.0
664.0	10241.0
665.0	10472.0
666.0	9623.0
667.0	10079.0
668.0	9858.0
669.0	10115.0
670.0	10109.0
671.0	10450.0
672.0	10546.0
673.0	10378.0
674.0	10346.0
675.0	9938.0
676.0	10318.0
677.0	10229.0
678.0	10137.0
679.0	10203.0
680.0	10214.0
681.0	10466.0
682.0	10512.0
683.0	10554.0
684.0	9598.0
685.0	10424.0
686.0	10315.0
687.0	10121.0
688.0	10433.0
689.0	10265.0
690.0	10171.0
691.0	10729.0
692.0	10287.0
693.0	9969.0
694.0	9969.0
695.0	9789.0
696.0	10360.0
697.0	10011.0
698.0	9560.0
699.0	9399.0
700.0	9566.0
701.0	10331.0
702.0	10076.0
703.0	10039.0
704.0	9932.0
705.0	9852.0
706.0	10314.0
707.0	9986.0
708.0	10166.0
709.0	9599.0
710.0	9964.0
711.0	10112.0
712.0	10283.0
713.0	9948.0
714.0	10375.0
715.0	10283.0
716.0	9987.0
717.0	10066.0
718.0	9953.0
719.0	10699.0
720.0	9981.0
721.0	10533.0
722.0	10218.0
723.0	10257.0
724.0	10287.0
725.0	9932.0
726.0	9804.0
727.0	9687.0
728.0	10453.0
729.0	10430.0
730.0	10628.0
731.0	10217.0
732.0	10365.0
733.0	10367.0
734.0	10204.0
735.0	9878.0
736.0	10270.0
737.0	10417.0
738.0	10151.0
739.0	10176.0
740.0	10348.0
741.0	10255.0
742.0	10017.0
743.0	10069.0
744.0	10170.0
745.0	9814.0
746.0	10298.0
747.0	10066.0
748.0	10085.0
749.0	10350.0
750.0	10000.0
751.0	10223.0
752.0	10205.0
753.0	9921.0
754.0	10016.0
755.0	9747.0
756.0	10322.0
757.0	10026.0
758.0	10245.0
759.0	9968.0
760.0	10271.0
761.0	10459.0
762.0	9658.0
763.0	10065.0
764.0	9938.0
765.0	10812.0
766.0	9793.0
767.0	9931.0
768.0	9984.0
769.0	9959.0
770.0	9984.0
771.0	10041.0
772.0	10291.0
773.0	10203.0
774.0	10392.0
775.0	10289.0
776.0	10257.0
777.0	10281.0
778.0	10264.0
779.0	9965.0
780.0	9753.0
781.0	10373.0
782.0	10272.0
783.0	10455.0
784.0	10135.0
785.0	10103.0
786.0	10254.0
787.0	9919.0
788.0	10404.0
789.0	10021.0
790.0	10527.0
791.0	10219.0
792.0	10069.0
793.0	10139.0
794.0	10098.0
795.0	10902.0
796.0	9810.0
797.0	10008.0
798.0	10222.0
799.0	10539.0
800.0	9919.0
