$itime = 520
$wv_start = 190.0
$hv = 1000
$grating = 2 1200 g/mm BLZ= 500  nm
$x_amps = 10
$x_volts = 45
$sample = DB2331_012
$date = 2023-06-07
$temp = 29.18
$wv_stop = 800.0
$time = 13:11:13.343000
$wv_step = 1.0
190.0	11115.0
191.0	11025.0
192.0	11010.0
193.0	11027.0
194.0	11203.0
195.0	11061.0
196.0	11312.0
197.0	10883.0
198.0	11182.0
199.0	11259.0
200.0	11214.0
201.0	10957.0
202.0	11077.0
203.0	11274.0
204.0	11604.0
205.0	11097.0
206.0	11420.0
207.0	10667.0
208.0	10976.0
209.0	12050.0
210.0	11004.0
211.0	11081.0
212.0	10907.0
213.0	10775.0
214.0	11504.0
215.0	11195.0
216.0	10935.0
217.0	11003.0
218.0	11855.0
219.0	11476.0
220.0	11307.0
221.0	11010.0
222.0	10989.0
223.0	10917.0
224.0	10861.0
225.0	11089.0
226.0	11414.0
227.0	10936.0
228.0	10894.0
229.0	10947.0
230.0	11289.0
231.0	11342.0
232.0	10961.0
233.0	11418.0
234.0	11135.0
235.0	11013.0
236.0	10893.0
237.0	11458.0
238.0	11373.0
239.0	11030.0
240.0	10898.0
241.0	11503.0
242.0	11519.0
243.0	11197.0
244.0	11046.0
245.0	11046.0
246.0	11548.0
247.0	11347.0
248.0	11181.0
249.0	11411.0
250.0	11523.0
251.0	11187.0
252.0	11256.0
253.0	10704.0
254.0	11043.0
255.0	11499.0
256.0	11244.0
257.0	11383.0
258.0	11942.0
259.0	11395.0
260.0	11293.0
261.0	10927.0
262.0	11389.0
263.0	11277.0
264.0	10788.0
265.0	11020.0
266.0	11251.0
267.0	11192.0
268.0	11482.0
269.0	11627.0
270.0	11702.0
271.0	11399.0
272.0	11381.0
273.0	10839.0
274.0	11054.0
275.0	11244.0
276.0	11485.0
277.0	10940.0
278.0	11013.0
279.0	11712.0
280.0	12003.0
281.0	11157.0
282.0	11419.0
283.0	11327.0
284.0	11018.0
285.0	11222.0
286.0	11089.0
287.0	11201.0
288.0	11735.0
289.0	11408.0
290.0	11360.0
291.0	11118.0
292.0	11086.0
293.0	11453.0
294.0	11388.0
295.0	11444.0
296.0	11135.0
297.0	11667.0
298.0	11561.0
299.0	11203.0
300.0	11378.0
301.0	11693.0
302.0	11228.0
303.0	11454.0
304.0	11483.0
305.0	11639.0
306.0	11297.0
307.0	11289.0
308.0	11274.0
309.0	10562.0
310.0	11295.0
311.0	11745.0
312.0	11446.0
313.0	11689.0
314.0	10977.0
315.0	11445.0
316.0	11527.0
317.0	11564.0
318.0	11501.0
319.0	11729.0
320.0	11890.0
321.0	11374.0
322.0	11222.0
323.0	11839.0
324.0	11711.0
325.0	11457.0
326.0	12003.0
327.0	11395.0
328.0	11472.0
329.0	10964.0
330.0	11708.0
331.0	10809.0
332.0	11613.0
333.0	11367.0
334.0	11549.0
335.0	11630.0
336.0	11137.0
337.0	11604.0
338.0	11388.0
339.0	11376.0
340.0	11408.0
341.0	11575.0
342.0	11403.0
343.0	11481.0
344.0	11074.0
345.0	11944.0
346.0	10893.0
347.0	11118.0
348.0	11450.0
349.0	11241.0
350.0	10937.0
351.0	10889.0
352.0	11275.0
353.0	11366.0
354.0	11264.0
355.0	11327.0
356.0	11245.0
357.0	11481.0
358.0	11487.0
359.0	11330.0
360.0	11425.0
361.0	11236.0
362.0	11149.0
363.0	11452.0
364.0	11255.0
365.0	10990.0
366.0	11368.0
367.0	11399.0
368.0	11457.0
369.0	11418.0
370.0	11274.0
371.0	10927.0
372.0	11069.0
373.0	11244.0
374.0	10972.0
375.0	11404.0
376.0	11592.0
377.0	11428.0
378.0	11000.0
379.0	10929.0
380.0	11395.0
381.0	11116.0
382.0	11108.0
383.0	11633.0
384.0	11127.0
385.0	10943.0
386.0	11109.0
387.0	10900.0
388.0	11467.0
389.0	11295.0
390.0	11360.0
391.0	10933.0
392.0	10990.0
393.0	10885.0
394.0	11023.0
395.0	10901.0
396.0	11410.0
397.0	10858.0
398.0	11072.0
399.0	11430.0
400.0	11527.0
401.0	11109.0
402.0	10786.0
403.0	10931.0
404.0	11298.0
405.0	11386.0
406.0	11260.0
407.0	11237.0
408.0	11165.0
409.0	10994.0
410.0	11033.0
411.0	11089.0
412.0	11430.0
413.0	11258.0
414.0	11362.0
415.0	11189.0
416.0	11449.0
417.0	11821.0
418.0	11220.0
419.0	10851.0
420.0	11496.0
421.0	11264.0
422.0	11792.0
423.0	11326.0
424.0	11423.0
425.0	11472.0
426.0	11062.0
427.0	11143.0
428.0	10877.0
429.0	11545.0
430.0	11642.0
431.0	11431.0
432.0	11257.0
433.0	10952.0
434.0	11295.0
435.0	10707.0
436.0	11331.0
437.0	11140.0
438.0	11327.0
439.0	11637.0
440.0	11431.0
441.0	11731.0
442.0	11212.0
443.0	11307.0
444.0	10866.0
445.0	11230.0
446.0	11385.0
447.0	10894.0
448.0	11575.0
449.0	11137.0
450.0	11690.0
451.0	11543.0
452.0	11423.0
453.0	11348.0
454.0	11404.0
455.0	11030.0
456.0	11934.0
457.0	11634.0
458.0	11089.0
459.0	11718.0
460.0	12096.0
461.0	11366.0
462.0	11691.0
463.0	11676.0
464.0	11207.0
465.0	11418.0
466.0	11815.0
467.0	12035.0
468.0	11857.0
469.0	12629.0
470.0	12891.0
471.0	12450.0
472.0	13095.0
473.0	12074.0
474.0	11997.0
475.0	12552.0
476.0	12762.0
477.0	12111.0
478.0	12479.0
479.0	12795.0
480.0	13189.0
481.0	13476.0
482.0	14036.0
483.0	13970.0
484.0	13711.0
485.0	13308.0
486.0	13239.0
487.0	13488.0
488.0	13011.0
489.0	12533.0
490.0	12553.0
491.0	13089.0
492.0	12779.0
493.0	12794.0
494.0	12796.0
495.0	12702.0
496.0	12509.0
497.0	12830.0
498.0	12517.0
499.0	12385.0
500.0	12315.0
501.0	12888.0
502.0	12722.0
503.0	13216.0
504.0	13285.0
505.0	13459.0
506.0	13848.0
507.0	13363.0
508.0	13191.0
509.0	12964.0
510.0	12523.0
511.0	12959.0
512.0	12976.0
513.0	13055.0
514.0	12889.0
515.0	12571.0
516.0	13199.0
517.0	12736.0
518.0	12639.0
519.0	12730.0
520.0	12285.0
521.0	13089.0
522.0	13052.0
523.0	12882.0
524.0	12475.0
525.0	12112.0
526.0	12163.0
527.0	12449.0
528.0	12444.0
529.0	12077.0
530.0	12445.0
531.0	12693.0
532.0	12305.0
533.0	12181.0
534.0	12277.0
535.0	12289.0
536.0	12501.0
537.0	12563.0
538.0	12131.0
539.0	12481.0
540.0	12682.0
541.0	12371.0
542.0	12411.0
543.0	12146.0
544.0	11963.0
545.0	11997.0
546.0	12100.0
547.0	12824.0
548.0	12090.0
549.0	11812.0
550.0	11904.0
551.0	11970.0
552.0	12390.0
553.0	12081.0
554.0	12188.0
555.0	11853.0
556.0	11874.0
557.0	12254.0
558.0	12028.0
559.0	11757.0
560.0	12212.0
561.0	12114.0
562.0	11712.0
563.0	12284.0
564.0	12170.0
565.0	11883.0
566.0	11797.0
567.0	11479.0
568.0	11302.0
569.0	11721.0
570.0	11669.0
571.0	11481.0
572.0	11977.0
573.0	11870.0
574.0	11839.0
575.0	11861.0
576.0	11540.0
577.0	11548.0
578.0	11467.0
579.0	11434.0
580.0	12003.0
581.0	11630.0
582.0	11423.0
583.0	12107.0
584.0	11548.0
585.0	11595.0
586.0	11430.0
587.0	11597.0
588.0	11475.0
589.0	12124.0
590.0	11557.0
591.0	11689.0
592.0	11782.0
593.0	11407.0
594.0	11731.0
595.0	12235.0
596.0	11379.0
597.0	11640.0
598.0	11327.0
599.0	11680.0
600.0	11934.0
601.0	11366.0
602.0	11395.0
603.0	11683.0
604.0	11160.0
605.0	11916.0
606.0	11453.0
607.0	11115.0
608.0	11201.0
609.0	11721.0
610.0	11198.0
611.0	11448.0
612.0	11648.0
613.0	11259.0
614.0	11770.0
615.0	11190.0
616.0	11762.0
617.0	11037.0
618.0	11292.0
619.0	11575.0
620.0	11244.0
621.0	11590.0
622.0	10906.0
623.0	11692.0
624.0	11485.0
625.0	11639.0
626.0	11809.0
627.0	11212.0
628.0	11177.0
629.0	12049.0
630.0	11410.0
631.0	11253.0
632.0	11456.0
633.0	11888.0
634.0	11253.0
635.0	11232.0
636.0	11504.0
637.0	11199.0
638.0	11331.0
639.0	11436.0
640.0	11757.0
641.0	11390.0
642.0	11570.0
643.0	11655.0
644.0	11371.0
645.0	11584.0
646.0	10905.0
647.0	11422.0
648.0	11849.0
649.0	11635.0
650.0	11195.0
651.0	11542.0
652.0	11605.0
653.0	11159.0
654.0	11738.0
655.0	11703.0
656.0	11110.0
657.0	11522.0
658.0	12088.0
659.0	11650.0
660.0	11054.0
661.0	11134.0
662.0	12126.0
663.0	11947.0
664.0	11050.0
665.0	11422.0
666.0	10957.0
667.0	11375.0
668.0	11460.0
669.0	11089.0
670.0	11492.0
671.0	11244.0
672.0	11198.0
673.0	11594.0
674.0	11335.0
675.0	11028.0
676.0	11402.0
677.0	11232.0
678.0	11110.0
679.0	11480.0
680.0	11073.0
681.0	11605.0
682.0	11637.0
683.0	11881.0
684.0	11275.0
685.0	11294.0
686.0	11072.0
687.0	11232.0
688.0	11578.0
689.0	11397.0
690.0	11554.0
691.0	11156.0
692.0	11302.0
693.0	11549.0
694.0	11127.0
695.0	11176.0
696.0	10803.0
697.0	11236.0
698.0	11265.0
699.0	11107.0
700.0	11244.0
701.0	11148.0
702.0	11156.0
703.0	11551.0
704.0	10786.0
705.0	11542.0
706.0	11620.0
707.0	11617.0
708.0	11260.0
709.0	11090.0
710.0	11468.0
711.0	11408.0
712.0	11441.0
713.0	10919.0
714.0	10886.0
715.0	10728.0
716.0	11312.0
717.0	11485.0
718.0	11338.0
719.0	10877.0
720.0	10978.0
721.0	10935.0
722.0	11693.0
723.0	11087.0
724.0	10991.0
725.0	10902.0
726.0	11241.0
727.0	11560.0
728.0	11317.0
729.0	11605.0
730.0	11240.0
731.0	11386.0
732.0	11493.0
733.0	11557.0
734.0	11534.0
735.0	11046.0
736.0	11446.0
737.0	11069.0
738.0	11509.0
739.0	11013.0
740.0	11285.0
741.0	10977.0
742.0	11955.0
743.0	11791.0
744.0	11245.0
745.0	11070.0
746.0	11087.0
747.0	11458.0
748.0	11314.0
749.0	11523.0
750.0	11319.0
751.0	11613.0
752.0	11220.0
753.0	11289.0
754.0	11257.0
755.0	11530.0
756.0	10386.0
757.0	11220.0
758.0	11565.0
759.0	11273.0
760.0	10967.0
761.0	11708.0
762.0	11127.0
763.0	11327.0
764.0	10460.0
765.0	11013.0
766.0	11212.0
767.0	11107.0
768.0	11611.0
769.0	11738.0
770.0	11033.0
771.0	11530.0
772.0	11613.0
773.0	11311.0
774.0	10572.0
775.0	11302.0
776.0	10773.0
777.0	11236.0
778.0	11434.0
779.0	11336.0
780.0	11380.0
781.0	10867.0
782.0	11342.0
783.0	11278.0
784.0	11372.0
785.0	11127.0
786.0	11040.0
787.0	11638.0
788.0	11229.0
789.0	11156.0
790.0	10845.0
791.0	11374.0
792.0	11055.0
793.0	11432.0
794.0	11554.0
795.0	10899.0
796.0	11532.0
797.0	11217.0
798.0	11090.0
799.0	11867.0
800.0	10927.0
