$itime = 500
$wv_start = 190.0
$hv = 1000
$grating = 2 1200 g/mm BLZ= 500  nm
$x_amps = 10
$x_volts = 45
$sample = DB2331
$date = 2023-06-07
$temp = 102.0
$wv_stop = 800.0
$time = 09:33:34.598000
$wv_step = 1.0
190.0	10432.0
191.0	10295.0
192.0	10144.0
193.0	10461.0
194.0	10390.0
195.0	10019.0
196.0	10136.0
197.0	10444.0
198.0	10582.0
199.0	10979.0
200.0	9931.0
201.0	10145.0
202.0	10270.0
203.0	10731.0
204.0	9761.0
205.0	10243.0
206.0	10557.0
207.0	10363.0
208.0	10190.0
209.0	10212.0
210.0	10151.0
211.0	10253.0
212.0	10298.0
213.0	10581.0
214.0	10508.0
215.0	10048.0
216.0	10394.0
217.0	10374.0
218.0	10365.0
219.0	10195.0
220.0	10498.0
221.0	10090.0
222.0	10112.0
223.0	10173.0
224.0	10553.0
225.0	9965.0
226.0	10389.0
227.0	10637.0
228.0	10088.0
229.0	9801.0
230.0	10403.0
231.0	10007.0
232.0	10434.0
233.0	10630.0
234.0	10136.0
235.0	10266.0
236.0	10345.0
237.0	9974.0
238.0	10549.0
239.0	10383.0
240.0	10363.0
241.0	10257.0
242.0	10075.0
243.0	10101.0
244.0	10332.0
245.0	10371.0
246.0	10086.0
247.0	10916.0
248.0	10050.0
249.0	10449.0
250.0	9971.0
251.0	10389.0
252.0	10491.0
253.0	10452.0
254.0	10374.0
255.0	10031.0
256.0	9854.0
257.0	10527.0
258.0	10401.0
259.0	10227.0
260.0	9991.0
261.0	10345.0
262.0	10271.0
263.0	10507.0
264.0	10806.0
265.0	10354.0
266.0	10266.0
267.0	10900.0
268.0	10287.0
269.0	10475.0
270.0	10414.0
271.0	10820.0
272.0	9987.0
273.0	10612.0
274.0	10361.0
275.0	10883.0
276.0	10228.0
277.0	10680.0
278.0	10637.0
279.0	10231.0
280.0	10460.0
281.0	10369.0
282.0	10456.0
283.0	10580.0
284.0	10006.0
285.0	10616.0
286.0	10380.0
287.0	10560.0
288.0	10901.0
289.0	10383.0
290.0	10321.0
291.0	10218.0
292.0	10351.0
293.0	10403.0
294.0	10302.0
295.0	10933.0
296.0	10257.0
297.0	10652.0
298.0	10091.0
299.0	10441.0
300.0	10842.0
301.0	10905.0
302.0	11192.0
303.0	10655.0
304.0	10365.0
305.0	10454.0
306.0	10906.0
307.0	10371.0
308.0	10287.0
309.0	10646.0
310.0	10291.0
311.0	10371.0
312.0	10426.0
313.0	10843.0
314.0	11027.0
315.0	10599.0
316.0	10550.0
317.0	10414.0
318.0	10979.0
319.0	10103.0
320.0	10611.0
321.0	10350.0
322.0	10310.0
323.0	10558.0
324.0	10326.0
325.0	10696.0
326.0	10831.0
327.0	10139.0
328.0	10346.0
329.0	10428.0
330.0	11259.0
331.0	10758.0
332.0	10533.0
333.0	10276.0
334.0	10432.0
335.0	10523.0
336.0	11044.0
337.0	10564.0
338.0	10713.0
339.0	10624.0
340.0	10158.0
341.0	10255.0
342.0	10701.0
343.0	10457.0
344.0	10621.0
345.0	10231.0
346.0	10184.0
347.0	10254.0
348.0	10446.0
349.0	10600.0
350.0	10403.0
351.0	10491.0
352.0	10742.0
353.0	10225.0
354.0	10381.0
355.0	10495.0
356.0	10692.0
357.0	10151.0
358.0	10684.0
359.0	10953.0
360.0	10459.0
361.0	10218.0
362.0	10605.0
363.0	10146.0
364.0	10261.0
365.0	10499.0
366.0	10417.0
367.0	10170.0
368.0	10520.0
369.0	10242.0
370.0	10455.0
371.0	9969.0
372.0	10162.0
373.0	10101.0
374.0	10526.0
375.0	10459.0
376.0	10323.0
377.0	9986.0
378.0	10135.0
379.0	10103.0
380.0	9938.0
381.0	10560.0
382.0	10404.0
383.0	10345.0
384.0	9938.0
385.0	10452.0
386.0	10042.0
387.0	10261.0
388.0	10667.0
389.0	10644.0
390.0	9933.0
391.0	10139.0
392.0	10119.0
393.0	10587.0
394.0	10322.0
395.0	10909.0
396.0	10309.0
397.0	10379.0
398.0	10742.0
399.0	10455.0
400.0	10371.0
401.0	10483.0
402.0	10509.0
403.0	10363.0
404.0	10345.0
405.0	9953.0
406.0	10164.0
407.0	10289.0
408.0	10479.0
409.0	10167.0
410.0	10452.0
411.0	10032.0
412.0	10334.0
413.0	10269.0
414.0	10075.0
415.0	10047.0
416.0	10482.0
417.0	10484.0
418.0	10549.0
419.0	9872.0
420.0	10379.0
421.0	10346.0
422.0	10799.0
423.0	10012.0
424.0	10374.0
425.0	10351.0
426.0	10423.0
427.0	10436.0
428.0	10188.0
429.0	10616.0
430.0	9962.0
431.0	10351.0
432.0	10726.0
433.0	10411.0
434.0	10396.0
435.0	10310.0
436.0	10235.0
437.0	10414.0
438.0	10430.0
439.0	9874.0
440.0	10289.0
441.0	10532.0
442.0	10353.0
443.0	10385.0
444.0	10612.0
445.0	10117.0
446.0	10301.0
447.0	10714.0
448.0	10287.0
449.0	9850.0
450.0	9753.0
451.0	10393.0
452.0	10347.0
453.0	10402.0
454.0	10305.0
455.0	9816.0
456.0	10371.0
457.0	10125.0
458.0	10381.0
459.0	10166.0
460.0	10535.0
461.0	10863.0
462.0	10575.0
463.0	10368.0
464.0	10318.0
465.0	10427.0
466.0	10380.0
467.0	10724.0
468.0	10583.0
469.0	10859.0
470.0	11050.0
471.0	10595.0
472.0	10898.0
473.0	10536.0
474.0	10980.0
475.0	11500.0
476.0	11096.0
477.0	10967.0
478.0	10933.0
479.0	10936.0
480.0	11096.0
481.0	11819.0
482.0	11361.0
483.0	11298.0
484.0	11066.0
485.0	11378.0
486.0	11426.0
487.0	11328.0
488.0	11104.0
489.0	11088.0
490.0	11395.0
491.0	11301.0
492.0	11068.0
493.0	11124.0
494.0	11049.0
495.0	10907.0
496.0	10783.0
497.0	11300.0
498.0	10906.0
499.0	11213.0
500.0	11259.0
501.0	11186.0
502.0	11097.0
503.0	11322.0
504.0	11259.0
505.0	11979.0
506.0	11684.0
507.0	11516.0
508.0	11368.0
509.0	11244.0
510.0	11364.0
511.0	10926.0
512.0	11413.0
513.0	11383.0
514.0	12049.0
515.0	10937.0
516.0	11493.0
517.0	11126.0
518.0	11337.0
519.0	11444.0
520.0	11378.0
521.0	11402.0
522.0	11349.0
523.0	11342.0
524.0	11475.0
525.0	11212.0
526.0	10612.0
527.0	11266.0
528.0	11546.0
529.0	11033.0
530.0	10781.0
531.0	10943.0
532.0	10684.0
533.0	10907.0
534.0	10978.0
535.0	10684.0
536.0	10976.0
537.0	10801.0
538.0	11533.0
539.0	11124.0
540.0	11387.0
541.0	10947.0
542.0	10653.0
543.0	11156.0
544.0	10843.0
545.0	11301.0
546.0	11170.0
547.0	10919.0
548.0	10901.0
549.0	10986.0
550.0	11170.0
551.0	10815.0
552.0	10780.0
553.0	10763.0
554.0	10982.0
555.0	10706.0
556.0	11180.0
557.0	10937.0
558.0	10696.0
559.0	10139.0
560.0	10563.0
561.0	11243.0
562.0	10834.0
563.0	10872.0
564.0	10545.0
565.0	10801.0
566.0	10691.0
567.0	10632.0
568.0	10410.0
569.0	10497.0
570.0	10533.0
571.0	11020.0
572.0	10691.0
573.0	11110.0
574.0	10632.0
575.0	10704.0
576.0	10565.0
577.0	10125.0
578.0	10618.0
579.0	10523.0
580.0	10509.0
581.0	10232.0
582.0	10409.0
583.0	11003.0
584.0	10455.0
585.0	10714.0
586.0	10628.0
587.0	10403.0
588.0	10700.0
589.0	10822.0
590.0	10409.0
591.0	11027.0
592.0	10883.0
593.0	10672.0
594.0	10688.0
595.0	10192.0
596.0	10531.0
597.0	10897.0
598.0	10351.0
599.0	10334.0
600.0	10208.0
601.0	10266.0
602.0	10551.0
603.0	10460.0
604.0	10519.0
605.0	10862.0
606.0	10612.0
607.0	10337.0
608.0	10726.0
609.0	10687.0
610.0	11075.0
611.0	11060.0
612.0	10528.0
613.0	11131.0
614.0	10542.0
615.0	10542.0
616.0	10444.0
617.0	11016.0
618.0	10272.0
619.0	10382.0
620.0	10306.0
621.0	10227.0
622.0	10120.0
623.0	10451.0
624.0	10657.0
625.0	10707.0
626.0	10778.0
627.0	10583.0
628.0	10229.0
629.0	10896.0
630.0	10358.0
631.0	10241.0
632.0	10431.0
633.0	10508.0
634.0	10329.0
635.0	10371.0
636.0	10842.0
637.0	9969.0
638.0	10467.0
639.0	10621.0
640.0	10362.0
641.0	10883.0
642.0	10285.0
643.0	10322.0
644.0	10736.0
645.0	10326.0
646.0	10523.0
647.0	10615.0
648.0	10681.0
649.0	10150.0
650.0	10512.0
651.0	9898.0
652.0	10609.0
653.0	10849.0
654.0	10958.0
655.0	10405.0
656.0	10346.0
657.0	10388.0
658.0	10022.0
659.0	10226.0
660.0	10412.0
661.0	10072.0
662.0	10606.0
663.0	10570.0
664.0	10166.0
665.0	10140.0
666.0	10612.0
667.0	10427.0
668.0	9991.0
669.0	10923.0
670.0	10422.0
671.0	10028.0
672.0	10158.0
673.0	10450.0
674.0	10076.0
675.0	10594.0
676.0	10454.0
677.0	10722.0
678.0	10310.0
679.0	10355.0
680.0	10348.0
681.0	10514.0
682.0	10689.0
683.0	10785.0
684.0	10421.0
685.0	10735.0
686.0	10649.0
687.0	10632.0
688.0	11124.0
689.0	10187.0
690.0	9993.0
691.0	10681.0
692.0	10490.0
693.0	9547.0
694.0	10731.0
695.0	10522.0
696.0	10655.0
697.0	10346.0
698.0	10445.0
699.0	10663.0
700.0	10444.0
701.0	10512.0
702.0	10448.0
703.0	10766.0
704.0	10291.0
705.0	10572.0
706.0	10372.0
707.0	10563.0
708.0	10611.0
709.0	10533.0
710.0	10338.0
711.0	10568.0
712.0	10532.0
713.0	10558.0
714.0	10201.0
715.0	10845.0
716.0	10448.0
717.0	10410.0
718.0	10222.0
719.0	10396.0
720.0	10424.0
721.0	10772.0
722.0	10067.0
723.0	10231.0
724.0	11052.0
725.0	10256.0
726.0	10567.0
727.0	10378.0
728.0	10547.0
729.0	10319.0
730.0	10259.0
731.0	10644.0
732.0	10574.0
733.0	10253.0
734.0	10359.0
735.0	9722.0
736.0	10290.0
737.0	10280.0
738.0	10818.0
739.0	10565.0
740.0	10684.0
741.0	10446.0
742.0	10634.0
743.0	10128.0
744.0	10032.0
745.0	9847.0
746.0	10563.0
747.0	10499.0
748.0	10311.0
749.0	10458.0
750.0	10450.0
751.0	10607.0
752.0	10173.0
753.0	10340.0
754.0	9634.0
755.0	10801.0
756.0	10617.0
757.0	10179.0
758.0	10628.0
759.0	10245.0
760.0	10562.0
761.0	10468.0
762.0	9898.0
763.0	10572.0
764.0	10203.0
765.0	10225.0
766.0	10292.0
767.0	10550.0
768.0	9941.0
769.0	10177.0
770.0	10386.0
771.0	10363.0
772.0	10481.0
773.0	10153.0
774.0	10857.0
775.0	10685.0
776.0	10432.0
777.0	10170.0
778.0	10410.0
779.0	9967.0
780.0	10873.0
781.0	10222.0
782.0	10066.0
783.0	10363.0
784.0	10647.0
785.0	10132.0
786.0	10578.0
787.0	10441.0
788.0	10228.0
789.0	9919.0
790.0	10421.0
791.0	10283.0
792.0	9933.0
793.0	10982.0
794.0	10341.0
795.0	10612.0
796.0	10296.0
797.0	10613.0
798.0	10137.0
799.0	10624.0
800.0	10618.0
