$itime = 500
$wv_start = 190.0
$hv = 1000
$grating = 2 1200 g/mm BLZ= 500  nm
$x_amps = 10
$x_volts = 45
$sample = DB2331
$date = 2023-06-07
$temp = 202.0
$wv_stop = 800.0
$time = 09:33:34.598000
$wv_step = 1.0
190.0	9560.0
191.0	9631.0
192.0	9635.0
193.0	9532.0
194.0	9739.0
195.0	9712.0
196.0	9903.0
197.0	9320.0
198.0	9470.0
199.0	9264.0
200.0	10019.0
201.0	9790.0
202.0	9533.0
203.0	9844.0
204.0	9936.0
205.0	9808.0
206.0	9740.0
207.0	9192.0
208.0	9789.0
209.0	9861.0
210.0	9853.0
211.0	9617.0
212.0	9580.0
213.0	9247.0
214.0	9995.0
215.0	9582.0
216.0	9916.0
217.0	9720.0
218.0	9688.0
219.0	9466.0
220.0	10042.0
221.0	10029.0
222.0	9866.0
223.0	9653.0
224.0	9386.0
225.0	9743.0
226.0	9637.0
227.0	9764.0
228.0	9430.0
229.0	9593.0
230.0	9326.0
231.0	9618.0
232.0	9991.0
233.0	9259.0
234.0	9752.0
235.0	9809.0
236.0	9750.0
237.0	9874.0
238.0	9537.0
239.0	9669.0
240.0	10109.0
241.0	9543.0
242.0	9713.0
243.0	10378.0
244.0	10144.0
245.0	9244.0
246.0	9617.0
247.0	9997.0
248.0	9891.0
249.0	9577.0
250.0	10072.0
251.0	10183.0
252.0	9929.0
253.0	9759.0
254.0	9704.0
255.0	9798.0
256.0	9713.0
257.0	9485.0
258.0	9802.0
259.0	10160.0
260.0	9973.0
261.0	9433.0
262.0	9779.0
263.0	9575.0
264.0	9967.0
265.0	9551.0
266.0	9971.0
267.0	9640.0
268.0	9860.0
269.0	9923.0
270.0	9609.0
271.0	9852.0
272.0	9991.0
273.0	9968.0
274.0	10130.0
275.0	9742.0
276.0	9981.0
277.0	10315.0
278.0	9664.0
279.0	9436.0
280.0	9803.0
281.0	10077.0
282.0	9823.0
283.0	9598.0
284.0	10197.0
285.0	10302.0
286.0	9958.0
287.0	9622.0
288.0	10512.0
289.0	9795.0
290.0	9736.0
291.0	10084.0
292.0	9634.0
293.0	9688.0
294.0	9933.0
295.0	9725.0
296.0	9804.0
297.0	9486.0
298.0	9986.0
299.0	9821.0
300.0	9951.0
301.0	10156.0
302.0	10124.0
303.0	9842.0
304.0	9806.0
305.0	10035.0
306.0	9955.0
307.0	10243.0
308.0	9691.0
309.0	9745.0
310.0	10314.0
311.0	10066.0
312.0	9836.0
313.0	9732.0
314.0	9686.0
315.0	10324.0
316.0	9986.0
317.0	9927.0
318.0	9840.0
319.0	10176.0
320.0	9869.0
321.0	10006.0
322.0	10365.0
323.0	10025.0
324.0	9590.0
325.0	9687.0
326.0	9483.0
327.0	9991.0
328.0	10212.0
329.0	9933.0
330.0	9570.0
331.0	10262.0
332.0	10136.0
333.0	10034.0
334.0	9955.0
335.0	10116.0
336.0	10073.0
337.0	10105.0
338.0	9955.0
339.0	9798.0
340.0	10080.0
341.0	9633.0
342.0	9815.0
343.0	9824.0
344.0	9940.0
345.0	10172.0
346.0	9624.0
347.0	9871.0
348.0	9724.0
349.0	9878.0
350.0	9789.0
351.0	9643.0
352.0	9810.0
353.0	9844.0
354.0	10137.0
355.0	9374.0
356.0	9604.0
357.0	9389.0
358.0	9470.0
359.0	9410.0
360.0	9955.0
361.0	9675.0
362.0	9397.0
363.0	9981.0
364.0	9799.0
365.0	9823.0
366.0	9560.0
367.0	9929.0
368.0	10006.0
369.0	9348.0
370.0	9596.0
371.0	9852.0
372.0	9497.0
373.0	9949.0
374.0	9248.0
375.0	9884.0
376.0	9771.0
377.0	9365.0
378.0	9797.0
379.0	10069.0
380.0	9836.0
381.0	9632.0
382.0	9897.0
383.0	10397.0
384.0	9834.0
385.0	9662.0
386.0	9650.0
387.0	9739.0
388.0	9823.0
389.0	9818.0
390.0	9466.0
391.0	9589.0
392.0	9951.0
393.0	9638.0
394.0	9948.0
395.0	9806.0
396.0	10190.0
397.0	9617.0
398.0	9533.0
399.0	9583.0
400.0	9725.0
401.0	9566.0
402.0	9914.0
403.0	9914.0
404.0	9479.0
405.0	9542.0
406.0	9599.0
407.0	9599.0
408.0	9389.0
409.0	9832.0
410.0	9879.0
411.0	9747.0
412.0	9091.0
413.0	9657.0
414.0	9787.0
415.0	9469.0
416.0	9799.0
417.0	9176.0
418.0	9803.0
419.0	9682.0
420.0	9509.0
421.0	9640.0
422.0	9427.0
423.0	9944.0
424.0	9808.0
425.0	9464.0
426.0	9735.0
427.0	9340.0
428.0	10103.0
429.0	9728.0
430.0	9639.0
431.0	9703.0
432.0	9698.0
433.0	9599.0
434.0	9651.0
435.0	10310.0
436.0	9588.0
437.0	9810.0
438.0	10068.0
439.0	9561.0
440.0	9387.0
441.0	9955.0
442.0	9644.0
443.0	9693.0
444.0	9544.0
445.0	10121.0
446.0	9680.0
447.0	9815.0
448.0	9976.0
449.0	9690.0
450.0	9785.0
451.0	9773.0
452.0	9803.0
453.0	9972.0
454.0	9760.0
455.0	9948.0
456.0	9803.0
457.0	9965.0
458.0	9381.0
459.0	9711.0
460.0	9599.0
461.0	9651.0
462.0	9803.0
463.0	9950.0
464.0	9955.0
465.0	9364.0
466.0	9495.0
467.0	9495.0
468.0	9862.0
469.0	9408.0
470.0	10334.0
471.0	9373.0
472.0	9410.0
473.0	9616.0
474.0	9606.0
475.0	9637.0
476.0	9577.0
477.0	10319.0
478.0	9830.0
479.0	9951.0
480.0	9442.0
481.0	9781.0
482.0	10081.0
483.0	10051.0
484.0	9667.0
485.0	9227.0
486.0	10103.0
487.0	9750.0
488.0	9983.0
489.0	9909.0
490.0	10487.0
491.0	9578.0
492.0	10150.0
493.0	9972.0
494.0	9926.0
495.0	9910.0
496.0	9413.0
497.0	9681.0
498.0	9964.0
499.0	10121.0
500.0	9803.0
501.0	9666.0
502.0	10019.0
503.0	10093.0
504.0	9791.0
505.0	9982.0
506.0	9815.0
507.0	10172.0
508.0	10223.0
509.0	10223.0
510.0	10843.0
511.0	9629.0
512.0	10236.0
513.0	10393.0
514.0	9971.0
515.0	9969.0
516.0	9980.0
517.0	9971.0
518.0	10128.0
519.0	10126.0
520.0	9874.0
521.0	9750.0
522.0	9769.0
523.0	9740.0
524.0	9616.0
525.0	9890.0
526.0	9646.0
527.0	9649.0
528.0	10241.0
529.0	9662.0
530.0	9935.0
531.0	10025.0
532.0	10640.0
533.0	10481.0
534.0	9688.0
535.0	10130.0
536.0	9316.0
537.0	10188.0
538.0	9993.0
539.0	9878.0
540.0	10204.0
541.0	9624.0
542.0	10033.0
543.0	9821.0
544.0	10179.0
545.0	10110.0
546.0	9898.0
547.0	9813.0
548.0	10212.0
549.0	10129.0
550.0	9932.0
551.0	9933.0
552.0	9715.0
553.0	9968.0
554.0	10320.0
555.0	9815.0
556.0	10715.0
557.0	10071.0
558.0	10031.0
559.0	10136.0
560.0	10329.0
561.0	10115.0
562.0	10341.0
563.0	10010.0
564.0	10028.0
565.0	10016.0
566.0	9521.0
567.0	10098.0
568.0	9943.0
569.0	9877.0
570.0	9815.0
571.0	9862.0
572.0	9548.0
573.0	9960.0
574.0	10182.0
575.0	9722.0
576.0	10051.0
577.0	9838.0
578.0	9810.0
579.0	9577.0
580.0	9625.0
581.0	9877.0
582.0	9485.0
583.0	9669.0
584.0	9810.0
585.0	10079.0
586.0	9943.0
587.0	9943.0
588.0	10156.0
589.0	9255.0
590.0	10146.0
591.0	9940.0
592.0	9827.0
593.0	9774.0
594.0	10174.0
595.0	10006.0
596.0	9756.0
597.0	9856.0
598.0	10124.0
599.0	9691.0
600.0	10143.0
601.0	9810.0
602.0	9971.0
603.0	10183.0
604.0	9650.0
605.0	9389.0
606.0	10369.0
607.0	9446.0
608.0	9418.0
609.0	10264.0
610.0	10142.0
611.0	9708.0
612.0	10297.0
613.0	9774.0
614.0	10167.0
615.0	9766.0
616.0	9871.0
617.0	9955.0
618.0	10134.0
619.0	10017.0
620.0	9815.0
621.0	9967.0
622.0	9415.0
623.0	9800.0
624.0	9736.0
625.0	9579.0
626.0	9784.0
627.0	9787.0
628.0	9764.0
629.0	9855.0
630.0	10218.0
631.0	9639.0
632.0	9955.0
633.0	9919.0
634.0	9988.0
635.0	10066.0
636.0	9835.0
637.0	9835.0
638.0	9757.0
639.0	9941.0
640.0	9537.0
641.0	9730.0
642.0	9986.0
643.0	9712.0
644.0	9631.0
645.0	9429.0
646.0	9259.0
647.0	9714.0
648.0	9741.0
649.0	9732.0
650.0	9613.0
651.0	9815.0
652.0	9741.0
653.0	9800.0
654.0	10564.0
655.0	9992.0
656.0	9617.0
657.0	9763.0
658.0	9511.0
659.0	9744.0
660.0	9833.0
661.0	10094.0
662.0	9599.0
663.0	9744.0
664.0	9745.0
665.0	9734.0
666.0	9986.0
667.0	9567.0
668.0	10019.0
669.0	9541.0
670.0	9748.0
671.0	10077.0
672.0	10152.0
673.0	9527.0
674.0	9678.0
675.0	9708.0
676.0	9849.0
677.0	9944.0
678.0	9587.0
679.0	10068.0
680.0	9389.0
681.0	9844.0
682.0	9599.0
683.0	9885.0
684.0	9938.0
685.0	9971.0
686.0	9598.0
687.0	9885.0
688.0	9719.0
689.0	9641.0
690.0	9814.0
691.0	9993.0
692.0	9580.0
693.0	9588.0
694.0	9601.0
695.0	10257.0
696.0	9593.0
697.0	9597.0
698.0	9326.0
699.0	9600.0
700.0	9447.0
701.0	9885.0
702.0	9678.0
703.0	9850.0
704.0	9682.0
705.0	9886.0
706.0	9591.0
707.0	9468.0
708.0	9980.0
709.0	9716.0
710.0	10125.0
711.0	9666.0
712.0	9545.0
713.0	9814.0
714.0	9678.0
715.0	9966.0
716.0	9822.0
717.0	9535.0
718.0	9903.0
719.0	9931.0
720.0	9806.0
721.0	9733.0
722.0	9657.0
723.0	9659.0
724.0	9546.0
725.0	9429.0
726.0	9684.0
727.0	9788.0
728.0	9815.0
729.0	9915.0
730.0	9535.0
731.0	9948.0
732.0	9838.0
733.0	9960.0
734.0	9284.0
735.0	9948.0
736.0	9838.0
737.0	9832.0
738.0	9840.0
739.0	9709.0
740.0	9992.0
741.0	9940.0
742.0	9571.0
743.0	9570.0
744.0	10536.0
745.0	9669.0
746.0	9915.0
747.0	9622.0
748.0	10295.0
749.0	9855.0
750.0	9857.0
751.0	9563.0
752.0	9918.0
753.0	10083.0
754.0	9709.0
755.0	9529.0
756.0	9512.0
757.0	10024.0
758.0	9722.0
759.0	9884.0
760.0	10214.0
761.0	9522.0
762.0	10071.0
763.0	9814.0
764.0	9462.0
765.0	9834.0
766.0	9944.0
767.0	9508.0
768.0	9640.0
769.0	9873.0
770.0	9860.0
771.0	9731.0
772.0	9578.0
773.0	10092.0
774.0	9521.0
775.0	9547.0
776.0	9844.0
777.0	9938.0
778.0	9664.0
779.0	9757.0
780.0	9781.0
781.0	9950.0
782.0	10121.0
783.0	9733.0
784.0	9987.0
785.0	9783.0
786.0	9720.0
787.0	9982.0
788.0	9640.0
789.0	9608.0
790.0	9877.0
791.0	9948.0
792.0	9485.0
793.0	9971.0
794.0	9574.0
795.0	9587.0
796.0	9909.0
797.0	9966.0
798.0	9511.0
799.0	9416.0
800.0	10246.0
