$itime = 500
$wv_start = 190.0
$hv = 1000
$grating = 2 1200 g/mm BLZ= 500  nm
$x_amps = 10
$x_volts = 45
$sample = DB2331
$date = 2023-06-07
$temp = 62.01
$wv_stop = 800.0
$time = 09:33:34.598000
$wv_step = 1.0
190.0	10666.0
191.0	10954.0
192.0	10555.0
193.0	10612.0
194.0	10665.0
195.0	10676.0
196.0	10322.0
197.0	10623.0
198.0	10851.0
199.0	9874.0
200.0	10460.0
201.0	10136.0
202.0	11040.0
203.0	10373.0
204.0	10220.0
205.0	10250.0
206.0	10454.0
207.0	10632.0
208.0	10558.0
209.0	10576.0
210.0	10432.0
211.0	10415.0
212.0	10521.0
213.0	10346.0
214.0	10654.0
215.0	10520.0
216.0	10147.0
217.0	10234.0
218.0	10525.0
219.0	10627.0
220.0	10346.0
221.0	10185.0
222.0	10064.0
223.0	10605.0
224.0	10853.0
225.0	10334.0
226.0	10636.0
227.0	10217.0
228.0	10123.0
229.0	10457.0
230.0	10725.0
231.0	10384.0
232.0	10821.0
233.0	10734.0
234.0	10713.0
235.0	10187.0
236.0	10461.0
237.0	10231.0
238.0	10835.0
239.0	11005.0
240.0	10864.0
241.0	10311.0
242.0	10581.0
243.0	10637.0
244.0	10797.0
245.0	10470.0
246.0	10621.0
247.0	10647.0
248.0	10553.0
249.0	10647.0
250.0	10676.0
251.0	10578.0
252.0	10234.0
253.0	10536.0
254.0	10442.0
255.0	10869.0
256.0	10244.0
257.0	11001.0
258.0	10074.0
259.0	10379.0
260.0	10133.0
261.0	10750.0
262.0	10797.0
263.0	10978.0
264.0	10552.0
265.0	11159.0
266.0	10606.0
267.0	10945.0
268.0	10761.0
269.0	10383.0
270.0	10524.0
271.0	10310.0
272.0	10285.0
273.0	10883.0
274.0	10987.0
275.0	10826.0
276.0	10837.0
277.0	10677.0
278.0	10761.0
279.0	10828.0
280.0	10454.0
281.0	10606.0
282.0	10657.0
283.0	10684.0
284.0	10212.0
285.0	11008.0
286.0	10725.0
287.0	10854.0
288.0	10553.0
289.0	10987.0
290.0	10927.0
291.0	10678.0
292.0	11118.0
293.0	11244.0
294.0	10469.0
295.0	10737.0
296.0	10243.0
297.0	11291.0
298.0	10550.0
299.0	10906.0
300.0	10688.0
301.0	10806.0
302.0	10881.0
303.0	10290.0
304.0	11009.0
305.0	10664.0
306.0	11492.0
307.0	10575.0
308.0	11097.0
309.0	10363.0
310.0	10843.0
311.0	10851.0
312.0	10691.0
313.0	10687.0
314.0	10867.0
315.0	11468.0
316.0	10692.0
317.0	11084.0
318.0	10618.0
319.0	10573.0
320.0	10548.0
321.0	10937.0
322.0	11289.0
323.0	11016.0
324.0	10402.0
325.0	10726.0
326.0	10633.0
327.0	10605.0
328.0	10388.0
329.0	10714.0
330.0	10504.0
331.0	10755.0
332.0	10898.0
333.0	10711.0
334.0	11144.0
335.0	10664.0
336.0	10727.0
337.0	11017.0
338.0	10475.0
339.0	10815.0
340.0	10623.0
341.0	10820.0
342.0	10773.0
343.0	10688.0
344.0	10856.0
345.0	10947.0
346.0	10722.0
347.0	10562.0
348.0	10527.0
349.0	10585.0
350.0	10821.0
351.0	10574.0
352.0	10609.0
353.0	10280.0
354.0	10226.0
355.0	10635.0
356.0	10669.0
357.0	10835.0
358.0	10512.0
359.0	10536.0
360.0	10704.0
361.0	10557.0
362.0	10496.0
363.0	10704.0
364.0	10469.0
365.0	10881.0
366.0	10342.0
367.0	10691.0
368.0	10964.0
369.0	10189.0
370.0	10994.0
371.0	10750.0
372.0	10509.0
373.0	10389.0
374.0	10556.0
375.0	10453.0
376.0	10708.0
377.0	10284.0
378.0	10725.0
379.0	10615.0
380.0	10714.0
381.0	10836.0
382.0	11105.0
383.0	10608.0
384.0	10617.0
385.0	10964.0
386.0	10452.0
387.0	10668.0
388.0	10679.0
389.0	10692.0
390.0	10555.0
391.0	10602.0
392.0	10619.0
393.0	10359.0
394.0	10880.0
395.0	10997.0
396.0	11331.0
397.0	10677.0
398.0	10995.0
399.0	10427.0
400.0	10622.0
401.0	10546.0
402.0	10518.0
403.0	10455.0
404.0	10564.0
405.0	10604.0
406.0	10230.0
407.0	10834.0
408.0	10108.0
409.0	10565.0
410.0	10683.0
411.0	10552.0
412.0	10579.0
413.0	10418.0
414.0	10376.0
415.0	10416.0
416.0	10656.0
417.0	10636.0
418.0	10325.0
419.0	10825.0
420.0	10821.0
421.0	10272.0
422.0	10276.0
423.0	10316.0
424.0	11032.0
425.0	10513.0
426.0	10557.0
427.0	10347.0
428.0	11092.0
429.0	9694.0
430.0	10677.0
431.0	10305.0
432.0	10391.0
433.0	10612.0
434.0	10787.0
435.0	10325.0
436.0	10364.0
437.0	10332.0
438.0	10926.0
439.0	10569.0
440.0	10797.0
441.0	10552.0
442.0	10357.0
443.0	10689.0
444.0	10854.0
445.0	10514.0
446.0	10982.0
447.0	10626.0
448.0	10558.0
449.0	10236.0
450.0	10448.0
451.0	11142.0
452.0	10524.0
453.0	10612.0
454.0	10496.0
455.0	10371.0
456.0	10123.0
457.0	10627.0
458.0	10977.0
459.0	10630.0
460.0	10509.0
461.0	10878.0
462.0	10783.0
463.0	10581.0
464.0	10836.0
465.0	10715.0
466.0	10383.0
467.0	10839.0
468.0	11186.0
469.0	11389.0
470.0	11372.0
471.0	11311.0
472.0	11694.0
473.0	11729.0
474.0	11301.0
475.0	11350.0
476.0	11217.0
477.0	11094.0
478.0	11535.0
479.0	11680.0
480.0	11799.0
481.0	12356.0
482.0	13081.0
483.0	12023.0
484.0	12440.0
485.0	12183.0
486.0	11803.0
487.0	11489.0
488.0	11636.0
489.0	11341.0
490.0	11134.0
491.0	12030.0
492.0	11444.0
493.0	11663.0
494.0	11516.0
495.0	11565.0
496.0	11508.0
497.0	11901.0
498.0	11393.0
499.0	11634.0
500.0	11453.0
501.0	11963.0
502.0	12003.0
503.0	12049.0
504.0	12150.0
505.0	12299.0
506.0	12243.0
507.0	12392.0
508.0	12652.0
509.0	12004.0
510.0	12182.0
511.0	11824.0
512.0	11497.0
513.0	11674.0
514.0	12182.0
515.0	12127.0
516.0	11685.0
517.0	12111.0
518.0	11672.0
519.0	11837.0
520.0	11335.0
521.0	11078.0
522.0	11725.0
523.0	11752.0
524.0	11802.0
525.0	11515.0
526.0	11240.0
527.0	11279.0
528.0	11714.0
529.0	11371.0
530.0	11538.0
531.0	10759.0
532.0	11331.0
533.0	11818.0
534.0	11581.0
535.0	11017.0
536.0	11121.0
537.0	11119.0
538.0	11599.0
539.0	11758.0
540.0	11440.0
541.0	11031.0
542.0	11525.0
543.0	11762.0
544.0	10959.0
545.0	11193.0
546.0	11416.0
547.0	11120.0
548.0	11933.0
549.0	11667.0
550.0	11351.0
551.0	10660.0
552.0	11077.0
553.0	10714.0
554.0	11610.0
555.0	11284.0
556.0	10942.0
557.0	11120.0
558.0	11351.0
559.0	11133.0
560.0	11076.0
561.0	11396.0
562.0	11389.0
563.0	11198.0
564.0	11077.0
565.0	10968.0
566.0	11526.0
567.0	11093.0
568.0	10907.0
569.0	11112.0
570.0	11097.0
571.0	10731.0
572.0	11003.0
573.0	11297.0
574.0	11317.0
575.0	11345.0
576.0	10965.0
577.0	10877.0
578.0	11281.0
579.0	10719.0
580.0	10982.0
581.0	11025.0
582.0	10969.0
583.0	11397.0
584.0	10865.0
585.0	10743.0
586.0	10450.0
587.0	10854.0
588.0	10821.0
589.0	10626.0
590.0	10925.0
591.0	11120.0
592.0	10473.0
593.0	10768.0
594.0	10939.0
595.0	10708.0
596.0	10612.0
597.0	11134.0
598.0	10224.0
599.0	10338.0
600.0	11024.0
601.0	11137.0
602.0	10859.0
603.0	10352.0
604.0	10916.0
605.0	10602.0
606.0	11036.0
607.0	10822.0
608.0	11206.0
609.0	10478.0
610.0	10689.0
611.0	10497.0
612.0	10636.0
613.0	11057.0
614.0	10881.0
615.0	10835.0
616.0	10684.0
617.0	10446.0
618.0	10828.0
619.0	10525.0
620.0	11029.0
621.0	10834.0
622.0	10547.0
623.0	10758.0
624.0	10840.0
625.0	10711.0
626.0	11444.0
627.0	10849.0
628.0	10403.0
629.0	10621.0
630.0	10407.0
631.0	11272.0
632.0	11149.0
633.0	10588.0
634.0	10903.0
635.0	10522.0
636.0	11030.0
637.0	10870.0
638.0	10904.0
639.0	10333.0
640.0	10922.0
641.0	10307.0
642.0	10726.0
643.0	10833.0
644.0	10840.0
645.0	10417.0
646.0	10668.0
647.0	10574.0
648.0	10942.0
649.0	11084.0
650.0	10829.0
651.0	10756.0
652.0	10699.0
653.0	10642.0
654.0	10838.0
655.0	10677.0
656.0	10535.0
657.0	10516.0
658.0	10686.0
659.0	10586.0
660.0	10635.0
661.0	10559.0
662.0	10822.0
663.0	10738.0
664.0	10466.0
665.0	10590.0
666.0	10407.0
667.0	10907.0
668.0	10324.0
669.0	10653.0
670.0	10559.0
671.0	10831.0
672.0	10590.0
673.0	10658.0
674.0	11108.0
675.0	10503.0
676.0	10414.0
677.0	11182.0
678.0	11457.0
679.0	10597.0
680.0	10580.0
681.0	10674.0
682.0	10558.0
683.0	10683.0
684.0	10585.0
685.0	10704.0
686.0	11028.0
687.0	10990.0
688.0	10553.0
689.0	10324.0
690.0	10629.0
691.0	10230.0
692.0	10523.0
693.0	10346.0
694.0	10841.0
695.0	10797.0
696.0	10260.0
697.0	10715.0
698.0	10600.0
699.0	10575.0
700.0	10767.0
701.0	10390.0
702.0	10788.0
703.0	10455.0
704.0	10768.0
705.0	11102.0
706.0	10946.0
707.0	10205.0
708.0	10623.0
709.0	10532.0
710.0	10770.0
711.0	10728.0
712.0	10566.0
713.0	10864.0
714.0	10352.0
715.0	10512.0
716.0	10536.0
717.0	10569.0
718.0	10361.0
719.0	10586.0
720.0	10378.0
721.0	10467.0
722.0	10546.0
723.0	10610.0
724.0	11142.0
725.0	10898.0
726.0	10560.0
727.0	10829.0
728.0	11268.0
729.0	10468.0
730.0	10599.0
731.0	10307.0
732.0	10028.0
733.0	10632.0
734.0	10877.0
735.0	10785.0
736.0	10523.0
737.0	10586.0
738.0	10718.0
739.0	10567.0
740.0	10624.0
741.0	10331.0
742.0	10449.0
743.0	10615.0
744.0	10311.0
745.0	10927.0
746.0	10453.0
747.0	10960.0
748.0	10432.0
749.0	10643.0
750.0	10308.0
751.0	10796.0
752.0	10814.0
753.0	11126.0
754.0	10435.0
755.0	10864.0
756.0	11079.0
757.0	10403.0
758.0	10686.0
759.0	10451.0
760.0	10897.0
761.0	10561.0
762.0	10526.0
763.0	10392.0
764.0	10423.0
765.0	10854.0
766.0	10753.0
767.0	10839.0
768.0	10390.0
769.0	10927.0
770.0	10556.0
771.0	10226.0
772.0	10483.0
773.0	10133.0
774.0	10569.0
775.0	10125.0
776.0	10607.0
777.0	10611.0
778.0	10399.0
779.0	10655.0
780.0	9948.0
781.0	10569.0
782.0	10734.0
783.0	10685.0
784.0	10386.0
785.0	10324.0
786.0	10602.0
787.0	10570.0
788.0	10947.0
789.0	10400.0
790.0	10490.0
791.0	10866.0
792.0	10474.0
793.0	10718.0
794.0	10611.0
795.0	10668.0
796.0	11124.0
797.0	10856.0
798.0	10989.0
799.0	10612.0
800.0	10333.0
