$itime = 500
$wv_start = 190.0
$hv = 1000
$grating = 2 1200 g/mm BLZ= 500  nm
$x_amps = 10
$x_volts = 45
$sample = DB2331
$date = 2023-06-07
$temp = 32.0
$wv_stop = 800.0
$time = 09:33:34.598000
$wv_step = 1.0
190.0	10854.0
191.0	10436.0
192.0	10330.0
193.0	10319.0
194.0	10969.0
195.0	10584.0
196.0	10782.0
197.0	11292.0
198.0	10519.0
199.0	10211.0
200.0	10639.0
201.0	11051.0
202.0	10713.0
203.0	10578.0
204.0	10396.0
205.0	11078.0
206.0	10865.0
207.0	10805.0
208.0	10949.0
209.0	10969.0
210.0	10373.0
211.0	10464.0
212.0	10944.0
213.0	10333.0
214.0	10487.0
215.0	10587.0
216.0	10464.0
217.0	10903.0
218.0	10457.0
219.0	10569.0
220.0	10435.0
221.0	10381.0
222.0	10753.0
223.0	10448.0
224.0	10513.0
225.0	10302.0
226.0	10761.0
227.0	10750.0
228.0	10795.0
229.0	10822.0
230.0	10760.0
231.0	10464.0
232.0	10227.0
233.0	10191.0
234.0	10730.0
235.0	10647.0
236.0	10691.0
237.0	11167.0
238.0	10644.0
239.0	10315.0
240.0	10819.0
241.0	10980.0
242.0	10634.0
243.0	10651.0
244.0	10775.0
245.0	10598.0
246.0	10702.0
247.0	10667.0
248.0	10753.0
249.0	10609.0
250.0	10408.0
251.0	11075.0
252.0	10864.0
253.0	10715.0
254.0	10553.0
255.0	10865.0
256.0	11183.0
257.0	10716.0
258.0	11232.0
259.0	10365.0
260.0	11311.0
261.0	10613.0
262.0	10204.0
263.0	10855.0
264.0	10679.0
265.0	10697.0
266.0	10804.0
267.0	11059.0
268.0	10408.0
269.0	10845.0
270.0	10699.0
271.0	11087.0
272.0	10918.0
273.0	10979.0
274.0	10901.0
275.0	10706.0
276.0	11048.0
277.0	10575.0
278.0	10641.0
279.0	10723.0
280.0	11026.0
281.0	11384.0
282.0	10837.0
283.0	11118.0
284.0	10813.0
285.0	10696.0
286.0	11212.0
287.0	10889.0
288.0	10788.0
289.0	11143.0
290.0	10829.0
291.0	11305.0
292.0	10995.0
293.0	10887.0
294.0	10753.0
295.0	10983.0
296.0	10459.0
297.0	11231.0
298.0	11010.0
299.0	10860.0
300.0	10544.0
301.0	11115.0
302.0	10873.0
303.0	11035.0
304.0	11257.0
305.0	10541.0
306.0	10715.0
307.0	10797.0
308.0	10660.0
309.0	11409.0
310.0	11172.0
311.0	10686.0
312.0	10913.0
313.0	11251.0
314.0	10989.0
315.0	11212.0
316.0	11120.0
317.0	10778.0
318.0	11076.0
319.0	10903.0
320.0	10620.0
321.0	11297.0
322.0	10606.0
323.0	10728.0
324.0	10986.0
325.0	11060.0
326.0	11230.0
327.0	10117.0
328.0	11345.0
329.0	11119.0
330.0	10788.0
331.0	11205.0
332.0	10651.0
333.0	10864.0
334.0	10962.0
335.0	10718.0
336.0	10859.0
337.0	11053.0
338.0	10881.0
339.0	10602.0
340.0	10594.0
341.0	10978.0
342.0	10987.0
343.0	10976.0
344.0	11048.0
345.0	10438.0
346.0	10927.0
347.0	10951.0
348.0	10970.0
349.0	10722.0
350.0	10897.0
351.0	10906.0
352.0	10678.0
353.0	10289.0
354.0	11149.0
355.0	10617.0
356.0	10815.0
357.0	10829.0
358.0	10658.0
359.0	10499.0
360.0	11205.0
361.0	10834.0
362.0	10439.0
363.0	10509.0
364.0	10852.0
365.0	10647.0
366.0	10802.0
367.0	10801.0
368.0	10816.0
369.0	10776.0
370.0	10461.0
371.0	10907.0
372.0	10459.0
373.0	10461.0
374.0	10722.0
375.0	10909.0
376.0	11132.0
377.0	11002.0
378.0	10907.0
379.0	10998.0
380.0	10730.0
381.0	10600.0
382.0	10831.0
383.0	10899.0
384.0	10903.0
385.0	10394.0
386.0	10429.0
387.0	10363.0
388.0	11098.0
389.0	10538.0
390.0	10712.0
391.0	10698.0
392.0	10605.0
393.0	10967.0
394.0	10483.0
395.0	10823.0
396.0	10437.0
397.0	11087.0
398.0	10848.0
399.0	10598.0
400.0	10687.0
401.0	10543.0
402.0	10877.0
403.0	11026.0
404.0	10612.0
405.0	10496.0
406.0	9994.0
407.0	10506.0
408.0	10877.0
409.0	10490.0
410.0	10266.0
411.0	10412.0
412.0	10558.0
413.0	10843.0
414.0	10711.0
415.0	10566.0
416.0	10424.0
417.0	10456.0
418.0	10690.0
419.0	10915.0
420.0	11112.0
421.0	11124.0
422.0	10947.0
423.0	11097.0
424.0	11151.0
425.0	10465.0
426.0	10361.0
427.0	10992.0
428.0	11227.0
429.0	10532.0
430.0	10797.0
431.0	10979.0
432.0	10674.0
433.0	10767.0
434.0	10606.0
435.0	10789.0
436.0	10647.0
437.0	11377.0
438.0	11497.0
439.0	10631.0
440.0	10296.0
441.0	10434.0
442.0	10564.0
443.0	10538.0
444.0	10898.0
445.0	11006.0
446.0	10927.0
447.0	10867.0
448.0	11076.0
449.0	10746.0
450.0	10992.0
451.0	10862.0
452.0	11239.0
453.0	10555.0
454.0	10984.0
455.0	10536.0
456.0	11211.0
457.0	10729.0
458.0	10476.0
459.0	11605.0
460.0	10966.0
461.0	10254.0
462.0	10960.0
463.0	10622.0
464.0	11042.0
465.0	10865.0
466.0	11360.0
467.0	11705.0
468.0	11727.0
469.0	12008.0
470.0	12610.0
471.0	12027.0
472.0	11437.0
473.0	11783.0
474.0	11787.0
475.0	11525.0
476.0	12261.0
477.0	11630.0
478.0	11910.0
479.0	12556.0
480.0	13153.0
481.0	13032.0
482.0	13693.0
483.0	13310.0
484.0	13579.0
485.0	12720.0
486.0	12824.0
487.0	12446.0
488.0	12563.0
489.0	12173.0
490.0	12607.0
491.0	12280.0
492.0	12349.0
493.0	12140.0
494.0	11358.0
495.0	11784.0
496.0	11993.0
497.0	12191.0
498.0	11873.0
499.0	12280.0
500.0	12292.0
501.0	12374.0
502.0	12756.0
503.0	12427.0
504.0	12998.0
505.0	13244.0
506.0	12756.0
507.0	13041.0
508.0	12412.0
509.0	12307.0
510.0	12823.0
511.0	12752.0
512.0	12236.0
513.0	12945.0
514.0	12249.0
515.0	12297.0
516.0	12412.0
517.0	12250.0
518.0	12415.0
519.0	12325.0
520.0	12154.0
521.0	12085.0
522.0	12305.0
523.0	11782.0
524.0	12061.0
525.0	11812.0
526.0	11817.0
527.0	11918.0
528.0	11679.0
529.0	11838.0
530.0	11949.0
531.0	11659.0
532.0	11776.0
533.0	11902.0
534.0	11583.0
535.0	11479.0
536.0	11609.0
537.0	12075.0
538.0	11992.0
539.0	12432.0
540.0	11681.0
541.0	11904.0
542.0	12127.0
543.0	12153.0
544.0	11608.0
545.0	11084.0
546.0	12069.0
547.0	11628.0
548.0	11831.0
549.0	11608.0
550.0	11599.0
551.0	11211.0
552.0	11671.0
553.0	11331.0
554.0	11553.0
555.0	11109.0
556.0	11603.0
557.0	11324.0
558.0	11198.0
559.0	11475.0
560.0	11731.0
561.0	11590.0
562.0	11176.0
563.0	11168.0
564.0	11432.0
565.0	11195.0
566.0	11387.0
567.0	11378.0
568.0	11335.0
569.0	11271.0
570.0	11438.0
571.0	11234.0
572.0	11161.0
573.0	11615.0
574.0	10875.0
575.0	11157.0
576.0	11335.0
577.0	10960.0
578.0	11374.0
579.0	10887.0
580.0	11348.0
581.0	11059.0
582.0	11271.0
583.0	11456.0
584.0	11234.0
585.0	10990.0
586.0	10903.0
587.0	11035.0
588.0	11173.0
589.0	10990.0
590.0	10806.0
591.0	11603.0
592.0	11190.0
593.0	11062.0
594.0	10758.0
595.0	10936.0
596.0	11395.0
597.0	11244.0
598.0	11097.0
599.0	11347.0
600.0	10907.0
601.0	11083.0
602.0	10975.0
603.0	10572.0
604.0	11016.0
605.0	10992.0
606.0	11094.0
607.0	11193.0
608.0	11136.0
609.0	10723.0
610.0	11246.0
611.0	11478.0
612.0	10578.0
613.0	11475.0
614.0	10926.0
615.0	10893.0
616.0	10930.0
617.0	11016.0
618.0	10898.0
619.0	11205.0
620.0	11263.0
621.0	11632.0
622.0	11180.0
623.0	10857.0
624.0	10861.0
625.0	10968.0
626.0	11183.0
627.0	10430.0
628.0	10782.0
629.0	10740.0
630.0	10976.0
631.0	10906.0
632.0	10803.0
633.0	10183.0
634.0	11345.0
635.0	11006.0
636.0	11115.0
637.0	10611.0
638.0	10710.0
639.0	10757.0
640.0	10721.0
641.0	10570.0
642.0	10687.0
643.0	10839.0
644.0	10830.0
645.0	11297.0
646.0	10882.0
647.0	10032.0
648.0	10829.0
649.0	10747.0
650.0	11190.0
651.0	10654.0
652.0	10983.0
653.0	10811.0
654.0	10647.0
655.0	10905.0
656.0	10972.0
657.0	10980.0
658.0	10487.0
659.0	10941.0
660.0	10839.0
661.0	10750.0
662.0	10826.0
663.0	10788.0
664.0	11039.0
665.0	10757.0
666.0	10632.0
667.0	10677.0
668.0	10958.0
669.0	10621.0
670.0	10361.0
671.0	10374.0
672.0	10620.0
673.0	10485.0
674.0	10565.0
675.0	11282.0
676.0	10770.0
677.0	10711.0
678.0	11155.0
679.0	10855.0
680.0	10953.0
681.0	11074.0
682.0	10911.0
683.0	11029.0
684.0	10408.0
685.0	10720.0
686.0	10895.0
687.0	10940.0
688.0	10911.0
689.0	10788.0
690.0	10697.0
691.0	10326.0
692.0	10828.0
693.0	10779.0
694.0	11028.0
695.0	10916.0
696.0	10757.0
697.0	10959.0
698.0	10877.0
699.0	10757.0
700.0	10677.0
701.0	10887.0
702.0	10885.0
703.0	11045.0
704.0	10478.0
705.0	10441.0
706.0	11142.0
707.0	11131.0
708.0	10925.0
709.0	11125.0
710.0	10728.0
711.0	10728.0
712.0	10594.0
713.0	10439.0
714.0	10326.0
715.0	10478.0
716.0	10636.0
717.0	10505.0
718.0	10867.0
719.0	10562.0
720.0	10587.0
721.0	10871.0
722.0	10941.0
723.0	10273.0
724.0	10838.0
725.0	10843.0
726.0	10849.0
727.0	11192.0
728.0	10653.0
729.0	10907.0
730.0	10381.0
731.0	10826.0
732.0	10941.0
733.0	10181.0
734.0	11129.0
735.0	10839.0
736.0	10464.0
737.0	10653.0
738.0	10632.0
739.0	10316.0
740.0	10910.0
741.0	10807.0
742.0	10771.0
743.0	11277.0
744.0	11110.0
745.0	10806.0
746.0	10228.0
747.0	10450.0
748.0	11093.0
749.0	11136.0
750.0	10744.0
751.0	10583.0
752.0	10636.0
753.0	11304.0
754.0	10421.0
755.0	10766.0
756.0	10855.0
757.0	10863.0
758.0	10733.0
759.0	10824.0
760.0	10657.0
761.0	10549.0
762.0	10513.0
763.0	11162.0
764.0	10966.0
765.0	11062.0
766.0	11054.0
767.0	10834.0
768.0	11404.0
769.0	10728.0
770.0	10730.0
771.0	10835.0
772.0	10553.0
773.0	10679.0
774.0	10630.0
775.0	10677.0
776.0	10274.0
777.0	10667.0
778.0	10947.0
779.0	11277.0
780.0	10476.0
781.0	10431.0
782.0	10538.0
783.0	10693.0
784.0	11206.0
785.0	10643.0
786.0	10422.0
787.0	10618.0
788.0	10563.0
789.0	10598.0
790.0	10614.0
791.0	10622.0
792.0	10607.0
793.0	10855.0
794.0	11151.0
795.0	10974.0
796.0	10228.0
797.0	10836.0
798.0	10239.0
799.0	10460.0
800.0	10562.0
