$itime = 500
$wv_start = 190.0
$hv = 1000
$grating = 2 1200 g/mm BLZ= 500  nm
$x_amps = 10
$x_volts = 45
$sample = DB2331
$date = 2023-06-07
$temp = 312.0
$wv_stop = 800.0
$time = 07:43:19.820000
$wv_step = 1.0
190.0	9063.0
191.0	9087.0
192.0	8937.0
193.0	8974.0
194.0	9140.0
195.0	9100.0
196.0	8768.0
197.0	8801.0
198.0	8354.0
199.0	8696.0
200.0	9436.0
201.0	8670.0
202.0	9589.0
203.0	9294.0
204.0	8793.0
205.0	9424.0
206.0	9171.0
207.0	9466.0
208.0	9040.0
209.0	9356.0
210.0	8866.0
211.0	9206.0
212.0	9114.0
213.0	9214.0
214.0	8426.0
215.0	8484.0
216.0	8795.0
217.0	9016.0
218.0	8870.0
219.0	9163.0
220.0	9380.0
221.0	9158.0
222.0	9204.0
223.0	9164.0
224.0	8875.0
225.0	9122.0
226.0	8814.0
227.0	9217.0
228.0	8738.0
229.0	9063.0
230.0	8735.0
231.0	8788.0
232.0	8883.0
233.0	8962.0
234.0	8980.0
235.0	9165.0
236.0	8657.0
237.0	9163.0
238.0	8896.0
239.0	9169.0
240.0	8946.0
241.0	9075.0
242.0	8642.0
243.0	8821.0
244.0	8623.0
245.0	8747.0
246.0	9435.0
247.0	9193.0
248.0	8732.0
249.0	8904.0
250.0	9030.0
251.0	9092.0
252.0	9340.0
253.0	8883.0
254.0	9000.0
255.0	8918.0
256.0	9433.0
257.0	9050.0
258.0	9303.0
259.0	9301.0
260.0	8683.0
261.0	9321.0
262.0	9163.0
263.0	9412.0
264.0	9435.0
265.0	9118.0
266.0	9183.0
267.0	9113.0
268.0	9134.0
269.0	9193.0
270.0	9220.0
271.0	9336.0
272.0	9410.0
273.0	8900.0
274.0	8858.0
275.0	8832.0
276.0	9829.0
277.0	9203.0
278.0	9004.0
279.0	8980.0
280.0	9254.0
281.0	9689.0
282.0	9148.0
283.0	9137.0
284.0	9528.0
285.0	9212.0
286.0	9355.0
287.0	8676.0
288.0	9230.0
289.0	9205.0
290.0	8931.0
291.0	8548.0
292.0	9088.0
293.0	9166.0
294.0	8745.0
295.0	8963.0
296.0	9017.0
297.0	9112.0
298.0	9268.0
299.0	8927.0
300.0	9325.0
301.0	9423.0
302.0	9006.0
303.0	9435.0
304.0	9000.0
305.0	8706.0
306.0	9709.0
307.0	9562.0
308.0	9122.0
309.0	9216.0
310.0	9254.0
311.0	9060.0
312.0	9456.0
313.0	9074.0
314.0	9473.0
315.0	9410.0
316.0	9153.0
317.0	9042.0
318.0	9263.0
319.0	9009.0
320.0	9289.0
321.0	9453.0
322.0	9016.0
323.0	9183.0
324.0	9417.0
325.0	9141.0
326.0	9381.0
327.0	9243.0
328.0	9294.0
329.0	9088.0
330.0	9373.0
331.0	9250.0
332.0	9261.0
333.0	9476.0
334.0	9016.0
335.0	9319.0
336.0	8914.0
337.0	9446.0
338.0	9599.0
339.0	9269.0
340.0	9297.0
341.0	8630.0
342.0	9047.0
343.0	9524.0
344.0	8510.0
345.0	9026.0
346.0	9235.0
347.0	8885.0
348.0	9108.0
349.0	9037.0
350.0	9189.0
351.0	8958.0
352.0	9484.0
353.0	8962.0
354.0	9308.0
355.0	9690.0
356.0	9530.0
357.0	8665.0
358.0	9069.0
359.0	9250.0
360.0	8994.0
361.0	8849.0
362.0	9059.0
363.0	9371.0
364.0	9174.0
365.0	8953.0
366.0	8789.0
367.0	9088.0
368.0	9250.0
369.0	8784.0
370.0	9311.0
371.0	8716.0
372.0	9019.0
373.0	9327.0
374.0	9244.0
375.0	9551.0
376.0	9002.0
377.0	8946.0
378.0	8763.0
379.0	8523.0
380.0	8841.0
381.0	9454.0
382.0	9371.0
383.0	8791.0
384.0	9200.0
385.0	8628.0
386.0	9113.0
387.0	8980.0
388.0	9289.0
389.0	8781.0
390.0	9202.0
391.0	9128.0
392.0	8769.0
393.0	8829.0
394.0	8887.0
395.0	8979.0
396.0	9388.0
397.0	9014.0
398.0	9127.0
399.0	9490.0
400.0	8904.0
401.0	8740.0
402.0	8963.0
403.0	9324.0
404.0	8624.0
405.0	8692.0
406.0	9182.0
407.0	9172.0
408.0	8651.0
409.0	8980.0
410.0	8892.0
411.0	8884.0
412.0	9016.0
413.0	9067.0
414.0	8967.0
415.0	9228.0
416.0	8902.0
417.0	8883.0
418.0	9046.0
419.0	8751.0
420.0	8735.0
421.0	8755.0
422.0	8851.0
423.0	9509.0
424.0	8760.0
425.0	8702.0
426.0	9042.0
427.0	9039.0
428.0	9188.0
429.0	8850.0
430.0	8835.0
431.0	8896.0
432.0	8638.0
433.0	9219.0
434.0	9155.0
435.0	8897.0
436.0	9325.0
437.0	9210.0
438.0	9483.0
439.0	8853.0
440.0	9248.0
441.0	9330.0
442.0	9504.0
443.0	8848.0
444.0	9579.0
445.0	8373.0
446.0	9149.0
447.0	8919.0
448.0	8901.0
449.0	9557.0
450.0	9017.0
451.0	8728.0
452.0	8798.0
453.0	9297.0
454.0	8902.0
455.0	8687.0
456.0	9050.0
457.0	8685.0
458.0	9118.0
459.0	8851.0
460.0	9338.0
461.0	9030.0
462.0	8415.0
463.0	9467.0
464.0	8996.0
465.0	9120.0
466.0	9417.0
467.0	9321.0
468.0	9111.0
469.0	8719.0
470.0	8587.0
471.0	8864.0
472.0	9112.0
473.0	9429.0
474.0	9204.0
475.0	8881.0
476.0	9110.0
477.0	9169.0
478.0	8980.0
479.0	9083.0
480.0	9103.0
481.0	9088.0
482.0	9088.0
483.0	9027.0
484.0	8854.0
485.0	9422.0
486.0	9371.0
487.0	9164.0
488.0	9058.0
489.0	8950.0
490.0	9250.0
491.0	8988.0
492.0	9139.0
493.0	9299.0
494.0	9132.0
495.0	9243.0
496.0	8566.0
497.0	9140.0
498.0	8932.0
499.0	9326.0
500.0	9326.0
501.0	9200.0
502.0	9403.0
503.0	8908.0
504.0	9576.0
505.0	9382.0
506.0	9349.0
507.0	9208.0
508.0	8945.0
509.0	9211.0
510.0	9426.0
511.0	8992.0
512.0	9356.0
513.0	9258.0
514.0	8985.0
515.0	9001.0
516.0	9447.0
517.0	9002.0
518.0	8939.0
519.0	9318.0
520.0	9123.0
521.0	8834.0
522.0	9865.0
523.0	9354.0
524.0	9467.0
525.0	9259.0
526.0	9627.0
527.0	8833.0
528.0	9261.0
529.0	9088.0
530.0	9019.0
531.0	9418.0
532.0	9301.0
533.0	9116.0
534.0	9022.0
535.0	9495.0
536.0	9746.0
537.0	9041.0
538.0	8855.0
539.0	9189.0
540.0	9433.0
541.0	9700.0
542.0	9209.0
543.0	9064.0
544.0	9441.0
545.0	9057.0
546.0	9214.0
547.0	8986.0
548.0	9457.0
549.0	9219.0
550.0	8924.0
551.0	9327.0
552.0	9556.0
553.0	9428.0
554.0	9113.0
555.0	9798.0
556.0	8834.0
557.0	9428.0
558.0	9692.0
559.0	9435.0
560.0	9414.0
561.0	9329.0
562.0	8889.0
563.0	8792.0
564.0	9297.0
565.0	9263.0
566.0	9116.0
567.0	9322.0
568.0	9214.0
569.0	9061.0
570.0	9115.0
571.0	9064.0
572.0	9442.0
573.0	9210.0
574.0	9667.0
575.0	9233.0
576.0	9495.0
577.0	9248.0
578.0	9111.0
579.0	9221.0
580.0	9613.0
581.0	9289.0
582.0	8825.0
583.0	9011.0
584.0	9264.0
585.0	9419.0
586.0	9178.0
587.0	9113.0
588.0	8831.0
589.0	9423.0
590.0	8994.0
591.0	9327.0
592.0	9117.0
593.0	9338.0
594.0	9324.0
595.0	9211.0
596.0	9237.0
597.0	8977.0
598.0	9433.0
599.0	9513.0
600.0	9301.0
601.0	8993.0
602.0	8812.0
603.0	9118.0
604.0	9246.0
605.0	8790.0
606.0	9393.0
607.0	9064.0
608.0	9070.0
609.0	9095.0
610.0	8842.0
611.0	9372.0
612.0	9068.0
613.0	9382.0
614.0	9569.0
615.0	8838.0
616.0	9290.0
617.0	9186.0
618.0	8741.0
619.0	8740.0
620.0	9038.0
621.0	9117.0
622.0	9213.0
623.0	9181.0
624.0	9137.0
625.0	8938.0
626.0	8996.0
627.0	8964.0
628.0	9005.0
629.0	8929.0
630.0	8891.0
631.0	9021.0
632.0	9436.0
633.0	8679.0
634.0	9200.0
635.0	8820.0
636.0	8747.0
637.0	9132.0
638.0	8699.0
639.0	9357.0
640.0	9236.0
641.0	8774.0
642.0	9295.0
643.0	9415.0
644.0	9307.0
645.0	8847.0
646.0	8953.0
647.0	8517.0
648.0	8692.0
649.0	9052.0
650.0	9062.0
651.0	9402.0
652.0	9086.0
653.0	9624.0
654.0	9005.0
655.0	9230.0
656.0	9134.0
657.0	9418.0
658.0	9017.0
659.0	8670.0
660.0	8794.0
661.0	9107.0
662.0	8953.0
663.0	9054.0
664.0	9327.0
665.0	8892.0
666.0	8850.0
667.0	9009.0
668.0	8693.0
669.0	8937.0
670.0	8601.0
671.0	8834.0
672.0	9061.0
673.0	9263.0
674.0	9034.0
675.0	9283.0
676.0	9435.0
677.0	8912.0
678.0	8635.0
679.0	9063.0
680.0	9041.0
681.0	9011.0
682.0	9237.0
683.0	9138.0
684.0	8430.0
685.0	8798.0
686.0	9434.0
687.0	9178.0
688.0	8576.0
689.0	8546.0
690.0	9059.0
691.0	9029.0
692.0	9282.0
693.0	9006.0
694.0	8979.0
695.0	8756.0
696.0	8915.0
697.0	8618.0
698.0	9168.0
699.0	8909.0
700.0	9537.0
701.0	9134.0
702.0	9444.0
703.0	8865.0
704.0	9244.0
705.0	8991.0
706.0	8635.0
707.0	8891.0
708.0	8991.0
709.0	9068.0
710.0	9002.0
711.0	8768.0
712.0	9581.0
713.0	9073.0
714.0	9043.0
715.0	8968.0
716.0	9041.0
717.0	9261.0
718.0	9248.0
719.0	8884.0
720.0	9014.0
721.0	9055.0
722.0	9261.0
723.0	8929.0
724.0	8823.0
725.0	8891.0
726.0	8949.0
727.0	8847.0
728.0	8885.0
729.0	8953.0
730.0	9657.0
731.0	9305.0
732.0	8706.0
733.0	9282.0
734.0	8960.0
735.0	9289.0
736.0	8686.0
737.0	8965.0
738.0	9149.0
739.0	9611.0
740.0	9199.0
741.0	8818.0
742.0	9424.0
743.0	8990.0
744.0	9109.0
745.0	9117.0
746.0	8876.0
747.0	8828.0
748.0	9059.0
749.0	9065.0
750.0	8982.0
751.0	9352.0
752.0	8892.0
753.0	9128.0
754.0	8992.0
755.0	8958.0
756.0	9256.0
757.0	9232.0
758.0	9238.0
759.0	9075.0
760.0	8675.0
761.0	8846.0
762.0	9385.0
763.0	9061.0
764.0	8977.0
765.0	8915.0
766.0	9255.0
767.0	9186.0
768.0	8999.0
769.0	9048.0
770.0	8877.0
771.0	9469.0
772.0	9043.0
773.0	8981.0
774.0	9043.0
775.0	8959.0
776.0	9147.0
777.0	9059.0
778.0	8858.0
779.0	9099.0
780.0	9151.0
781.0	9291.0
782.0	8739.0
783.0	8994.0
784.0	8719.0
785.0	8864.0
786.0	9102.0
787.0	9411.0
788.0	8915.0
789.0	9112.0
790.0	9050.0
791.0	9233.0
792.0	8954.0
793.0	9190.0
794.0	8892.0
795.0	8578.0
796.0	8915.0
797.0	8924.0
798.0	8892.0
799.0	8872.0
800.0	8917.0
