$itime = 500
$wv_start = 190.0
$hv = 1000
$grating = 2 1200 g/mm BLZ= 500  nm
$x_amps = 10
$x_volts = 45
$sample = DB2331
$date = 2023-06-07
$temp = 242.0
$wv_stop = 800.0
$time = 07:43:19.820000
$wv_step = 1.0
190.0	9418.0
191.0	9297.0
192.0	9485.0
193.0	9945.0
194.0	9224.0
195.0	9458.0
196.0	9395.0
197.0	9686.0
198.0	9618.0
199.0	9098.0
200.0	9508.0
201.0	9642.0
202.0	9234.0
203.0	9534.0
204.0	9285.0
205.0	9537.0
206.0	9245.0
207.0	9259.0
208.0	9225.0
209.0	9475.0
210.0	9657.0
211.0	9669.0
212.0	9261.0
213.0	9264.0
214.0	9639.0
215.0	9426.0
216.0	9246.0
217.0	9489.0
218.0	9100.0
219.0	9303.0
220.0	9467.0
221.0	9341.0
222.0	9429.0
223.0	9459.0
224.0	9429.0
225.0	9569.0
226.0	9245.0
227.0	9807.0
228.0	9223.0
229.0	9419.0
230.0	9601.0
231.0	9100.0
232.0	9242.0
233.0	9636.0
234.0	9651.0
235.0	9034.0
236.0	9506.0
237.0	9856.0
238.0	9468.0
239.0	9657.0
240.0	9380.0
241.0	9319.0
242.0	9668.0
243.0	9464.0
244.0	9624.0
245.0	9250.0
246.0	9411.0
247.0	9741.0
248.0	9341.0
249.0	9251.0
250.0	9590.0
251.0	9491.0
252.0	9604.0
253.0	9163.0
254.0	9001.0
255.0	10046.0
256.0	9473.0
257.0	9427.0
258.0	9220.0
259.0	9609.0
260.0	9688.0
261.0	9542.0
262.0	9560.0
263.0	9568.0
264.0	9357.0
265.0	9352.0
266.0	9073.0
267.0	9901.0
268.0	9829.0
269.0	9462.0
270.0	9743.0
271.0	9719.0
272.0	9665.0
273.0	9422.0
274.0	9723.0
275.0	9717.0
276.0	9477.0
277.0	9563.0
278.0	9755.0
279.0	9654.0
280.0	9536.0
281.0	9627.0
282.0	9869.0
283.0	9241.0
284.0	9729.0
285.0	9561.0
286.0	9512.0
287.0	9343.0
288.0	9252.0
289.0	9944.0
290.0	9719.0
291.0	9486.0
292.0	9776.0
293.0	9498.0
294.0	9204.0
295.0	9444.0
296.0	9356.0
297.0	9631.0
298.0	9931.0
299.0	10220.0
300.0	9529.0
301.0	9261.0
302.0	10361.0
303.0	9422.0
304.0	10138.0
305.0	9789.0
306.0	9459.0
307.0	9674.0
308.0	9666.0
309.0	9870.0
310.0	9260.0
311.0	9617.0
312.0	9057.0
313.0	9188.0
314.0	9373.0
315.0	9618.0
316.0	9630.0
317.0	9175.0
318.0	10358.0
319.0	9767.0
320.0	9591.0
321.0	9752.0
322.0	9833.0
323.0	9417.0
324.0	9632.0
325.0	9334.0
326.0	9781.0
327.0	9589.0
328.0	10054.0
329.0	9201.0
330.0	9690.0
331.0	9455.0
332.0	9695.0
333.0	9608.0
334.0	9968.0
335.0	9840.0
336.0	9122.0
337.0	9633.0
338.0	9431.0
339.0	9433.0
340.0	9486.0
341.0	10037.0
342.0	9637.0
343.0	9849.0
344.0	9431.0
345.0	9905.0
346.0	9054.0
347.0	9070.0
348.0	9937.0
349.0	9457.0
350.0	9601.0
351.0	9193.0
352.0	9552.0
353.0	9317.0
354.0	9386.0
355.0	9816.0
356.0	9595.0
357.0	9533.0
358.0	9356.0
359.0	9016.0
360.0	8963.0
361.0	8960.0
362.0	9072.0
363.0	9599.0
364.0	8946.0
365.0	9506.0
366.0	9405.0
367.0	9579.0
368.0	9415.0
369.0	9426.0
370.0	9291.0
371.0	9600.0
372.0	9204.0
373.0	9719.0
374.0	9946.0
375.0	9642.0
376.0	9226.0
377.0	9453.0
378.0	9326.0
379.0	9913.0
380.0	9352.0
381.0	9271.0
382.0	9949.0
383.0	9618.0
384.0	9447.0
385.0	9293.0
386.0	9542.0
387.0	9609.0
388.0	9432.0
389.0	9270.0
390.0	9642.0
391.0	9120.0
392.0	8977.0
393.0	9236.0
394.0	9590.0
395.0	9039.0
396.0	9429.0
397.0	9237.0
398.0	9618.0
399.0	9250.0
400.0	9276.0
401.0	9739.0
402.0	9689.0
403.0	9362.0
404.0	9857.0
405.0	9449.0
406.0	9431.0
407.0	10014.0
408.0	9811.0
409.0	9270.0
410.0	9462.0
411.0	9603.0
412.0	9613.0
413.0	9576.0
414.0	9643.0
415.0	9466.0
416.0	9945.0
417.0	9417.0
418.0	9569.0
419.0	9433.0
420.0	9543.0
421.0	9307.0
422.0	9354.0
423.0	9400.0
424.0	9563.0
425.0	9159.0
426.0	9354.0
427.0	8875.0
428.0	9354.0
429.0	9305.0
430.0	9446.0
431.0	9352.0
432.0	9583.0
433.0	9428.0
434.0	9544.0
435.0	9188.0
436.0	9294.0
437.0	9446.0
438.0	9294.0
439.0	9351.0
440.0	9599.0
441.0	9722.0
442.0	9372.0
443.0	9426.0
444.0	9563.0
445.0	9660.0
446.0	9635.0
447.0	9804.0
448.0	9249.0
449.0	9879.0
450.0	9714.0
451.0	9525.0
452.0	9072.0
453.0	9272.0
454.0	9618.0
455.0	9850.0
456.0	9634.0
457.0	8968.0
458.0	9511.0
459.0	9632.0
460.0	10023.0
461.0	9261.0
462.0	9632.0
463.0	9931.0
464.0	9248.0
465.0	9475.0
466.0	9541.0
467.0	9738.0
468.0	9066.0
469.0	9420.0
470.0	9365.0
471.0	10020.0
472.0	9712.0
473.0	9261.0
474.0	9495.0
475.0	9079.0
476.0	9420.0
477.0	9829.0
478.0	9153.0
479.0	9557.0
480.0	9264.0
481.0	9240.0
482.0	9715.0
483.0	9941.0
484.0	9396.0
485.0	9486.0
486.0	9735.0
487.0	9238.0
488.0	9070.0
489.0	9955.0
490.0	9486.0
491.0	9550.0
492.0	9569.0
493.0	9338.0
494.0	9189.0
495.0	9957.0
496.0	9576.0
497.0	9931.0
498.0	9857.0
499.0	9212.0
500.0	9434.0
501.0	9666.0
502.0	9185.0
503.0	9829.0
504.0	9311.0
505.0	9627.0
506.0	9624.0
507.0	9214.0
508.0	9593.0
509.0	9640.0
510.0	9191.0
511.0	9752.0
512.0	9534.0
513.0	9868.0
514.0	9810.0
515.0	9532.0
516.0	9584.0
517.0	9456.0
518.0	9594.0
519.0	9773.0
520.0	9505.0
521.0	9674.0
522.0	10137.0
523.0	9304.0
524.0	9664.0
525.0	9615.0
526.0	9971.0
527.0	9627.0
528.0	9188.0
529.0	10237.0
530.0	9714.0
531.0	9542.0
532.0	9941.0
533.0	10122.0
534.0	9491.0
535.0	9478.0
536.0	9327.0
537.0	9264.0
538.0	10121.0
539.0	9711.0
540.0	9719.0
541.0	10274.0
542.0	9639.0
543.0	9599.0
544.0	9763.0
545.0	9614.0
546.0	10047.0
547.0	9378.0
548.0	9963.0
549.0	9804.0
550.0	9347.0
551.0	9537.0
552.0	9538.0
553.0	9830.0
554.0	9650.0
555.0	10027.0
556.0	9850.0
557.0	9643.0
558.0	9433.0
559.0	9822.0
560.0	9858.0
561.0	9776.0
562.0	9945.0
563.0	9542.0
564.0	9302.0
565.0	9339.0
566.0	10036.0
567.0	9457.0
568.0	9618.0
569.0	9824.0
570.0	9970.0
571.0	9581.0
572.0	9803.0
573.0	9750.0
574.0	9579.0
575.0	9713.0
576.0	9522.0
577.0	9422.0
578.0	9561.0
579.0	9857.0
580.0	9575.0
581.0	9708.0
582.0	9509.0
583.0	9757.0
584.0	9744.0
585.0	9382.0
586.0	9723.0
587.0	9899.0
588.0	9492.0
589.0	9999.0
590.0	10052.0
591.0	9585.0
592.0	9233.0
593.0	9183.0
594.0	9655.0
595.0	9231.0
596.0	9617.0
597.0	9090.0
598.0	9725.0
599.0	9321.0
600.0	9382.0
601.0	9543.0
602.0	9656.0
603.0	9241.0
604.0	9486.0
605.0	8845.0
606.0	9590.0
607.0	9061.0
608.0	9578.0
609.0	9612.0
610.0	10237.0
611.0	9722.0
612.0	9315.0
613.0	9507.0
614.0	9936.0
615.0	8831.0
616.0	9249.0
617.0	9269.0
618.0	9988.0
619.0	9331.0
620.0	10133.0
621.0	9627.0
622.0	9548.0
623.0	9088.0
624.0	9473.0
625.0	9621.0
626.0	9800.0
627.0	9579.0
628.0	9643.0
629.0	9579.0
630.0	9567.0
631.0	9592.0
632.0	9944.0
633.0	9571.0
634.0	9242.0
635.0	9590.0
636.0	9651.0
637.0	9256.0
638.0	9692.0
639.0	9347.0
640.0	9348.0
641.0	9758.0
642.0	9966.0
643.0	9210.0
644.0	9239.0
645.0	9435.0
646.0	9726.0
647.0	9833.0
648.0	9276.0
649.0	9480.0
650.0	9434.0
651.0	9446.0
652.0	9601.0
653.0	9469.0
654.0	9780.0
655.0	9559.0
656.0	9327.0
657.0	9175.0
658.0	9253.0
659.0	9597.0
660.0	9613.0
661.0	9723.0
662.0	9716.0
663.0	9484.0
664.0	9812.0
665.0	9840.0
666.0	9467.0
667.0	9643.0
668.0	9164.0
669.0	9063.0
670.0	9555.0
671.0	9598.0
672.0	9542.0
673.0	9242.0
674.0	9570.0
675.0	9116.0
676.0	9327.0
677.0	9322.0
678.0	9224.0
679.0	9322.0
680.0	9856.0
681.0	9303.0
682.0	9655.0
683.0	9483.0
684.0	9354.0
685.0	9845.0
686.0	9833.0
687.0	9319.0
688.0	9539.0
689.0	9762.0
690.0	9468.0
691.0	9427.0
692.0	9428.0
693.0	9290.0
694.0	8942.0
695.0	9496.0
696.0	9613.0
697.0	9691.0
698.0	9422.0
699.0	9578.0
700.0	9659.0
701.0	9245.0
702.0	9197.0
703.0	9064.0
704.0	9475.0
705.0	9567.0
706.0	9100.0
707.0	9426.0
708.0	9173.0
709.0	9569.0
710.0	9506.0
711.0	9642.0
712.0	9548.0
713.0	9148.0
714.0	9817.0
715.0	9204.0
716.0	9247.0
717.0	9614.0
718.0	9591.0
719.0	9420.0
720.0	9255.0
721.0	8831.0
722.0	9829.0
723.0	9567.0
724.0	9637.0
725.0	9486.0
726.0	9193.0
727.0	9266.0
728.0	9797.0
729.0	9586.0
730.0	9486.0
731.0	9904.0
732.0	9265.0
733.0	9376.0
734.0	9192.0
735.0	9423.0
736.0	9685.0
737.0	9732.0
738.0	9585.0
739.0	9953.0
740.0	9516.0
741.0	9081.0
742.0	9566.0
743.0	9598.0
744.0	9862.0
745.0	9832.0
746.0	9973.0
747.0	9780.0
748.0	9486.0
749.0	9437.0
750.0	9833.0
751.0	10034.0
752.0	9119.0
753.0	9722.0
754.0	8956.0
755.0	9563.0
756.0	9012.0
757.0	9753.0
758.0	9396.0
759.0	9309.0
760.0	9592.0
761.0	9287.0
762.0	9711.0
763.0	9303.0
764.0	9236.0
765.0	9256.0
766.0	9508.0
767.0	9059.0
768.0	9465.0
769.0	9270.0
770.0	9541.0
771.0	9426.0
772.0	9592.0
773.0	9410.0
774.0	9290.0
775.0	9436.0
776.0	9489.0
777.0	9155.0
778.0	9725.0
779.0	8813.0
780.0	9156.0
781.0	9242.0
782.0	9363.0
783.0	9521.0
784.0	9415.0
785.0	9222.0
786.0	9405.0
787.0	9145.0
788.0	9375.0
789.0	9308.0
790.0	9384.0
791.0	9471.0
792.0	8719.0
793.0	9518.0
794.0	9741.0
795.0	9409.0
796.0	9256.0
797.0	9636.0
798.0	9505.0
799.0	9624.0
800.0	9323.0
