$itime = 500
$wv_start = 190.0
$hv = 1000
$grating = 2 1200 g/mm BLZ= 500  nm
$x_amps = 10
$x_volts = 45
$sample = DB2331
$date = 2023-06-07
$temp = 131.98
$wv_stop = 800.0
$time = 09:33:34.598000
$wv_step = 1.0
190.0	9991.0
191.0	10161.0
192.0	10625.0
193.0	10236.0
194.0	10598.0
195.0	9812.0
196.0	10279.0
197.0	10019.0
198.0	10128.0
199.0	10477.0
200.0	10524.0
201.0	10126.0
202.0	9997.0
203.0	10513.0
204.0	9904.0
205.0	10246.0
206.0	10136.0
207.0	10226.0
208.0	10406.0
209.0	10086.0
210.0	10452.0
211.0	10353.0
212.0	10522.0
213.0	9975.0
214.0	10006.0
215.0	9617.0
216.0	10252.0
217.0	10192.0
218.0	10444.0
219.0	9493.0
220.0	10310.0
221.0	10315.0
222.0	10096.0
223.0	10161.0
224.0	10475.0
225.0	10197.0
226.0	10289.0
227.0	9930.0
228.0	9953.0
229.0	10025.0
230.0	9996.0
231.0	10088.0
232.0	10033.0
233.0	10223.0
234.0	9995.0
235.0	10032.0
236.0	10189.0
237.0	10038.0
238.0	10612.0
239.0	10659.0
240.0	10294.0
241.0	9991.0
242.0	9884.0
243.0	10170.0
244.0	10052.0
245.0	10390.0
246.0	10086.0
247.0	10448.0
248.0	10201.0
249.0	9698.0
250.0	9972.0
251.0	10044.0
252.0	10220.0
253.0	10404.0
254.0	10528.0
255.0	10340.0
256.0	10292.0
257.0	10209.0
258.0	10156.0
259.0	10297.0
260.0	9903.0
261.0	9942.0
262.0	10149.0
263.0	10365.0
264.0	9717.0
265.0	9956.0
266.0	10351.0
267.0	9567.0
268.0	10091.0
269.0	10627.0
270.0	10166.0
271.0	10373.0
272.0	10406.0
273.0	10478.0
274.0	10121.0
275.0	10285.0
276.0	10357.0
277.0	9724.0
278.0	10607.0
279.0	10616.0
280.0	9878.0
281.0	10927.0
282.0	10493.0
283.0	10457.0
284.0	9901.0
285.0	10132.0
286.0	10390.0
287.0	10453.0
288.0	10391.0
289.0	10409.0
290.0	10270.0
291.0	10488.0
292.0	10467.0
293.0	10830.0
294.0	10379.0
295.0	10510.0
296.0	10453.0
297.0	10015.0
298.0	9669.0
299.0	9968.0
300.0	10545.0
301.0	10291.0
302.0	10663.0
303.0	10363.0
304.0	10179.0
305.0	10760.0
306.0	10514.0
307.0	10408.0
308.0	10658.0
309.0	10345.0
310.0	10463.0
311.0	10130.0
312.0	10291.0
313.0	10568.0
314.0	10212.0
315.0	10330.0
316.0	10269.0
317.0	10762.0
318.0	10039.0
319.0	11005.0
320.0	10454.0
321.0	10363.0
322.0	9931.0
323.0	10011.0
324.0	10691.0
325.0	10382.0
326.0	10538.0
327.0	10467.0
328.0	10305.0
329.0	10523.0
330.0	10283.0
331.0	11065.0
332.0	10371.0
333.0	10034.0
334.0	10617.0
335.0	10576.0
336.0	10710.0
337.0	10390.0
338.0	10336.0
339.0	10283.0
340.0	10326.0
341.0	10849.0
342.0	9777.0
343.0	10144.0
344.0	10074.0
345.0	10455.0
346.0	10416.0
347.0	10381.0
348.0	9974.0
349.0	10503.0
350.0	10314.0
351.0	10139.0
352.0	10826.0
353.0	10403.0
354.0	10031.0
355.0	9898.0
356.0	9948.0
357.0	10136.0
358.0	9937.0
359.0	10149.0
360.0	10423.0
361.0	10106.0
362.0	10280.0
363.0	10279.0
364.0	10449.0
365.0	10204.0
366.0	10356.0
367.0	10211.0
368.0	10582.0
369.0	9982.0
370.0	10137.0
371.0	10156.0
372.0	9935.0
373.0	10235.0
374.0	10149.0
375.0	9936.0
376.0	10051.0
377.0	10442.0
378.0	9750.0
379.0	10574.0
380.0	10464.0
381.0	10357.0
382.0	9951.0
383.0	10343.0
384.0	10236.0
385.0	10217.0
386.0	10088.0
387.0	10533.0
388.0	9945.0
389.0	10124.0
390.0	10279.0
391.0	10088.0
392.0	10137.0
393.0	10319.0
394.0	10217.0
395.0	9730.0
396.0	10461.0
397.0	10826.0
398.0	9811.0
399.0	10453.0
400.0	10450.0
401.0	10189.0
402.0	10030.0
403.0	10166.0
404.0	10105.0
405.0	9955.0
406.0	10512.0
407.0	10315.0
408.0	10332.0
409.0	10161.0
410.0	9960.0
411.0	10251.0
412.0	10243.0
413.0	10213.0
414.0	10363.0
415.0	10584.0
416.0	10150.0
417.0	10333.0
418.0	10150.0
419.0	10526.0
420.0	10457.0
421.0	9944.0
422.0	10575.0
423.0	10173.0
424.0	9837.0
425.0	9931.0
426.0	10191.0
427.0	10069.0
428.0	10437.0
429.0	10453.0
430.0	10324.0
431.0	10149.0
432.0	10490.0
433.0	10788.0
434.0	10671.0
435.0	10497.0
436.0	10132.0
437.0	9930.0
438.0	9988.0
439.0	10243.0
440.0	10088.0
441.0	10441.0
442.0	10227.0
443.0	10197.0
444.0	10276.0
445.0	10304.0
446.0	10208.0
447.0	10315.0
448.0	10371.0
449.0	10453.0
450.0	10053.0
451.0	10432.0
452.0	9961.0
453.0	9896.0
454.0	10095.0
455.0	10153.0
456.0	10360.0
457.0	10048.0
458.0	10226.0
459.0	10190.0
460.0	10713.0
461.0	10448.0
462.0	10487.0
463.0	10100.0
464.0	10519.0
465.0	10256.0
466.0	10178.0
467.0	10163.0
468.0	10624.0
469.0	10682.0
470.0	10677.0
471.0	10461.0
472.0	10440.0
473.0	10514.0
474.0	10778.0
475.0	10099.0
476.0	10450.0
477.0	10697.0
478.0	10721.0
479.0	10680.0
480.0	10535.0
481.0	10701.0
482.0	10566.0
483.0	10967.0
484.0	10760.0
485.0	10773.0
486.0	10437.0
487.0	10723.0
488.0	10452.0
489.0	10499.0
490.0	10972.0
491.0	10133.0
492.0	11112.0
493.0	10860.0
494.0	10584.0
495.0	10649.0
496.0	10439.0
497.0	10713.0
498.0	10130.0
499.0	10566.0
500.0	10677.0
501.0	10485.0
502.0	10843.0
503.0	10906.0
504.0	10723.0
505.0	10940.0
506.0	10653.0
507.0	10897.0
508.0	9912.0
509.0	10856.0
510.0	10967.0
511.0	10789.0
512.0	10647.0
513.0	10908.0
514.0	10648.0
515.0	10762.0
516.0	11042.0
517.0	10330.0
518.0	10729.0
519.0	10861.0
520.0	10955.0
521.0	10422.0
522.0	11220.0
523.0	10858.0
524.0	10714.0
525.0	11288.0
526.0	10836.0
527.0	10753.0
528.0	10503.0
529.0	10568.0
530.0	10334.0
531.0	10731.0
532.0	10747.0
533.0	10315.0
534.0	10326.0
535.0	10934.0
536.0	10438.0
537.0	10707.0
538.0	10439.0
539.0	10811.0
540.0	10272.0
541.0	10623.0
542.0	10396.0
543.0	11070.0
544.0	10775.0
545.0	10526.0
546.0	10547.0
547.0	10726.0
548.0	10567.0
549.0	10432.0
550.0	10351.0
551.0	10622.0
552.0	10916.0
553.0	10565.0
554.0	10732.0
555.0	10625.0
556.0	10760.0
557.0	10782.0
558.0	10615.0
559.0	10866.0
560.0	10847.0
561.0	10208.0
562.0	10538.0
563.0	10397.0
564.0	10542.0
565.0	10295.0
566.0	10578.0
567.0	10412.0
568.0	10572.0
569.0	10688.0
570.0	10347.0
571.0	10546.0
572.0	10552.0
573.0	10677.0
574.0	10448.0
575.0	10193.0
576.0	10257.0
577.0	10806.0
578.0	10784.0
579.0	10584.0
580.0	10454.0
581.0	10281.0
582.0	10509.0
583.0	10438.0
584.0	10881.0
585.0	10235.0
586.0	10067.0
587.0	10634.0
588.0	10442.0
589.0	10507.0
590.0	10620.0
591.0	10656.0
592.0	10399.0
593.0	10563.0
594.0	10127.0
595.0	10346.0
596.0	10442.0
597.0	10076.0
598.0	10157.0
599.0	10570.0
600.0	10215.0
601.0	10270.0
602.0	10353.0
603.0	9929.0
604.0	10317.0
605.0	10125.0
606.0	10132.0
607.0	10523.0
608.0	10198.0
609.0	10175.0
610.0	10401.0
611.0	10376.0
612.0	10377.0
613.0	10318.0
614.0	10251.0
615.0	10252.0
616.0	10179.0
617.0	10381.0
618.0	10293.0
619.0	10284.0
620.0	9775.0
621.0	9951.0
622.0	10975.0
623.0	10281.0
624.0	10285.0
625.0	9944.0
626.0	10397.0
627.0	10351.0
628.0	10075.0
629.0	10660.0
630.0	10369.0
631.0	10569.0
632.0	10406.0
633.0	10449.0
634.0	10409.0
635.0	10191.0
636.0	10416.0
637.0	9902.0
638.0	10031.0
639.0	10436.0
640.0	10070.0
641.0	10547.0
642.0	10231.0
643.0	10586.0
644.0	9944.0
645.0	9756.0
646.0	10660.0
647.0	10125.0
648.0	10350.0
649.0	10296.0
650.0	10432.0
651.0	10390.0
652.0	10354.0
653.0	10432.0
654.0	10176.0
655.0	10469.0
656.0	10536.0
657.0	9964.0
658.0	10449.0
659.0	9993.0
660.0	10011.0
661.0	9997.0
662.0	9923.0
663.0	10370.0
664.0	10355.0
665.0	10309.0
666.0	10605.0
667.0	10424.0
668.0	10381.0
669.0	10057.0
670.0	10372.0
671.0	9955.0
672.0	10285.0
673.0	10807.0
674.0	10045.0
675.0	10076.0
676.0	10160.0
677.0	10449.0
678.0	10196.0
679.0	10143.0
680.0	10179.0
681.0	10385.0
682.0	10032.0
683.0	10433.0
684.0	10267.0
685.0	10556.0
686.0	10278.0
687.0	9944.0
688.0	10333.0
689.0	9730.0
690.0	10199.0
691.0	10006.0
692.0	10296.0
693.0	10226.0
694.0	10197.0
695.0	10107.0
696.0	10318.0
697.0	10150.0
698.0	10348.0
699.0	10117.0
700.0	9997.0
701.0	10064.0
702.0	10449.0
703.0	10476.0
704.0	10428.0
705.0	10262.0
706.0	9951.0
707.0	10930.0
708.0	10374.0
709.0	9969.0
710.0	9991.0
711.0	10489.0
712.0	10234.0
713.0	10128.0
714.0	10359.0
715.0	10354.0
716.0	9876.0
717.0	10314.0
718.0	9956.0
719.0	10276.0
720.0	9876.0
721.0	10545.0
722.0	10360.0
723.0	10275.0
724.0	10173.0
725.0	10041.0
726.0	10262.0
727.0	10936.0
728.0	9927.0
729.0	10144.0
730.0	10553.0
731.0	10430.0
732.0	10478.0
733.0	10346.0
734.0	10423.0
735.0	10143.0
736.0	9965.0
737.0	10080.0
738.0	9595.0
739.0	9677.0
740.0	9889.0
741.0	10467.0
742.0	10350.0
743.0	10208.0
744.0	9734.0
745.0	10327.0
746.0	9937.0
747.0	10066.0
748.0	10635.0
749.0	10424.0
750.0	10292.0
751.0	10313.0
752.0	10229.0
753.0	9736.0
754.0	10253.0
755.0	10343.0
756.0	10204.0
757.0	9787.0
758.0	9820.0
759.0	10520.0
760.0	10345.0
761.0	10285.0
762.0	9965.0
763.0	10145.0
764.0	10788.0
765.0	10123.0
766.0	10325.0
767.0	10230.0
768.0	9993.0
769.0	10412.0
770.0	10042.0
771.0	10276.0
772.0	9868.0
773.0	10433.0
774.0	9626.0
775.0	10088.0
776.0	10625.0
777.0	10269.0
778.0	10166.0
779.0	10713.0
780.0	10887.0
781.0	10130.0
782.0	10041.0
783.0	10466.0
784.0	9994.0
785.0	10622.0
786.0	10244.0
787.0	10282.0
788.0	10052.0
789.0	9972.0
790.0	10321.0
791.0	9991.0
792.0	10477.0
793.0	10133.0
794.0	10324.0
795.0	10355.0
796.0	10132.0
797.0	10060.0
798.0	10169.0
799.0	10413.0
800.0	10100.0
