$itime = 500
$wv_start = 190.0
$hv = 1000
$grating = 2 1200 g/mm BLZ= 500  nm
$x_amps = 10
$x_volts = 45
$sample = DB2331
$date = 2023-06-07
$temp = 182.0
$wv_stop = 800.0
$time = 09:33:34.598000
$wv_step = 1.0
190.0	9521.0
191.0	9977.0
192.0	9760.0
193.0	9944.0
194.0	9679.0
195.0	10030.0
196.0	9916.0
197.0	9879.0
198.0	9838.0
199.0	9992.0
200.0	9502.0
201.0	9967.0
202.0	9647.0
203.0	9687.0
204.0	9681.0
205.0	9835.0
206.0	9631.0
207.0	9659.0
208.0	9761.0
209.0	9567.0
210.0	9714.0
211.0	10210.0
212.0	9812.0
213.0	9535.0
214.0	9763.0
215.0	9887.0
216.0	9844.0
217.0	9935.0
218.0	9848.0
219.0	9546.0
220.0	9992.0
221.0	9869.0
222.0	10161.0
223.0	9856.0
224.0	10151.0
225.0	9531.0
226.0	9593.0
227.0	10075.0
228.0	10146.0
229.0	9940.0
230.0	9961.0
231.0	9986.0
232.0	10132.0
233.0	9606.0
234.0	9704.0
235.0	9485.0
236.0	9854.0
237.0	9838.0
238.0	9988.0
239.0	9370.0
240.0	10048.0
241.0	9582.0
242.0	9933.0
243.0	9572.0
244.0	9694.0
245.0	10147.0
246.0	9634.0
247.0	9955.0
248.0	9857.0
249.0	10094.0
250.0	10095.0
251.0	9786.0
252.0	10165.0
253.0	9036.0
254.0	10246.0
255.0	9743.0
256.0	9761.0
257.0	9356.0
258.0	9931.0
259.0	10008.0
260.0	10127.0
261.0	9975.0
262.0	10044.0
263.0	10318.0
264.0	10273.0
265.0	10190.0
266.0	9939.0
267.0	10018.0
268.0	9937.0
269.0	9991.0
270.0	10247.0
271.0	10028.0
272.0	9989.0
273.0	9854.0
274.0	9951.0
275.0	9803.0
276.0	9687.0
277.0	10173.0
278.0	10096.0
279.0	10007.0
280.0	9998.0
281.0	10449.0
282.0	10078.0
283.0	9803.0
284.0	9981.0
285.0	10389.0
286.0	10319.0
287.0	10069.0
288.0	10119.0
289.0	9930.0
290.0	10166.0
291.0	10391.0
292.0	10187.0
293.0	10383.0
294.0	10288.0
295.0	10262.0
296.0	10080.0
297.0	10529.0
298.0	9832.0
299.0	10144.0
300.0	9588.0
301.0	10244.0
302.0	10414.0
303.0	10021.0
304.0	9935.0
305.0	10220.0
306.0	10117.0
307.0	10047.0
308.0	9903.0
309.0	10236.0
310.0	10429.0
311.0	10008.0
312.0	10093.0
313.0	10260.0
314.0	9819.0
315.0	10367.0
316.0	10292.0
317.0	10114.0
318.0	10182.0
319.0	10493.0
320.0	10262.0
321.0	9816.0
322.0	10221.0
323.0	9992.0
324.0	10181.0
325.0	10030.0
326.0	10272.0
327.0	10035.0
328.0	10202.0
329.0	9821.0
330.0	10625.0
331.0	9937.0
332.0	9750.0
333.0	10100.0
334.0	10088.0
335.0	9844.0
336.0	10160.0
337.0	10487.0
338.0	10632.0
339.0	10191.0
340.0	10117.0
341.0	10066.0
342.0	9592.0
343.0	9897.0
344.0	10033.0
345.0	9903.0
346.0	10441.0
347.0	10070.0
348.0	9976.0
349.0	10214.0
350.0	10077.0
351.0	9635.0
352.0	10025.0
353.0	10043.0
354.0	10188.0
355.0	10019.0
356.0	10686.0
357.0	9803.0
358.0	9856.0
359.0	9512.0
360.0	9660.0
361.0	10048.0
362.0	9945.0
363.0	9816.0
364.0	10034.0
365.0	9933.0
366.0	9730.0
367.0	9981.0
368.0	9700.0
369.0	9563.0
370.0	9930.0
371.0	9899.0
372.0	10398.0
373.0	9871.0
374.0	9931.0
375.0	10129.0
376.0	9721.0
377.0	9892.0
378.0	10907.0
379.0	9613.0
380.0	9684.0
381.0	9730.0
382.0	10031.0
383.0	10159.0
384.0	9572.0
385.0	9947.0
386.0	10136.0
387.0	9810.0
388.0	9584.0
389.0	9967.0
390.0	10207.0
391.0	9388.0
392.0	9835.0
393.0	9660.0
394.0	9903.0
395.0	9844.0
396.0	9666.0
397.0	9942.0
398.0	9478.0
399.0	10086.0
400.0	9632.0
401.0	9806.0
402.0	10031.0
403.0	9628.0
404.0	9456.0
405.0	10139.0
406.0	9958.0
407.0	9344.0
408.0	9676.0
409.0	9942.0
410.0	10002.0
411.0	9534.0
412.0	9817.0
413.0	10167.0
414.0	9942.0
415.0	9633.0
416.0	10350.0
417.0	9612.0
418.0	10090.0
419.0	9698.0
420.0	9623.0
421.0	9744.0
422.0	10074.0
423.0	9617.0
424.0	9654.0
425.0	10408.0
426.0	9733.0
427.0	9786.0
428.0	10220.0
429.0	10136.0
430.0	10377.0
431.0	9476.0
432.0	9812.0
433.0	10027.0
434.0	9994.0
435.0	9894.0
436.0	9982.0
437.0	10005.0
438.0	9588.0
439.0	10045.0
440.0	9881.0
441.0	9993.0
442.0	9606.0
443.0	9803.0
444.0	9629.0
445.0	10007.0
446.0	9593.0
447.0	9980.0
448.0	10262.0
449.0	9966.0
450.0	9953.0
451.0	9601.0
452.0	9820.0
453.0	9597.0
454.0	9957.0
455.0	9799.0
456.0	9748.0
457.0	9665.0
458.0	9978.0
459.0	9649.0
460.0	9996.0
461.0	9828.0
462.0	10229.0
463.0	9870.0
464.0	9525.0
465.0	9936.0
466.0	9553.0
467.0	9832.0
468.0	9790.0
469.0	9650.0
470.0	9781.0
471.0	9942.0
472.0	9868.0
473.0	10157.0
474.0	10077.0
475.0	9871.0
476.0	10092.0
477.0	9995.0
478.0	10139.0
479.0	9912.0
480.0	10283.0
481.0	10125.0
482.0	9807.0
483.0	10280.0
484.0	10087.0
485.0	9750.0
486.0	9723.0
487.0	10210.0
488.0	10190.0
489.0	9711.0
490.0	9586.0
491.0	10148.0
492.0	10350.0
493.0	10175.0
494.0	9832.0
495.0	10579.0
496.0	9582.0
497.0	10330.0
498.0	9791.0
499.0	9441.0
500.0	9567.0
501.0	9617.0
502.0	10096.0
503.0	10128.0
504.0	9946.0
505.0	10272.0
506.0	9844.0
507.0	9937.0
508.0	10220.0
509.0	9815.0
510.0	10422.0
511.0	9710.0
512.0	10350.0
513.0	10388.0
514.0	10280.0
515.0	10627.0
516.0	10359.0
517.0	10034.0
518.0	9850.0
519.0	10128.0
520.0	9944.0
521.0	9489.0
522.0	10330.0
523.0	10044.0
524.0	10132.0
525.0	9700.0
526.0	9945.0
527.0	10508.0
528.0	10256.0
529.0	10247.0
530.0	10007.0
531.0	10221.0
532.0	10799.0
533.0	10127.0
534.0	9763.0
535.0	10074.0
536.0	10245.0
537.0	9896.0
538.0	10031.0
539.0	9682.0
540.0	10446.0
541.0	9975.0
542.0	10333.0
543.0	10378.0
544.0	9996.0
545.0	10033.0
546.0	10390.0
547.0	9940.0
548.0	9925.0
549.0	10474.0
550.0	9942.0
551.0	10579.0
552.0	9940.0
553.0	10079.0
554.0	10310.0
555.0	10434.0
556.0	10136.0
557.0	9955.0
558.0	9756.0
559.0	10342.0
560.0	10096.0
561.0	9987.0
562.0	10091.0
563.0	9923.0
564.0	9892.0
565.0	9931.0
566.0	9991.0
567.0	10294.0
568.0	9948.0
569.0	10231.0
570.0	10133.0
571.0	10039.0
572.0	10220.0
573.0	10094.0
574.0	9821.0
575.0	9986.0
576.0	9840.0
577.0	10330.0
578.0	9744.0
579.0	10175.0
580.0	10367.0
581.0	10088.0
582.0	10523.0
583.0	10409.0
584.0	10536.0
585.0	10199.0
586.0	10577.0
587.0	9539.0
588.0	10318.0
589.0	9878.0
590.0	10166.0
591.0	10290.0
592.0	10124.0
593.0	9569.0
594.0	9848.0
595.0	10013.0
596.0	10382.0
597.0	9987.0
598.0	9681.0
599.0	9635.0
600.0	9969.0
601.0	9453.0
602.0	10057.0
603.0	10258.0
604.0	9583.0
605.0	10057.0
606.0	9809.0
607.0	10446.0
608.0	10546.0
609.0	9950.0
610.0	10144.0
611.0	9829.0
612.0	9986.0
613.0	9907.0
614.0	9829.0
615.0	10266.0
616.0	9806.0
617.0	9881.0
618.0	10060.0
619.0	9943.0
620.0	10011.0
621.0	9688.0
622.0	10172.0
623.0	10094.0
624.0	10004.0
625.0	10079.0
626.0	9621.0
627.0	9783.0
628.0	9967.0
629.0	10019.0
630.0	9966.0
631.0	9826.0
632.0	9973.0
633.0	10519.0
634.0	9714.0
635.0	10177.0
636.0	9626.0
637.0	9937.0
638.0	9684.0
639.0	10017.0
640.0	9819.0
641.0	9874.0
642.0	9607.0
643.0	10133.0
644.0	9925.0
645.0	10127.0
646.0	9725.0
647.0	10283.0
648.0	9844.0
649.0	10204.0
650.0	9834.0
651.0	9728.0
652.0	10057.0
653.0	9984.0
654.0	9793.0
655.0	9769.0
656.0	10415.0
657.0	9955.0
658.0	9898.0
659.0	9954.0
660.0	10063.0
661.0	9681.0
662.0	9631.0
663.0	9642.0
664.0	9969.0
665.0	10013.0
666.0	9933.0
667.0	9971.0
668.0	9997.0
669.0	10091.0
670.0	9642.0
671.0	9624.0
672.0	9968.0
673.0	9958.0
674.0	10022.0
675.0	9860.0
676.0	10367.0
677.0	10136.0
678.0	10095.0
679.0	9560.0
680.0	9412.0
681.0	9598.0
682.0	9237.0
683.0	10363.0
684.0	9727.0
685.0	9788.0
686.0	9928.0
687.0	9900.0
688.0	10090.0
689.0	9815.0
690.0	9707.0
691.0	9720.0
692.0	10028.0
693.0	9770.0
694.0	9648.0
695.0	10193.0
696.0	9735.0
697.0	10067.0
698.0	10350.0
699.0	10147.0
700.0	9449.0
701.0	9818.0
702.0	9156.0
703.0	10292.0
704.0	10268.0
705.0	9887.0
706.0	9940.0
707.0	9887.0
708.0	10340.0
709.0	10013.0
710.0	10029.0
711.0	10136.0
712.0	9746.0
713.0	10390.0
714.0	9640.0
715.0	9868.0
716.0	9844.0
717.0	9736.0
718.0	9864.0
719.0	9816.0
720.0	10084.0
721.0	10028.0
722.0	9896.0
723.0	9677.0
724.0	9952.0
725.0	9899.0
726.0	10226.0
727.0	9566.0
728.0	9666.0
729.0	9984.0
730.0	9966.0
731.0	9671.0
732.0	10256.0
733.0	9844.0
734.0	9798.0
735.0	9830.0
736.0	9511.0
737.0	10004.0
738.0	9800.0
739.0	9580.0
740.0	9591.0
741.0	10011.0
742.0	9842.0
743.0	9425.0
744.0	9815.0
745.0	9791.0
746.0	9824.0
747.0	10103.0
748.0	10241.0
749.0	10241.0
750.0	10122.0
751.0	9948.0
752.0	10108.0
753.0	9326.0
754.0	9964.0
755.0	9971.0
756.0	10277.0
757.0	9586.0
758.0	9779.0
759.0	9874.0
760.0	9781.0
761.0	10107.0
762.0	9594.0
763.0	9640.0
764.0	10081.0
765.0	9931.0
766.0	9951.0
767.0	9776.0
768.0	10007.0
769.0	9803.0
770.0	9984.0
771.0	10321.0
772.0	9976.0
773.0	10273.0
774.0	10604.0
775.0	9980.0
776.0	9957.0
777.0	10115.0
778.0	10389.0
779.0	9943.0
780.0	9739.0
781.0	9927.0
782.0	9790.0
783.0	9845.0
784.0	9588.0
785.0	9694.0
786.0	10365.0
787.0	9542.0
788.0	9652.0
789.0	9338.0
790.0	9987.0
791.0	9961.0
792.0	9889.0
793.0	9599.0
794.0	10114.0
795.0	10141.0
796.0	9504.0
797.0	9866.0
798.0	9404.0
799.0	10081.0
800.0	10013.0
