$itime = 500
$wv_start = 190.0
$hv = 1000
$grating = 2 1200 g/mm BLZ= 500  nm
$x_amps = 10
$x_volts = 45
$sample = DB2331
$date = 2023-06-07
$temp = 322.0
$wv_stop = 800.0
$time = 07:43:19.820000
$wv_step = 1.0
190.0	8790.0
191.0	9245.0
192.0	9460.0
193.0	8960.0
194.0	8929.0
195.0	9145.0
196.0	9185.0
197.0	9160.0
198.0	8483.0
199.0	8630.0
200.0	8802.0
201.0	9084.0
202.0	8889.0
203.0	8794.0
204.0	9111.0
205.0	9134.0
206.0	9074.0
207.0	9092.0
208.0	8750.0
209.0	8896.0
210.0	8982.0
211.0	8637.0
212.0	8607.0
213.0	8851.0
214.0	9093.0
215.0	9193.0
216.0	8682.0
217.0	8901.0
218.0	8951.0
219.0	9140.0
220.0	9067.0
221.0	8766.0
222.0	9073.0
223.0	8856.0
224.0	8793.0
225.0	9264.0
226.0	9100.0
227.0	9211.0
228.0	9122.0
229.0	8832.0
230.0	8750.0
231.0	8984.0
232.0	9014.0
233.0	8950.0
234.0	9036.0
235.0	9207.0
236.0	8735.0
237.0	8877.0
238.0	9029.0
239.0	8916.0
240.0	9321.0
241.0	9462.0
242.0	8585.0
243.0	8999.0
244.0	8679.0
245.0	9224.0
246.0	8659.0
247.0	9153.0
248.0	9059.0
249.0	9086.0
250.0	9098.0
251.0	8873.0
252.0	8831.0
253.0	9371.0
254.0	8964.0
255.0	9242.0
256.0	9060.0
257.0	9294.0
258.0	8937.0
259.0	9209.0
260.0	9193.0
261.0	8747.0
262.0	9210.0
263.0	9111.0
264.0	8861.0
265.0	9551.0
266.0	9294.0
267.0	9084.0
268.0	9182.0
269.0	8891.0
270.0	9051.0
271.0	8832.0
272.0	9039.0
273.0	9242.0
274.0	9337.0
275.0	9050.0
276.0	9145.0
277.0	9249.0
278.0	9194.0
279.0	9066.0
280.0	8968.0
281.0	9469.0
282.0	9585.0
283.0	8860.0
284.0	9330.0
285.0	9363.0
286.0	9433.0
287.0	8943.0
288.0	9181.0
289.0	9327.0
290.0	8603.0
291.0	9592.0
292.0	9491.0
293.0	9141.0
294.0	9122.0
295.0	8988.0
296.0	9021.0
297.0	9208.0
298.0	9189.0
299.0	9327.0
300.0	9112.0
301.0	9074.0
302.0	9259.0
303.0	9601.0
304.0	9285.0
305.0	9194.0
306.0	9271.0
307.0	9149.0
308.0	9164.0
309.0	9109.0
310.0	9417.0
311.0	9107.0
312.0	9114.0
313.0	9557.0
314.0	9086.0
315.0	9520.0
316.0	9451.0
317.0	8982.0
318.0	8956.0
319.0	9243.0
320.0	8612.0
321.0	9196.0
322.0	9615.0
323.0	8957.0
324.0	9129.0
325.0	9260.0
326.0	8937.0
327.0	8971.0
328.0	9354.0
329.0	9495.0
330.0	9430.0
331.0	9114.0
332.0	9156.0
333.0	9263.0
334.0	9301.0
335.0	8964.0
336.0	9090.0
337.0	9506.0
338.0	9063.0
339.0	9088.0
340.0	8950.0
341.0	9100.0
342.0	8944.0
343.0	9285.0
344.0	8584.0
345.0	9202.0
346.0	8702.0
347.0	8852.0
348.0	9297.0
349.0	9137.0
350.0	9090.0
351.0	8881.0
352.0	9274.0
353.0	8541.0
354.0	9188.0
355.0	9485.0
356.0	8966.0
357.0	8776.0
358.0	8964.0
359.0	8918.0
360.0	9096.0
361.0	9138.0
362.0	9035.0
363.0	8935.0
364.0	9382.0
365.0	8878.0
366.0	8766.0
367.0	9178.0
368.0	8946.0
369.0	8961.0
370.0	8834.0
371.0	8962.0
372.0	8858.0
373.0	9186.0
374.0	8959.0
375.0	9074.0
376.0	8834.0
377.0	8910.0
378.0	8688.0
379.0	9037.0
380.0	9373.0
381.0	8977.0
382.0	8697.0
383.0	8656.0
384.0	9162.0
385.0	8732.0
386.0	8571.0
387.0	9160.0
388.0	9171.0
389.0	9133.0
390.0	8943.0
391.0	8883.0
392.0	8625.0
393.0	8850.0
394.0	9068.0
395.0	8824.0
396.0	9276.0
397.0	8992.0
398.0	8698.0
399.0	9003.0
400.0	8527.0
401.0	8850.0
402.0	8881.0
403.0	9040.0
404.0	9059.0
405.0	8963.0
406.0	9176.0
407.0	8289.0
408.0	8851.0
409.0	8926.0
410.0	8826.0
411.0	9090.0
412.0	8965.0
413.0	9219.0
414.0	9054.0
415.0	8876.0
416.0	9266.0
417.0	8750.0
418.0	8905.0
419.0	9149.0
420.0	8831.0
421.0	9688.0
422.0	8670.0
423.0	8451.0
424.0	8741.0
425.0	8820.0
426.0	9162.0
427.0	8884.0
428.0	8812.0
429.0	9089.0
430.0	8777.0
431.0	8883.0
432.0	8811.0
433.0	8889.0
434.0	9435.0
435.0	9054.0
436.0	9210.0
437.0	8777.0
438.0	8638.0
439.0	8901.0
440.0	8787.0
441.0	8706.0
442.0	9178.0
443.0	8924.0
444.0	8766.0
445.0	8561.0
446.0	9199.0
447.0	8926.0
448.0	9145.0
449.0	9155.0
450.0	9213.0
451.0	8835.0
452.0	8681.0
453.0	9322.0
454.0	8615.0
455.0	8859.0
456.0	9022.0
457.0	8893.0
458.0	9435.0
459.0	9382.0
460.0	8788.0
461.0	8624.0
462.0	9074.0
463.0	8950.0
464.0	8466.0
465.0	8833.0
466.0	8583.0
467.0	8898.0
468.0	8878.0
469.0	8825.0
470.0	8838.0
471.0	9498.0
472.0	8992.0
473.0	8553.0
474.0	8971.0
475.0	9063.0
476.0	9013.0
477.0	8888.0
478.0	9065.0
479.0	8918.0
480.0	9586.0
481.0	8650.0
482.0	9017.0
483.0	9029.0
484.0	8890.0
485.0	9100.0
486.0	9211.0
487.0	9134.0
488.0	9469.0
489.0	9325.0
490.0	8799.0
491.0	9027.0
492.0	8915.0
493.0	8858.0
494.0	9210.0
495.0	8968.0
496.0	8901.0
497.0	9285.0
498.0	9402.0
499.0	9121.0
500.0	9321.0
501.0	9170.0
502.0	9339.0
503.0	9209.0
504.0	9503.0
505.0	8968.0
506.0	9437.0
507.0	9172.0
508.0	8979.0
509.0	9059.0
510.0	9272.0
511.0	8688.0
512.0	9028.0
513.0	8864.0
514.0	9061.0
515.0	9406.0
516.0	9084.0
517.0	9286.0
518.0	9219.0
519.0	9026.0
520.0	9118.0
521.0	8827.0
522.0	9415.0
523.0	8967.0
524.0	9041.0
525.0	9366.0
526.0	9241.0
527.0	9557.0
528.0	9224.0
529.0	9547.0
530.0	9219.0
531.0	9243.0
532.0	8901.0
533.0	9098.0
534.0	9310.0
535.0	8873.0
536.0	9181.0
537.0	9712.0
538.0	9710.0
539.0	9189.0
540.0	8847.0
541.0	9181.0
542.0	9113.0
543.0	9567.0
544.0	9002.0
545.0	9114.0
546.0	9339.0
547.0	8906.0
548.0	9274.0
549.0	9051.0
550.0	9579.0
551.0	9640.0
552.0	9067.0
553.0	9252.0
554.0	8968.0
555.0	9430.0
556.0	8983.0
557.0	9025.0
558.0	9181.0
559.0	9537.0
560.0	9213.0
561.0	8989.0
562.0	8976.0
563.0	9219.0
564.0	9469.0
565.0	9536.0
566.0	9199.0
567.0	9272.0
568.0	9324.0
569.0	8969.0
570.0	9107.0
571.0	9471.0
572.0	9555.0
573.0	9172.0
574.0	9439.0
575.0	9336.0
576.0	9113.0
577.0	8770.0
578.0	9176.0
579.0	9169.0
580.0	9242.0
581.0	8936.0
582.0	9150.0
583.0	9334.0
584.0	9029.0
585.0	9036.0
586.0	8571.0
587.0	9301.0
588.0	9139.0
589.0	9434.0
590.0	9178.0
591.0	9000.0
592.0	8833.0
593.0	8992.0
594.0	8913.0
595.0	9169.0
596.0	8980.0
597.0	8848.0
598.0	8913.0
599.0	9600.0
600.0	9051.0
601.0	8918.0
602.0	8825.0
603.0	8829.0
604.0	8943.0
605.0	9292.0
606.0	8779.0
607.0	9225.0
608.0	9390.0
609.0	9106.0
610.0	8915.0
611.0	9265.0
612.0	9030.0
613.0	8851.0
614.0	9408.0
615.0	9069.0
616.0	8854.0
617.0	8874.0
618.0	9003.0
619.0	8904.0
620.0	9408.0
621.0	9145.0
622.0	8606.0
623.0	8928.0
624.0	9293.0
625.0	8976.0
626.0	9024.0
627.0	9311.0
628.0	9612.0
629.0	9049.0
630.0	8872.0
631.0	9017.0
632.0	8991.0
633.0	9022.0
634.0	8829.0
635.0	9135.0
636.0	8785.0
637.0	9231.0
638.0	8775.0
639.0	8861.0
640.0	9138.0
641.0	9668.0
642.0	8656.0
643.0	8924.0
644.0	9453.0
645.0	9235.0
646.0	9182.0
647.0	8988.0
648.0	9225.0
649.0	9265.0
650.0	9131.0
651.0	9029.0
652.0	9007.0
653.0	9235.0
654.0	9100.0
655.0	9451.0
656.0	8807.0
657.0	9088.0
658.0	9038.0
659.0	8747.0
660.0	8904.0
661.0	9149.0
662.0	9201.0
663.0	9115.0
664.0	9632.0
665.0	9134.0
666.0	8984.0
667.0	9114.0
668.0	8663.0
669.0	9202.0
670.0	8887.0
671.0	9052.0
672.0	9051.0
673.0	8934.0
674.0	8690.0
675.0	9457.0
676.0	8720.0
677.0	9046.0
678.0	9040.0
679.0	9256.0
680.0	8827.0
681.0	8962.0
682.0	9000.0
683.0	9529.0
684.0	8829.0
685.0	9532.0
686.0	8692.0
687.0	9023.0
688.0	8736.0
689.0	8628.0
690.0	8948.0
691.0	8663.0
692.0	8839.0
693.0	9248.0
694.0	8915.0
695.0	9182.0
696.0	9139.0
697.0	8866.0
698.0	9061.0
699.0	8798.0
700.0	9244.0
701.0	9134.0
702.0	9152.0
703.0	9029.0
704.0	8988.0
705.0	9060.0
706.0	9036.0
707.0	8796.0
708.0	9178.0
709.0	8993.0
710.0	8735.0
711.0	9235.0
712.0	9499.0
713.0	8886.0
714.0	9124.0
715.0	9164.0
716.0	8885.0
717.0	9166.0
718.0	8573.0
719.0	9116.0
720.0	8902.0
721.0	9161.0
722.0	9095.0
723.0	9317.0
724.0	9024.0
725.0	9070.0
726.0	8818.0
727.0	9111.0
728.0	8832.0
729.0	8924.0
730.0	8827.0
731.0	9047.0
732.0	9090.0
733.0	8670.0
734.0	8984.0
735.0	9045.0
736.0	8840.0
737.0	8699.0
738.0	8800.0
739.0	9175.0
740.0	9088.0
741.0	9165.0
742.0	8669.0
743.0	8802.0
744.0	8633.0
745.0	8880.0
746.0	9075.0
747.0	9207.0
748.0	8978.0
749.0	9052.0
750.0	9284.0
751.0	8475.0
752.0	9115.0
753.0	9063.0
754.0	9307.0
755.0	8890.0
756.0	8992.0
757.0	8626.0
758.0	9331.0
759.0	9082.0
760.0	9089.0
761.0	8822.0
762.0	9210.0
763.0	9212.0
764.0	9100.0
765.0	8675.0
766.0	9589.0
767.0	8611.0
768.0	8684.0
769.0	8885.0
770.0	9230.0
771.0	9064.0
772.0	8902.0
773.0	9412.0
774.0	9169.0
775.0	9109.0
776.0	8809.0
777.0	8971.0
778.0	8735.0
779.0	8702.0
780.0	9054.0
781.0	8875.0
782.0	8606.0
783.0	8994.0
784.0	8968.0
785.0	9115.0
786.0	9024.0
787.0	8798.0
788.0	9285.0
789.0	8992.0
790.0	8821.0
791.0	9034.0
792.0	8852.0
793.0	8877.0
794.0	8953.0
795.0	8724.0
796.0	8900.0
797.0	9357.0
798.0	9048.0
799.0	9235.0
800.0	8892.0
