$itime = 500
$wv_start = 190.0
$hv = 1000
$grating = 2 1200 g/mm BLZ= 500  nm
$x_amps = 10
$x_volts = 45
$sample = DB2331
$date = 2023-06-07
$temp = 342.0
$wv_stop = 800.0
$time = 07:43:19.820000
$wv_step = 1.0
190.0	8910.0
191.0	8864.0
192.0	8994.0
193.0	9163.0
194.0	8731.0
195.0	9354.0
196.0	8640.0
197.0	9004.0
198.0	9100.0
199.0	8992.0
200.0	9224.0
201.0	8504.0
202.0	9080.0
203.0	8934.0
204.0	9069.0
205.0	8538.0
206.0	8636.0
207.0	8808.0
208.0	8750.0
209.0	8864.0
210.0	9246.0
211.0	8728.0
212.0	8630.0
213.0	8825.0
214.0	8942.0
215.0	8803.0
216.0	9047.0
217.0	8494.0
218.0	9256.0
219.0	8735.0
220.0	8953.0
221.0	8728.0
222.0	8509.0
223.0	9004.0
224.0	9097.0
225.0	9146.0
226.0	8941.0
227.0	9210.0
228.0	8314.0
229.0	9047.0
230.0	9125.0
231.0	8946.0
232.0	8918.0
233.0	8943.0
234.0	8598.0
235.0	8851.0
236.0	8601.0
237.0	8540.0
238.0	8961.0
239.0	8991.0
240.0	9017.0
241.0	8931.0
242.0	8850.0
243.0	8984.0
244.0	9435.0
245.0	9113.0
246.0	9182.0
247.0	8980.0
248.0	9113.0
249.0	8984.0
250.0	8979.0
251.0	8829.0
252.0	8855.0
253.0	9085.0
254.0	8464.0
255.0	8759.0
256.0	8944.0
257.0	9113.0
258.0	8873.0
259.0	8843.0
260.0	9088.0
261.0	9192.0
262.0	9546.0
263.0	9003.0
264.0	9122.0
265.0	8744.0
266.0	9002.0
267.0	8862.0
268.0	9280.0
269.0	8940.0
270.0	9064.0
271.0	9201.0
272.0	9086.0
273.0	8876.0
274.0	9394.0
275.0	9133.0
276.0	9475.0
277.0	9463.0
278.0	9244.0
279.0	9670.0
280.0	8982.0
281.0	8802.0
282.0	9536.0
283.0	8591.0
284.0	9154.0
285.0	9098.0
286.0	9500.0
287.0	9210.0
288.0	9496.0
289.0	9324.0
290.0	9238.0
291.0	9372.0
292.0	8992.0
293.0	9162.0
294.0	9522.0
295.0	9193.0
296.0	9016.0
297.0	9298.0
298.0	9213.0
299.0	9131.0
300.0	9290.0
301.0	9179.0
302.0	9437.0
303.0	8960.0
304.0	9288.0
305.0	8274.0
306.0	9302.0
307.0	8889.0
308.0	9336.0
309.0	8889.0
310.0	9492.0
311.0	9174.0
312.0	9005.0
313.0	9066.0
314.0	8839.0
315.0	9117.0
316.0	9246.0
317.0	9341.0
318.0	9042.0
319.0	9096.0
320.0	8612.0
321.0	9270.0
322.0	9468.0
323.0	9058.0
324.0	9503.0
325.0	9285.0
326.0	9405.0
327.0	9238.0
328.0	9016.0
329.0	9137.0
330.0	8953.0
331.0	8601.0
332.0	9133.0
333.0	8994.0
334.0	9127.0
335.0	9270.0
336.0	9149.0
337.0	9400.0
338.0	9208.0
339.0	9061.0
340.0	9160.0
341.0	9134.0
342.0	9214.0
343.0	9078.0
344.0	8990.0
345.0	9104.0
346.0	8828.0
347.0	9299.0
348.0	9047.0
349.0	8629.0
350.0	8815.0
351.0	9201.0
352.0	8979.0
353.0	9276.0
354.0	9307.0
355.0	8789.0
356.0	8891.0
357.0	8788.0
358.0	8871.0
359.0	8473.0
360.0	8842.0
361.0	9056.0
362.0	9364.0
363.0	9309.0
364.0	9163.0
365.0	9191.0
366.0	8837.0
367.0	8796.0
368.0	9207.0
369.0	9154.0
370.0	8764.0
371.0	8679.0
372.0	8781.0
373.0	8741.0
374.0	9536.0
375.0	8940.0
376.0	8977.0
377.0	9030.0
378.0	8726.0
379.0	9113.0
380.0	8883.0
381.0	8541.0
382.0	9098.0
383.0	8854.0
384.0	8644.0
385.0	8428.0
386.0	8528.0
387.0	8812.0
388.0	8832.0
389.0	8787.0
390.0	8656.0
391.0	9067.0
392.0	8928.0
393.0	8714.0
394.0	9254.0
395.0	9294.0
396.0	8901.0
397.0	8736.0
398.0	8894.0
399.0	8531.0
400.0	9301.0
401.0	8698.0
402.0	8671.0
403.0	8880.0
404.0	8735.0
405.0	8512.0
406.0	8694.0
407.0	8631.0
408.0	8570.0
409.0	8719.0
410.0	8874.0
411.0	8894.0
412.0	8783.0
413.0	8881.0
414.0	8548.0
415.0	8972.0
416.0	8709.0
417.0	9276.0
418.0	9032.0
419.0	8933.0
420.0	8837.0
421.0	8926.0
422.0	8636.0
423.0	8857.0
424.0	9290.0
425.0	8999.0
426.0	9025.0
427.0	9070.0
428.0	8440.0
429.0	8703.0
430.0	8891.0
431.0	8993.0
432.0	8769.0
433.0	9149.0
434.0	9192.0
435.0	8972.0
436.0	9260.0
437.0	9286.0
438.0	8769.0
439.0	9436.0
440.0	9031.0
441.0	9006.0
442.0	8755.0
443.0	8461.0
444.0	8643.0
445.0	9293.0
446.0	8959.0
447.0	8591.0
448.0	9074.0
449.0	8662.0
450.0	9113.0
451.0	8981.0
452.0	8833.0
453.0	8677.0
454.0	8770.0
455.0	8832.0
456.0	8843.0
457.0	8901.0
458.0	9135.0
459.0	8841.0
460.0	9114.0
461.0	9221.0
462.0	8735.0
463.0	8926.0
464.0	9307.0
465.0	8980.0
466.0	9200.0
467.0	8686.0
468.0	8695.0
469.0	9277.0
470.0	8870.0
471.0	9237.0
472.0	8928.0
473.0	9140.0
474.0	9277.0
475.0	9100.0
476.0	9207.0
477.0	9099.0
478.0	9031.0
479.0	8703.0
480.0	9420.0
481.0	8835.0
482.0	9133.0
483.0	8648.0
484.0	8861.0
485.0	8756.0
486.0	9140.0
487.0	9051.0
488.0	9225.0
489.0	9040.0
490.0	9477.0
491.0	9425.0
492.0	9192.0
493.0	9579.0
494.0	9318.0
495.0	8750.0
496.0	9246.0
497.0	8761.0
498.0	9093.0
499.0	9329.0
500.0	9211.0
501.0	9217.0
502.0	8990.0
503.0	8802.0
504.0	9338.0
505.0	9398.0
506.0	9424.0
507.0	8946.0
508.0	9535.0
509.0	8910.0
510.0	9135.0
511.0	9264.0
512.0	9153.0
513.0	9001.0
514.0	8906.0
515.0	9329.0
516.0	8964.0
517.0	9382.0
518.0	8788.0
519.0	9433.0
520.0	8935.0
521.0	9475.0
522.0	9417.0
523.0	9029.0
524.0	8884.0
525.0	9258.0
526.0	8977.0
527.0	8630.0
528.0	9048.0
529.0	8917.0
530.0	9089.0
531.0	9204.0
532.0	9521.0
533.0	9373.0
534.0	9570.0
535.0	9069.0
536.0	9484.0
537.0	9590.0
538.0	9248.0
539.0	9391.0
540.0	9407.0
541.0	9339.0
542.0	9327.0
543.0	8818.0
544.0	9112.0
545.0	9242.0
546.0	9065.0
547.0	9418.0
548.0	9306.0
549.0	9104.0
550.0	9632.0
551.0	9468.0
552.0	9066.0
553.0	9260.0
554.0	8891.0
555.0	9123.0
556.0	9420.0
557.0	9163.0
558.0	9100.0
559.0	8789.0
560.0	8847.0
561.0	8766.0
562.0	9071.0
563.0	9135.0
564.0	8884.0
565.0	8833.0
566.0	8463.0
567.0	8901.0
568.0	9067.0
569.0	8709.0
570.0	9566.0
571.0	9113.0
572.0	9038.0
573.0	9055.0
574.0	8980.0
575.0	9008.0
576.0	8907.0
577.0	9137.0
578.0	9178.0
579.0	9386.0
580.0	9632.0
581.0	9664.0
582.0	8669.0
583.0	9341.0
584.0	9128.0
585.0	9135.0
586.0	8987.0
587.0	9444.0
588.0	9327.0
589.0	9358.0
590.0	8859.0
591.0	8877.0
592.0	8932.0
593.0	8849.0
594.0	8990.0
595.0	9291.0
596.0	9250.0
597.0	9682.0
598.0	8901.0
599.0	9074.0
600.0	8799.0
601.0	9090.0
602.0	9007.0
603.0	8955.0
604.0	9230.0
605.0	8719.0
606.0	8782.0
607.0	8867.0
608.0	9347.0
609.0	9016.0
610.0	8938.0
611.0	8821.0
612.0	9133.0
613.0	9088.0
614.0	8829.0
615.0	9155.0
616.0	9200.0
617.0	9141.0
618.0	9211.0
619.0	8889.0
620.0	9719.0
621.0	9171.0
622.0	8701.0
623.0	8959.0
624.0	8878.0
625.0	8747.0
626.0	9367.0
627.0	8844.0
628.0	9129.0
629.0	9066.0
630.0	9094.0
631.0	8776.0
632.0	8528.0
633.0	9137.0
634.0	8888.0
635.0	8825.0
636.0	8999.0
637.0	9059.0
638.0	9303.0
639.0	9266.0
640.0	9061.0
641.0	9067.0
642.0	9093.0
643.0	9185.0
644.0	8853.0
645.0	9173.0
646.0	9495.0
647.0	9487.0
648.0	9258.0
649.0	9016.0
650.0	8735.0
651.0	8925.0
652.0	8769.0
653.0	8616.0
654.0	8904.0
655.0	9086.0
656.0	8989.0
657.0	8734.0
658.0	9161.0
659.0	9272.0
660.0	8612.0
661.0	8621.0
662.0	8810.0
663.0	8979.0
664.0	8949.0
665.0	9244.0
666.0	8959.0
667.0	8752.0
668.0	8675.0
669.0	8929.0
670.0	9100.0
671.0	8635.0
672.0	8985.0
673.0	8849.0
674.0	9234.0
675.0	9084.0
676.0	9307.0
677.0	8902.0
678.0	9189.0
679.0	8900.0
680.0	9128.0
681.0	8970.0
682.0	8996.0
683.0	8731.0
684.0	8975.0
685.0	9052.0
686.0	9072.0
687.0	9357.0
688.0	8698.0
689.0	8871.0
690.0	8927.0
691.0	9162.0
692.0	8914.0
693.0	9214.0
694.0	9120.0
695.0	9116.0
696.0	8732.0
697.0	8620.0
698.0	8798.0
699.0	8797.0
700.0	8657.0
701.0	8874.0
702.0	9098.0
703.0	9086.0
704.0	8568.0
705.0	8977.0
706.0	9187.0
707.0	9278.0
708.0	9127.0
709.0	9059.0
710.0	9200.0
711.0	8898.0
712.0	8775.0
713.0	8645.0
714.0	8892.0
715.0	8508.0
716.0	9059.0
717.0	8789.0
718.0	8697.0
719.0	9128.0
720.0	9288.0
721.0	9158.0
722.0	9027.0
723.0	9175.0
724.0	9156.0
725.0	8991.0
726.0	8793.0
727.0	8864.0
728.0	8512.0
729.0	8432.0
730.0	8933.0
731.0	9338.0
732.0	8598.0
733.0	9313.0
734.0	8807.0
735.0	8963.0
736.0	9141.0
737.0	8908.0
738.0	8688.0
739.0	8618.0
740.0	9442.0
741.0	9182.0
742.0	8805.0
743.0	9054.0
744.0	9057.0
745.0	8735.0
746.0	8948.0
747.0	8823.0
748.0	9237.0
749.0	9073.0
750.0	8942.0
751.0	9164.0
752.0	8403.0
753.0	9133.0
754.0	8979.0
755.0	8936.0
756.0	8987.0
757.0	9035.0
758.0	9023.0
759.0	8811.0
760.0	9215.0
761.0	8829.0
762.0	9131.0
763.0	9004.0
764.0	9124.0
765.0	8785.0
766.0	8761.0
767.0	9587.0
768.0	8849.0
769.0	9038.0
770.0	8801.0
771.0	8861.0
772.0	9069.0
773.0	8861.0
774.0	8992.0
775.0	9144.0
776.0	8827.0
777.0	8682.0
778.0	9047.0
779.0	9029.0
780.0	8829.0
781.0	8666.0
782.0	9184.0
783.0	9114.0
784.0	8910.0
785.0	8780.0
786.0	8760.0
787.0	8932.0
788.0	8878.0
789.0	8808.0
790.0	8895.0
791.0	8770.0
792.0	9048.0
793.0	9243.0
794.0	8931.0
795.0	9239.0
796.0	8812.0
797.0	9234.0
798.0	9035.0
799.0	9020.0
800.0	9154.0
