$itime = 500
$wv_start = 190.0
$hv = 1000
$grating = 2 1200 g/mm BLZ= 500  nm
$x_amps = 10
$x_volts = 45
$sample = DB2339
$date = 2023-07-04
$temp = 252.0
$wv_stop = 800.0
$time = 12:01:27.564000
$wv_step = 1.0
190.0	12321.0
191.0	12437.0
192.0	12523.0
193.0	11813.0
194.0	12228.0
195.0	12164.0
196.0	11980.0
197.0	12127.0
198.0	12488.0
199.0	12370.0
200.0	12833.0
201.0	12426.0
202.0	12804.0
203.0	12121.0
204.0	12683.0
205.0	11952.0
206.0	11852.0
207.0	12217.0
208.0	11863.0
209.0	11965.0
210.0	12470.0
211.0	11862.0
212.0	12238.0
213.0	11759.0
214.0	12293.0
215.0	12457.0
216.0	12259.0
217.0	11927.0
218.0	12107.0
219.0	12042.0
220.0	12658.0
221.0	11828.0
222.0	11953.0
223.0	12347.0
224.0	11823.0
225.0	11787.0
226.0	11797.0
227.0	12546.0
228.0	12215.0
229.0	12042.0
230.0	11822.0
231.0	12012.0
232.0	12863.0
233.0	12674.0
234.0	12461.0
235.0	12191.0
236.0	12441.0
237.0	12271.0
238.0	12323.0
239.0	12003.0
240.0	11906.0
241.0	12914.0
242.0	12461.0
243.0	12188.0
244.0	12602.0
245.0	12490.0
246.0	12552.0
247.0	12632.0
248.0	12445.0
249.0	12004.0
250.0	11801.0
251.0	12539.0
252.0	12317.0
253.0	12058.0
254.0	12171.0
255.0	12377.0
256.0	12233.0
257.0	12008.0
258.0	11803.0
259.0	11839.0
260.0	12433.0
261.0	12340.0
262.0	11886.0
263.0	12061.0
264.0	12479.0
265.0	12155.0
266.0	12203.0
267.0	12406.0
268.0	12469.0
269.0	12008.0
270.0	11741.0
271.0	12082.0
272.0	11865.0
273.0	12094.0
274.0	11850.0
275.0	12155.0
276.0	11859.0
277.0	12172.0
278.0	12164.0
279.0	12293.0
280.0	12478.0
281.0	12729.0
282.0	11896.0
283.0	12994.0
284.0	12550.0
285.0	12268.0
286.0	12377.0
287.0	12099.0
288.0	12509.0
289.0	12192.0
290.0	11976.0
291.0	12323.0
292.0	12135.0
293.0	12879.0
294.0	12950.0
295.0	12319.0
296.0	12238.0
297.0	12114.0
298.0	12054.0
299.0	12632.0
300.0	12103.0
301.0	12356.0
302.0	12010.0
303.0	11985.0
304.0	12434.0
305.0	12481.0
306.0	12798.0
307.0	12155.0
308.0	12399.0
309.0	12257.0
310.0	12769.0
311.0	12417.0
312.0	12559.0
313.0	12517.0
314.0	12643.0
315.0	12521.0
316.0	12842.0
317.0	12175.0
318.0	12988.0
319.0	12085.0
320.0	12376.0
321.0	11926.0
322.0	12371.0
323.0	12476.0
324.0	12279.0
325.0	12188.0
326.0	12234.0
327.0	12181.0
328.0	12388.0
329.0	12497.0
330.0	12684.0
331.0	12445.0
332.0	12103.0
333.0	12321.0
334.0	12499.0
335.0	12669.0
336.0	12835.0
337.0	12875.0
338.0	12454.0
339.0	12390.0
340.0	12187.0
341.0	11960.0
342.0	12339.0
343.0	12395.0
344.0	12130.0
345.0	12485.0
346.0	12507.0
347.0	12298.0
348.0	12393.0
349.0	12244.0
350.0	12104.0
351.0	12246.0
352.0	12389.0
353.0	12281.0
354.0	12554.0
355.0	12636.0
356.0	12576.0
357.0	12110.0
358.0	11929.0
359.0	12487.0
360.0	11812.0
361.0	12011.0
362.0	12007.0
363.0	12144.0
364.0	12012.0
365.0	12304.0
366.0	12188.0
367.0	12384.0
368.0	12394.0
369.0	12058.0
370.0	12403.0
371.0	12058.0
372.0	12229.0
373.0	12567.0
374.0	12403.0
375.0	12051.0
376.0	12073.0
377.0	12316.0
378.0	12557.0
379.0	12129.0
380.0	12071.0
381.0	12364.0
382.0	11786.0
383.0	12403.0
384.0	12343.0
385.0	12464.0
386.0	12126.0
387.0	12576.0
388.0	12103.0
389.0	13076.0
390.0	11976.0
391.0	12045.0
392.0	12799.0
393.0	12094.0
394.0	12044.0
395.0	12032.0
396.0	12145.0
397.0	12409.0
398.0	12481.0
399.0	12576.0
400.0	12295.0
401.0	12250.0
402.0	12512.0
403.0	12184.0
404.0	12007.0
405.0	12481.0
406.0	11751.0
407.0	12377.0
408.0	12109.0
409.0	11884.0
410.0	12373.0
411.0	12729.0
412.0	12385.0
413.0	12256.0
414.0	12281.0
415.0	11940.0
416.0	11906.0
417.0	12524.0
418.0	12546.0
419.0	12374.0
420.0	12511.0
421.0	12198.0
422.0	12550.0
423.0	12551.0
424.0	12598.0
425.0	12116.0
426.0	12198.0
427.0	12670.0
428.0	11835.0
429.0	11702.0
430.0	12058.0
431.0	12347.0
432.0	12329.0
433.0	12303.0
434.0	12414.0
435.0	11596.0
436.0	11915.0
437.0	12398.0
438.0	12563.0
439.0	12295.0
440.0	12538.0
441.0	12436.0
442.0	12761.0
443.0	12200.0
444.0	12805.0
445.0	12862.0
446.0	12319.0
447.0	12254.0
448.0	12556.0
449.0	12034.0
450.0	12197.0
451.0	12325.0
452.0	11999.0
453.0	12054.0
454.0	12030.0
455.0	12286.0
456.0	12199.0
457.0	12135.0
458.0	12729.0
459.0	12347.0
460.0	12237.0
461.0	12228.0
462.0	12085.0
463.0	13006.0
464.0	12309.0
465.0	12800.0
466.0	11941.0
467.0	11788.0
468.0	12360.0
469.0	11995.0
470.0	12724.0
471.0	11639.0
472.0	12388.0
473.0	12381.0
474.0	12145.0
475.0	11921.0
476.0	12719.0
477.0	12544.0
478.0	12284.0
479.0	12422.0
480.0	11833.0
481.0	12117.0
482.0	12693.0
483.0	12798.0
484.0	12463.0
485.0	12166.0
486.0	12368.0
487.0	11914.0
488.0	11962.0
489.0	12500.0
490.0	11990.0
491.0	11878.0
492.0	12341.0
493.0	12567.0
494.0	12303.0
495.0	12661.0
496.0	12197.0
497.0	11909.0
498.0	12105.0
499.0	12296.0
500.0	11691.0
501.0	12463.0
502.0	12364.0
503.0	12954.0
504.0	12415.0
505.0	12989.0
506.0	12157.0
507.0	12502.0
508.0	12479.0
509.0	12912.0
510.0	11892.0
511.0	11991.0
512.0	12515.0
513.0	12196.0
514.0	12829.0
515.0	12298.0
516.0	12368.0
517.0	12293.0
518.0	12171.0
519.0	12297.0
520.0	12680.0
521.0	12331.0
522.0	12898.0
523.0	12267.0
524.0	12651.0
525.0	12270.0
526.0	12471.0
527.0	12461.0
528.0	12670.0
529.0	12265.0
530.0	12449.0
531.0	12550.0
532.0	12269.0
533.0	12746.0
534.0	12045.0
535.0	12060.0
536.0	12500.0
537.0	12559.0
538.0	12394.0
539.0	12851.0
540.0	12441.0
541.0	12873.0
542.0	12242.0
543.0	12305.0
544.0	13177.0
545.0	12437.0
546.0	12696.0
547.0	12479.0
548.0	11931.0
549.0	12118.0
550.0	12316.0
551.0	12195.0
552.0	11996.0
553.0	12189.0
554.0	12734.0
555.0	12836.0
556.0	12925.0
557.0	11990.0
558.0	12667.0
559.0	12780.0
560.0	12339.0
561.0	12195.0
562.0	12518.0
563.0	12048.0
564.0	12652.0
565.0	12799.0
566.0	12174.0
567.0	12184.0
568.0	12658.0
569.0	12479.0
570.0	12151.0
571.0	12206.0
572.0	12512.0
573.0	12270.0
574.0	12289.0
575.0	12784.0
576.0	12257.0
577.0	12476.0
578.0	12417.0
579.0	11954.0
580.0	12237.0
581.0	12581.0
582.0	12748.0
583.0	12233.0
584.0	12001.0
585.0	12385.0
586.0	12787.0
587.0	12020.0
588.0	12160.0
589.0	12370.0
590.0	12647.0
591.0	12495.0
592.0	12294.0
593.0	12521.0
594.0	12195.0
595.0	11983.0
596.0	12243.0
597.0	12124.0
598.0	12463.0
599.0	12213.0
600.0	12505.0
601.0	12352.0
602.0	12486.0
603.0	11971.0
604.0	11876.0
605.0	12908.0
606.0	11893.0
607.0	11658.0
608.0	12435.0
609.0	12763.0
610.0	12347.0
611.0	12499.0
612.0	12492.0
613.0	11500.0
614.0	12488.0
615.0	12520.0
616.0	12209.0
617.0	12080.0
618.0	12408.0
619.0	12740.0
620.0	12271.0
621.0	12498.0
622.0	12265.0
623.0	12309.0
624.0	12159.0
625.0	12116.0
626.0	11895.0
627.0	12551.0
628.0	12434.0
629.0	12217.0
630.0	12495.0
631.0	12376.0
632.0	12476.0
633.0	12416.0
634.0	12049.0
635.0	12376.0
636.0	12293.0
637.0	12086.0
638.0	12479.0
639.0	11959.0
640.0	12492.0
641.0	12395.0
642.0	12182.0
643.0	12279.0
644.0	12549.0
645.0	12165.0
646.0	12612.0
647.0	12539.0
648.0	12381.0
649.0	12507.0
650.0	12541.0
651.0	12039.0
652.0	12653.0
653.0	12509.0
654.0	12279.0
655.0	12233.0
656.0	12411.0
657.0	12816.0
658.0	12472.0
659.0	12364.0
660.0	11985.0
661.0	11712.0
662.0	12591.0
663.0	12034.0
664.0	12551.0
665.0	11557.0
666.0	12340.0
667.0	12506.0
668.0	11899.0
669.0	12354.0
670.0	12186.0
671.0	12200.0
672.0	12448.0
673.0	12158.0
674.0	12567.0
675.0	12245.0
676.0	12299.0
677.0	12268.0
678.0	12166.0
679.0	12094.0
680.0	12328.0
681.0	12463.0
682.0	12550.0
683.0	13023.0
684.0	12211.0
685.0	12127.0
686.0	12002.0
687.0	12294.0
688.0	12027.0
689.0	12825.0
690.0	12669.0
691.0	12589.0
692.0	12033.0
693.0	12600.0
694.0	12258.0
695.0	12240.0
696.0	12479.0
697.0	12613.0
698.0	12158.0
699.0	12398.0
700.0	12306.0
701.0	12411.0
702.0	12180.0
703.0	12211.0
704.0	12035.0
705.0	12644.0
706.0	12408.0
707.0	12514.0
708.0	12156.0
709.0	12551.0
710.0	12746.0
711.0	12747.0
712.0	12277.0
713.0	12093.0
714.0	12068.0
715.0	12020.0
716.0	12295.0
717.0	12096.0
718.0	12488.0
719.0	12802.0
720.0	12551.0
721.0	12630.0
722.0	12736.0
723.0	12568.0
724.0	12865.0
725.0	11868.0
726.0	12576.0
727.0	12162.0
728.0	12576.0
729.0	12179.0
730.0	12146.0
731.0	12438.0
732.0	12741.0
733.0	12210.0
734.0	12364.0
735.0	12935.0
736.0	12446.0
737.0	12410.0
738.0	12115.0
739.0	12357.0
740.0	11866.0
741.0	12180.0
742.0	12654.0
743.0	12171.0
744.0	12602.0
745.0	12529.0
746.0	12182.0
747.0	11766.0
748.0	12145.0
749.0	12017.0
750.0	12096.0
751.0	12158.0
752.0	12246.0
753.0	12622.0
754.0	12201.0
755.0	11529.0
756.0	12314.0
757.0	12727.0
758.0	11933.0
759.0	12487.0
760.0	12575.0
761.0	12423.0
762.0	12408.0
763.0	12382.0
764.0	11963.0
765.0	12449.0
766.0	12009.0
767.0	12430.0
768.0	12063.0
769.0	11893.0
770.0	12420.0
771.0	12481.0
772.0	12566.0
773.0	11828.0
774.0	12258.0
775.0	12634.0
776.0	12653.0
777.0	12590.0
778.0	12175.0
779.0	11865.0
780.0	12636.0
781.0	12407.0
782.0	11969.0
783.0	12269.0
784.0	12175.0
785.0	12415.0
786.0	12346.0
787.0	12781.0
788.0	12226.0
789.0	12352.0
790.0	11949.0
791.0	11846.0
792.0	12385.0
793.0	12187.0
794.0	12409.0
795.0	12493.0
796.0	12016.0
797.0	12411.0
798.0	12118.0
799.0	12286.0
800.0	12576.0
