$itime = 500
$wv_start = 190.0
$hv = 1000
$grating = 2 1200 g/mm BLZ= 500  nm
$x_amps = 10
$x_volts = 45
$sample = DB2339
$date = 2023-07-04
$temp = 42.0
$wv_stop = 800.0
$time = 12:01:27.564000
$wv_step = 1.0
190.0	14086.0
191.0	14453.0
192.0	14537.0
193.0	14348.0
194.0	14093.0
195.0	14324.0
196.0	14182.0
197.0	14079.0
198.0	14186.0
199.0	13650.0
200.0	14291.0
201.0	14539.0
202.0	13397.0
203.0	13812.0
204.0	14101.0
205.0	14092.0
206.0	14256.0
207.0	13732.0
208.0	14668.0
209.0	14109.0
210.0	14870.0
211.0	14304.0
212.0	14156.0
213.0	14478.0
214.0	13305.0
215.0	14082.0
216.0	14472.0
217.0	13544.0
218.0	14144.0
219.0	13733.0
220.0	13695.0
221.0	13824.0
222.0	14306.0
223.0	14037.0
224.0	14098.0
225.0	13866.0
226.0	14624.0
227.0	13424.0
228.0	14164.0
229.0	14542.0
230.0	14273.0
231.0	13573.0
232.0	14560.0
233.0	14435.0
234.0	13952.0
235.0	14071.0
236.0	14377.0
237.0	14408.0
238.0	14139.0
239.0	14639.0
240.0	14020.0
241.0	14187.0
242.0	14277.0
243.0	14427.0
244.0	14582.0
245.0	13786.0
246.0	14652.0
247.0	14307.0
248.0	14238.0
249.0	14460.0
250.0	14181.0
251.0	14247.0
252.0	13724.0
253.0	14588.0
254.0	14001.0
255.0	13929.0
256.0	14180.0
257.0	14070.0
258.0	13737.0
259.0	14235.0
260.0	14304.0
261.0	14897.0
262.0	14167.0
263.0	14052.0
264.0	14380.0
265.0	14387.0
266.0	14088.0
267.0	14654.0
268.0	14622.0
269.0	14440.0
270.0	14572.0
271.0	14219.0
272.0	14105.0
273.0	14594.0
274.0	14075.0
275.0	14076.0
276.0	14383.0
277.0	14182.0
278.0	14167.0
279.0	14333.0
280.0	13687.0
281.0	14650.0
282.0	14068.0
283.0	14545.0
284.0	14512.0
285.0	14362.0
286.0	14500.0
287.0	14647.0
288.0	14314.0
289.0	14027.0
290.0	14350.0
291.0	14005.0
292.0	14077.0
293.0	14301.0
294.0	13963.0
295.0	13665.0
296.0	15021.0
297.0	14478.0
298.0	14189.0
299.0	14152.0
300.0	14595.0
301.0	14047.0
302.0	14144.0
303.0	14159.0
304.0	14412.0
305.0	14818.0
306.0	13958.0
307.0	14100.0
308.0	14499.0
309.0	14379.0
310.0	14551.0
311.0	13517.0
312.0	14249.0
313.0	14295.0
314.0	14271.0
315.0	14582.0
316.0	14176.0
317.0	14479.0
318.0	13660.0
319.0	14235.0
320.0	13955.0
321.0	14457.0
322.0	14090.0
323.0	14867.0
324.0	14056.0
325.0	14479.0
326.0	14693.0
327.0	14645.0
328.0	14435.0
329.0	14018.0
330.0	14166.0
331.0	14951.0
332.0	14746.0
333.0	14130.0
334.0	14350.0
335.0	14148.0
336.0	14037.0
337.0	14067.0
338.0	14164.0
339.0	13858.0
340.0	14312.0
341.0	14280.0
342.0	14118.0
343.0	14537.0
344.0	14242.0
345.0	14350.0
346.0	13580.0
347.0	13882.0
348.0	14251.0
349.0	14571.0
350.0	14251.0
351.0	14333.0
352.0	14410.0
353.0	13810.0
354.0	14551.0
355.0	14235.0
356.0	14103.0
357.0	14310.0
358.0	14732.0
359.0	14758.0
360.0	13737.0
361.0	13895.0
362.0	14408.0
363.0	14144.0
364.0	14304.0
365.0	14180.0
366.0	13902.0
367.0	14012.0
368.0	14099.0
369.0	13888.0
370.0	14024.0
371.0	13632.0
372.0	14361.0
373.0	14208.0
374.0	14177.0
375.0	14274.0
376.0	14168.0
377.0	13688.0
378.0	13866.0
379.0	13968.0
380.0	14365.0
381.0	14220.0
382.0	14125.0
383.0	14616.0
384.0	14277.0
385.0	14419.0
386.0	14434.0
387.0	14626.0
388.0	14193.0
389.0	14867.0
390.0	14191.0
391.0	14570.0
392.0	14324.0
393.0	14230.0
394.0	14030.0
395.0	13975.0
396.0	14339.0
397.0	13917.0
398.0	14623.0
399.0	14371.0
400.0	13932.0
401.0	14529.0
402.0	14187.0
403.0	14353.0
404.0	13970.0
405.0	14344.0
406.0	14263.0
407.0	14554.0
408.0	14690.0
409.0	14717.0
410.0	14109.0
411.0	13810.0
412.0	14410.0
413.0	14364.0
414.0	13796.0
415.0	14233.0
416.0	14524.0
417.0	13995.0
418.0	14393.0
419.0	14172.0
420.0	14355.0
421.0	14910.0
422.0	14564.0
423.0	14349.0
424.0	13896.0
425.0	14388.0
426.0	14304.0
427.0	14689.0
428.0	14426.0
429.0	13984.0
430.0	14464.0
431.0	14097.0
432.0	14273.0
433.0	14585.0
434.0	14894.0
435.0	14407.0
436.0	14355.0
437.0	13944.0
438.0	14584.0
439.0	13934.0
440.0	14740.0
441.0	13875.0
442.0	14490.0
443.0	14476.0
444.0	14349.0
445.0	14119.0
446.0	14216.0
447.0	14140.0
448.0	14244.0
449.0	13527.0
450.0	14045.0
451.0	14046.0
452.0	14249.0
453.0	14798.0
454.0	13792.0
455.0	14396.0
456.0	14389.0
457.0	14214.0
458.0	14167.0
459.0	14439.0
460.0	14746.0
461.0	14951.0
462.0	14570.0
463.0	14367.0
464.0	14553.0
465.0	14624.0
466.0	14861.0
467.0	14738.0
468.0	13908.0
469.0	13667.0
470.0	14398.0
471.0	14642.0
472.0	14200.0
473.0	14637.0
474.0	14625.0
475.0	14307.0
476.0	13875.0
477.0	15035.0
478.0	14200.0
479.0	14425.0
480.0	15131.0
481.0	15109.0
482.0	15048.0
483.0	14525.0
484.0	14787.0
485.0	14180.0
486.0	14616.0
487.0	14406.0
488.0	14659.0
489.0	14735.0
490.0	14182.0
491.0	14576.0
492.0	14477.0
493.0	14169.0
494.0	13987.0
495.0	15048.0
496.0	13930.0
497.0	14451.0
498.0	14511.0
499.0	14790.0
500.0	14333.0
501.0	15141.0
502.0	14755.0
503.0	14693.0
504.0	14682.0
505.0	14473.0
506.0	14377.0
507.0	14102.0
508.0	14105.0
509.0	14012.0
510.0	14165.0
511.0	14300.0
512.0	15098.0
513.0	14823.0
514.0	14319.0
515.0	14793.0
516.0	14166.0
517.0	14521.0
518.0	14176.0
519.0	14386.0
520.0	14419.0
521.0	14624.0
522.0	14151.0
523.0	14841.0
524.0	14177.0
525.0	14177.0
526.0	14180.0
527.0	14611.0
528.0	14411.0
529.0	14918.0
530.0	14304.0
531.0	14664.0
532.0	14496.0
533.0	14529.0
534.0	14243.0
535.0	14902.0
536.0	14380.0
537.0	14346.0
538.0	14512.0
539.0	14837.0
540.0	14696.0
541.0	14357.0
542.0	14851.0
543.0	14650.0
544.0	14689.0
545.0	15146.0
546.0	14043.0
547.0	14251.0
548.0	14682.0
549.0	14635.0
550.0	14508.0
551.0	14253.0
552.0	14544.0
553.0	14738.0
554.0	14758.0
555.0	14136.0
556.0	14758.0
557.0	14304.0
558.0	14752.0
559.0	14332.0
560.0	13967.0
561.0	13766.0
562.0	14664.0
563.0	14411.0
564.0	14556.0
565.0	14776.0
566.0	14362.0
567.0	14977.0
568.0	14942.0
569.0	14179.0
570.0	14731.0
571.0	13822.0
572.0	14303.0
573.0	14145.0
574.0	14656.0
575.0	14902.0
576.0	14026.0
577.0	14344.0
578.0	14648.0
579.0	14134.0
580.0	14214.0
581.0	14220.0
582.0	14107.0
583.0	14259.0
584.0	14641.0
585.0	14762.0
586.0	14419.0
587.0	14570.0
588.0	14618.0
589.0	14868.0
590.0	13654.0
591.0	14744.0
592.0	14058.0
593.0	14746.0
594.0	13477.0
595.0	14438.0
596.0	14283.0
597.0	14553.0
598.0	14023.0
599.0	14426.0
600.0	13913.0
601.0	14642.0
602.0	14441.0
603.0	13933.0
604.0	14159.0
605.0	14399.0
606.0	14509.0
607.0	14618.0
608.0	14019.0
609.0	13912.0
610.0	15295.0
611.0	14189.0
612.0	14338.0
613.0	14069.0
614.0	14029.0
615.0	14722.0
616.0	13821.0
617.0	14573.0
618.0	14667.0
619.0	14223.0
620.0	14650.0
621.0	14383.0
622.0	14512.0
623.0	14415.0
624.0	14532.0
625.0	13990.0
626.0	14016.0
627.0	14980.0
628.0	14471.0
629.0	14344.0
630.0	14069.0
631.0	14554.0
632.0	14303.0
633.0	14440.0
634.0	14534.0
635.0	13739.0
636.0	13966.0
637.0	14253.0
638.0	14383.0
639.0	13531.0
640.0	14164.0
641.0	14158.0
642.0	14269.0
643.0	14399.0
644.0	14419.0
645.0	14242.0
646.0	14380.0
647.0	14782.0
648.0	14401.0
649.0	13985.0
650.0	14723.0
651.0	14197.0
652.0	14576.0
653.0	14179.0
654.0	14748.0
655.0	13852.0
656.0	14499.0
657.0	14409.0
658.0	14190.0
659.0	14824.0
660.0	14114.0
661.0	14275.0
662.0	14028.0
663.0	14396.0
664.0	14269.0
665.0	14698.0
666.0	14097.0
667.0	13998.0
668.0	13733.0
669.0	14277.0
670.0	14187.0
671.0	14451.0
672.0	14989.0
673.0	14333.0
674.0	14303.0
675.0	14231.0
676.0	14163.0
677.0	14547.0
678.0	14052.0
679.0	14161.0
680.0	14575.0
681.0	14362.0
682.0	13961.0
683.0	14490.0
684.0	13930.0
685.0	14307.0
686.0	14396.0
687.0	14609.0
688.0	14175.0
689.0	15094.0
690.0	14163.0
691.0	14166.0
692.0	14212.0
693.0	14617.0
694.0	14045.0
695.0	14378.0
696.0	14349.0
697.0	14632.0
698.0	14182.0
699.0	14704.0
700.0	14134.0
701.0	14099.0
702.0	14067.0
703.0	13895.0
704.0	14240.0
705.0	14247.0
706.0	14027.0
707.0	14466.0
708.0	14923.0
709.0	14306.0
710.0	14433.0
711.0	13914.0
712.0	14265.0
713.0	14676.0
714.0	14447.0
715.0	14260.0
716.0	14391.0
717.0	14309.0
718.0	14460.0
719.0	14431.0
720.0	14371.0
721.0	13999.0
722.0	14166.0
723.0	14229.0
724.0	14732.0
725.0	14247.0
726.0	14339.0
727.0	14406.0
728.0	14726.0
729.0	14778.0
730.0	14826.0
731.0	15001.0
732.0	14643.0
733.0	13562.0
734.0	14086.0
735.0	14044.0
736.0	14040.0
737.0	14661.0
738.0	14396.0
739.0	14108.0
740.0	13970.0
741.0	13752.0
742.0	14477.0
743.0	14166.0
744.0	14240.0
745.0	14462.0
746.0	14144.0
747.0	14547.0
748.0	14438.0
749.0	14415.0
750.0	14722.0
751.0	13994.0
752.0	14266.0
753.0	14182.0
754.0	14570.0
755.0	13989.0
756.0	14148.0
757.0	14301.0
758.0	15052.0
759.0	14101.0
760.0	14327.0
761.0	14575.0
762.0	14568.0
763.0	14209.0
764.0	14126.0
765.0	14678.0
766.0	14400.0
767.0	14409.0
768.0	14304.0
769.0	14689.0
770.0	13956.0
771.0	14324.0
772.0	14108.0
773.0	14645.0
774.0	13874.0
775.0	14026.0
776.0	14191.0
777.0	14155.0
778.0	14041.0
779.0	14753.0
780.0	14807.0
781.0	14411.0
782.0	14339.0
783.0	14093.0
784.0	14289.0
785.0	14339.0
786.0	14611.0
787.0	14802.0
788.0	14792.0
789.0	13883.0
790.0	14355.0
791.0	14820.0
792.0	14283.0
793.0	14673.0
794.0	14151.0
795.0	14853.0
796.0	14500.0
797.0	14581.0
798.0	14207.0
799.0	13843.0
800.0	14694.0
