$itime = 500
$wv_start = 190.0
$hv = 1000
$grating = 2 1200 g/mm BLZ= 500  nm
$x_amps = 10
$x_volts = 45
$sample = DB2339
$date = 2023-07-04
$temp = 102.0
$wv_stop = 800.0
$time = 12:01:27.564000
$wv_step = 1.0
190.0	13401.0
191.0	13546.0
192.0	13556.0
193.0	13655.0
194.0	13937.0
195.0	13509.0
196.0	13236.0
197.0	14155.0
198.0	13639.0
199.0	13517.0
200.0	13450.0
201.0	14178.0
202.0	13792.0
203.0	13812.0
204.0	13462.0
205.0	13560.0
206.0	13455.0
207.0	13688.0
208.0	13593.0
209.0	13286.0
210.0	13872.0
211.0	13659.0
212.0	13203.0
213.0	13571.0
214.0	14004.0
215.0	13765.0
216.0	13812.0
217.0	13836.0
218.0	13718.0
219.0	13932.0
220.0	13288.0
221.0	13879.0
222.0	13934.0
223.0	13176.0
224.0	13380.0
225.0	13571.0
226.0	13818.0
227.0	13564.0
228.0	13321.0
229.0	13659.0
230.0	13766.0
231.0	13678.0
232.0	13928.0
233.0	14234.0
234.0	13108.0
235.0	13542.0
236.0	13569.0
237.0	13667.0
238.0	13719.0
239.0	13493.0
240.0	13014.0
241.0	13791.0
242.0	13365.0
243.0	13882.0
244.0	13358.0
245.0	13323.0
246.0	14289.0
247.0	13683.0
248.0	14008.0
249.0	13984.0
250.0	13961.0
251.0	14166.0
252.0	13744.0
253.0	13144.0
254.0	13654.0
255.0	13993.0
256.0	14005.0
257.0	13888.0
258.0	13449.0
259.0	13852.0
260.0	13931.0
261.0	14045.0
262.0	14189.0
263.0	13979.0
264.0	13955.0
265.0	13555.0
266.0	13834.0
267.0	13332.0
268.0	13704.0
269.0	13502.0
270.0	14271.0
271.0	13239.0
272.0	13987.0
273.0	13744.0
274.0	13829.0
275.0	13705.0
276.0	13724.0
277.0	13492.0
278.0	13853.0
279.0	13490.0
280.0	13743.0
281.0	13547.0
282.0	13586.0
283.0	13942.0
284.0	13604.0
285.0	14173.0
286.0	13972.0
287.0	13636.0
288.0	13299.0
289.0	14313.0
290.0	14246.0
291.0	14093.0
292.0	13786.0
293.0	13701.0
294.0	14204.0
295.0	13795.0
296.0	14011.0
297.0	14452.0
298.0	13252.0
299.0	13958.0
300.0	14352.0
301.0	13651.0
302.0	14041.0
303.0	14151.0
304.0	13085.0
305.0	13851.0
306.0	13899.0
307.0	14135.0
308.0	14254.0
309.0	13857.0
310.0	14035.0
311.0	14211.0
312.0	13438.0
313.0	14385.0
314.0	13586.0
315.0	13883.0
316.0	13210.0
317.0	13650.0
318.0	13655.0
319.0	13132.0
320.0	13321.0
321.0	13205.0
322.0	13577.0
323.0	13925.0
324.0	13875.0
325.0	13801.0
326.0	13852.0
327.0	13523.0
328.0	13440.0
329.0	13930.0
330.0	13828.0
331.0	14289.0
332.0	13633.0
333.0	13560.0
334.0	13633.0
335.0	13735.0
336.0	14170.0
337.0	14187.0
338.0	13836.0
339.0	14166.0
340.0	14225.0
341.0	14275.0
342.0	13926.0
343.0	13691.0
344.0	13314.0
345.0	13921.0
346.0	14080.0
347.0	14187.0
348.0	13541.0
349.0	13376.0
350.0	13614.0
351.0	13908.0
352.0	14049.0
353.0	13347.0
354.0	13155.0
355.0	13623.0
356.0	14426.0
357.0	13622.0
358.0	13719.0
359.0	13186.0
360.0	13864.0
361.0	13711.0
362.0	13560.0
363.0	13463.0
364.0	13706.0
365.0	13835.0
366.0	13661.0
367.0	14233.0
368.0	13763.0
369.0	13993.0
370.0	13722.0
371.0	13940.0
372.0	13916.0
373.0	13985.0
374.0	14196.0
375.0	13695.0
376.0	14156.0
377.0	13641.0
378.0	13866.0
379.0	13708.0
380.0	14341.0
381.0	13491.0
382.0	13454.0
383.0	13978.0
384.0	14269.0
385.0	13725.0
386.0	13604.0
387.0	14005.0
388.0	13560.0
389.0	13830.0
390.0	13932.0
391.0	13744.0
392.0	14430.0
393.0	13950.0
394.0	14236.0
395.0	14219.0
396.0	13660.0
397.0	14032.0
398.0	13611.0
399.0	13155.0
400.0	13715.0
401.0	14004.0
402.0	13992.0
403.0	13804.0
404.0	13392.0
405.0	14070.0
406.0	13252.0
407.0	13743.0
408.0	13707.0
409.0	13833.0
410.0	13836.0
411.0	13804.0
412.0	13836.0
413.0	13706.0
414.0	13990.0
415.0	14089.0
416.0	13837.0
417.0	14037.0
418.0	13414.0
419.0	13825.0
420.0	14187.0
421.0	13759.0
422.0	13832.0
423.0	13794.0
424.0	13683.0
425.0	13396.0
426.0	13970.0
427.0	14329.0
428.0	13492.0
429.0	14119.0
430.0	13816.0
431.0	13458.0
432.0	14095.0
433.0	13528.0
434.0	14185.0
435.0	13603.0
436.0	14272.0
437.0	13653.0
438.0	13907.0
439.0	13343.0
440.0	14184.0
441.0	14149.0
442.0	14156.0
443.0	14263.0
444.0	13972.0
445.0	13854.0
446.0	13629.0
447.0	14040.0
448.0	13491.0
449.0	13740.0
450.0	13551.0
451.0	13553.0
452.0	14062.0
453.0	13866.0
454.0	13623.0
455.0	14107.0
456.0	14016.0
457.0	13733.0
458.0	13984.0
459.0	14206.0
460.0	13926.0
461.0	13483.0
462.0	13807.0
463.0	13958.0
464.0	13715.0
465.0	13374.0
466.0	13857.0
467.0	13808.0
468.0	13692.0
469.0	14178.0
470.0	13546.0
471.0	13732.0
472.0	14513.0
473.0	13263.0
474.0	13548.0
475.0	13911.0
476.0	13667.0
477.0	13868.0
478.0	13856.0
479.0	14241.0
480.0	14588.0
481.0	14834.0
482.0	14345.0
483.0	13732.0
484.0	14021.0
485.0	13722.0
486.0	14171.0
487.0	14296.0
488.0	13930.0
489.0	14284.0
490.0	13866.0
491.0	13885.0
492.0	13865.0
493.0	13586.0
494.0	14167.0
495.0	14060.0
496.0	13939.0
497.0	14255.0
498.0	13936.0
499.0	14134.0
500.0	14285.0
501.0	14318.0
502.0	14231.0
503.0	14677.0
504.0	14661.0
505.0	14402.0
506.0	13876.0
507.0	14305.0
508.0	13816.0
509.0	14115.0
510.0	13533.0
511.0	13963.0
512.0	14148.0
513.0	13805.0
514.0	14095.0
515.0	14179.0
516.0	13945.0
517.0	14354.0
518.0	13938.0
519.0	13644.0
520.0	14023.0
521.0	13888.0
522.0	13450.0
523.0	14225.0
524.0	14207.0
525.0	14304.0
526.0	14032.0
527.0	14098.0
528.0	13941.0
529.0	13615.0
530.0	14094.0
531.0	14365.0
532.0	13871.0
533.0	13613.0
534.0	14212.0
535.0	13655.0
536.0	14006.0
537.0	13821.0
538.0	13914.0
539.0	13819.0
540.0	14219.0
541.0	13727.0
542.0	13715.0
543.0	13691.0
544.0	13636.0
545.0	13830.0
546.0	13749.0
547.0	14258.0
548.0	14370.0
549.0	14123.0
550.0	13683.0
551.0	14192.0
552.0	14120.0
553.0	13926.0
554.0	14229.0
555.0	13782.0
556.0	13867.0
557.0	14269.0
558.0	14040.0
559.0	13531.0
560.0	13860.0
561.0	13153.0
562.0	14101.0
563.0	13704.0
564.0	14149.0
565.0	13405.0
566.0	13860.0
567.0	14109.0
568.0	13881.0
569.0	14056.0
570.0	13637.0
571.0	14587.0
572.0	13460.0
573.0	13830.0
574.0	13704.0
575.0	13862.0
576.0	14321.0
577.0	13719.0
578.0	13992.0
579.0	13831.0
580.0	14046.0
581.0	13958.0
582.0	14094.0
583.0	13770.0
584.0	13701.0
585.0	13979.0
586.0	14188.0
587.0	14051.0
588.0	14539.0
589.0	14105.0
590.0	13950.0
591.0	13832.0
592.0	13964.0
593.0	13841.0
594.0	13862.0
595.0	14101.0
596.0	13735.0
597.0	14532.0
598.0	13921.0
599.0	13865.0
600.0	13603.0
601.0	14082.0
602.0	13665.0
603.0	14343.0
604.0	13340.0
605.0	13702.0
606.0	14144.0
607.0	13973.0
608.0	13596.0
609.0	14041.0
610.0	13810.0
611.0	13348.0
612.0	13680.0
613.0	13175.0
614.0	14089.0
615.0	13893.0
616.0	13802.0
617.0	13415.0
618.0	13497.0
619.0	14134.0
620.0	13919.0
621.0	13464.0
622.0	13364.0
623.0	13962.0
624.0	13831.0
625.0	14011.0
626.0	13773.0
627.0	13859.0
628.0	13417.0
629.0	13641.0
630.0	13935.0
631.0	14372.0
632.0	13736.0
633.0	14196.0
634.0	13629.0
635.0	14178.0
636.0	13744.0
637.0	14143.0
638.0	13746.0
639.0	13571.0
640.0	13898.0
641.0	13786.0
642.0	13716.0
643.0	14078.0
644.0	14087.0
645.0	13369.0
646.0	14182.0
647.0	13919.0
648.0	14228.0
649.0	13409.0
650.0	13844.0
651.0	13458.0
652.0	13526.0
653.0	13404.0
654.0	13857.0
655.0	13793.0
656.0	13560.0
657.0	13953.0
658.0	14083.0
659.0	13255.0
660.0	13691.0
661.0	14425.0
662.0	14085.0
663.0	14029.0
664.0	14245.0
665.0	13578.0
666.0	14045.0
667.0	13840.0
668.0	13346.0
669.0	13837.0
670.0	13560.0
671.0	14370.0
672.0	13664.0
673.0	14115.0
674.0	13650.0
675.0	14031.0
676.0	13702.0
677.0	14030.0
678.0	13944.0
679.0	13549.0
680.0	13443.0
681.0	13149.0
682.0	13334.0
683.0	13179.0
684.0	13544.0
685.0	13821.0
686.0	13496.0
687.0	14040.0
688.0	13470.0
689.0	14156.0
690.0	14132.0
691.0	13835.0
692.0	14027.0
693.0	13798.0
694.0	13407.0
695.0	13498.0
696.0	13889.0
697.0	13451.0
698.0	13533.0
699.0	13433.0
700.0	13129.0
701.0	13744.0
702.0	13732.0
703.0	13851.0
704.0	13713.0
705.0	14051.0
706.0	13522.0
707.0	13835.0
708.0	14539.0
709.0	14075.0
710.0	13510.0
711.0	13816.0
712.0	14183.0
713.0	14128.0
714.0	13700.0
715.0	14163.0
716.0	13994.0
717.0	14484.0
718.0	13306.0
719.0	14106.0
720.0	14167.0
721.0	13603.0
722.0	13247.0
723.0	13546.0
724.0	13684.0
725.0	13521.0
726.0	14161.0
727.0	14300.0
728.0	14131.0
729.0	13922.0
730.0	13693.0
731.0	13665.0
732.0	14158.0
733.0	13674.0
734.0	13936.0
735.0	14318.0
736.0	13609.0
737.0	13441.0
738.0	13968.0
739.0	14415.0
740.0	13755.0
741.0	13923.0
742.0	13169.0
743.0	13250.0
744.0	13370.0
745.0	13735.0
746.0	13413.0
747.0	14112.0
748.0	13553.0
749.0	14076.0
750.0	14166.0
751.0	13655.0
752.0	14170.0
753.0	14190.0
754.0	14130.0
755.0	14074.0
756.0	13902.0
757.0	13948.0
758.0	13658.0
759.0	13252.0
760.0	13802.0
761.0	14537.0
762.0	14236.0
763.0	13733.0
764.0	13914.0
765.0	13812.0
766.0	13696.0
767.0	13613.0
768.0	13722.0
769.0	13583.0
770.0	13737.0
771.0	13927.0
772.0	13329.0
773.0	14107.0
774.0	13345.0
775.0	14537.0
776.0	13556.0
777.0	13494.0
778.0	14277.0
779.0	13775.0
780.0	13650.0
781.0	13685.0
782.0	13680.0
783.0	13831.0
784.0	14384.0
785.0	13399.0
786.0	13893.0
787.0	13638.0
788.0	14246.0
789.0	13363.0
790.0	13657.0
791.0	13970.0
792.0	13955.0
793.0	13613.0
794.0	13852.0
795.0	13486.0
796.0	13719.0
797.0	13804.0
798.0	14095.0
799.0	13718.0
800.0	13985.0
