$itime = 500
$wv_start = 190.0
$hv = 1000
$grating = 2 1200 g/mm BLZ= 500  nm
$x_amps = 10
$x_volts = 45
$sample = DB2339
$date = 2023-07-04
$temp = 222.0
$wv_stop = 800.0
$time = 12:01:27.564000
$wv_step = 1.0
190.0	12455.0
191.0	12104.0
192.0	12109.0
193.0	12671.0
194.0	12108.0
195.0	12718.0
196.0	12441.0
197.0	12476.0
198.0	12839.0
199.0	12746.0
200.0	12876.0
201.0	12714.0
202.0	12200.0
203.0	12316.0
204.0	12446.0
205.0	12184.0
206.0	12821.0
207.0	12905.0
208.0	12209.0
209.0	12274.0
210.0	12549.0
211.0	12199.0
212.0	12568.0
213.0	12561.0
214.0	12417.0
215.0	12390.0
216.0	12899.0
217.0	12876.0
218.0	12510.0
219.0	12438.0
220.0	12314.0
221.0	12454.0
222.0	12417.0
223.0	12515.0
224.0	12536.0
225.0	12428.0
226.0	12503.0
227.0	12453.0
228.0	12420.0
229.0	12730.0
230.0	12943.0
231.0	12404.0
232.0	12672.0
233.0	12166.0
234.0	12550.0
235.0	12563.0
236.0	12930.0
237.0	12260.0
238.0	12452.0
239.0	12935.0
240.0	12976.0
241.0	12613.0
242.0	12381.0
243.0	12523.0
244.0	12122.0
245.0	12848.0
246.0	12948.0
247.0	12687.0
248.0	12862.0
249.0	12888.0
250.0	12994.0
251.0	12102.0
252.0	12736.0
253.0	12209.0
254.0	12762.0
255.0	11842.0
256.0	12993.0
257.0	12509.0
258.0	12407.0
259.0	12278.0
260.0	12321.0
261.0	13032.0
262.0	12767.0
263.0	12355.0
264.0	12390.0
265.0	12729.0
266.0	12879.0
267.0	12361.0
268.0	12302.0
269.0	12523.0
270.0	12660.0
271.0	12617.0
272.0	12654.0
273.0	12255.0
274.0	12446.0
275.0	12475.0
276.0	12672.0
277.0	12442.0
278.0	12914.0
279.0	12989.0
280.0	13017.0
281.0	13613.0
282.0	12806.0
283.0	12683.0
284.0	12736.0
285.0	12309.0
286.0	12518.0
287.0	12536.0
288.0	12449.0
289.0	12480.0
290.0	12948.0
291.0	12703.0
292.0	13008.0
293.0	12567.0
294.0	12736.0
295.0	13080.0
296.0	13333.0
297.0	12559.0
298.0	12392.0
299.0	12502.0
300.0	12295.0
301.0	12785.0
302.0	12339.0
303.0	12662.0
304.0	12343.0
305.0	13128.0
306.0	12583.0
307.0	12843.0
308.0	12357.0
309.0	12536.0
310.0	12460.0
311.0	12686.0
312.0	13090.0
313.0	12589.0
314.0	12183.0
315.0	12912.0
316.0	12404.0
317.0	12491.0
318.0	13158.0
319.0	12297.0
320.0	13110.0
321.0	12272.0
322.0	12739.0
323.0	12907.0
324.0	13067.0
325.0	12655.0
326.0	12257.0
327.0	12517.0
328.0	12871.0
329.0	12552.0
330.0	12663.0
331.0	12416.0
332.0	12718.0
333.0	12300.0
334.0	12742.0
335.0	12424.0
336.0	12434.0
337.0	12198.0
338.0	12100.0
339.0	12565.0
340.0	12740.0
341.0	13018.0
342.0	12539.0
343.0	12386.0
344.0	13094.0
345.0	12873.0
346.0	12409.0
347.0	12463.0
348.0	12523.0
349.0	12445.0
350.0	12872.0
351.0	13081.0
352.0	13163.0
353.0	12574.0
354.0	12153.0
355.0	12616.0
356.0	12576.0
357.0	12117.0
358.0	12250.0
359.0	12194.0
360.0	12281.0
361.0	11850.0
362.0	12409.0
363.0	12186.0
364.0	12579.0
365.0	12772.0
366.0	12994.0
367.0	12248.0
368.0	12754.0
369.0	12523.0
370.0	12077.0
371.0	12277.0
372.0	12542.0
373.0	12689.0
374.0	12660.0
375.0	12429.0
376.0	12589.0
377.0	12546.0
378.0	12576.0
379.0	12546.0
380.0	12613.0
381.0	12548.0
382.0	12889.0
383.0	12639.0
384.0	12560.0
385.0	12576.0
386.0	12546.0
387.0	12203.0
388.0	12552.0
389.0	12277.0
390.0	12481.0
391.0	12122.0
392.0	12406.0
393.0	12035.0
394.0	12569.0
395.0	12870.0
396.0	12603.0
397.0	13256.0
398.0	12517.0
399.0	12433.0
400.0	12873.0
401.0	12045.0
402.0	12154.0
403.0	12575.0
404.0	12117.0
405.0	12676.0
406.0	12563.0
407.0	11918.0
408.0	12277.0
409.0	12944.0
410.0	12126.0
411.0	12853.0
412.0	12682.0
413.0	12510.0
414.0	12443.0
415.0	12816.0
416.0	12504.0
417.0	12620.0
418.0	12748.0
419.0	12733.0
420.0	12507.0
421.0	12841.0
422.0	12523.0
423.0	12550.0
424.0	12968.0
425.0	12446.0
426.0	12841.0
427.0	12556.0
428.0	12833.0
429.0	13090.0
430.0	13269.0
431.0	12983.0
432.0	12639.0
433.0	12439.0
434.0	12932.0
435.0	12261.0
436.0	13254.0
437.0	12434.0
438.0	12653.0
439.0	12157.0
440.0	12635.0
441.0	12702.0
442.0	12660.0
443.0	12551.0
444.0	12857.0
445.0	12835.0
446.0	12898.0
447.0	13231.0
448.0	12346.0
449.0	13386.0
450.0	12422.0
451.0	12274.0
452.0	12450.0
453.0	12511.0
454.0	12480.0
455.0	12284.0
456.0	12717.0
457.0	13055.0
458.0	12974.0
459.0	12600.0
460.0	12622.0
461.0	12459.0
462.0	12415.0
463.0	12509.0
464.0	12832.0
465.0	12628.0
466.0	12164.0
467.0	13195.0
468.0	12762.0
469.0	13047.0
470.0	12654.0
471.0	12565.0
472.0	11903.0
473.0	12548.0
474.0	12946.0
475.0	12538.0
476.0	12340.0
477.0	12511.0
478.0	13077.0
479.0	12798.0
480.0	13102.0
481.0	12347.0
482.0	12873.0
483.0	12798.0
484.0	12528.0
485.0	12385.0
486.0	12182.0
487.0	12339.0
488.0	13153.0
489.0	13287.0
490.0	12694.0
491.0	12850.0
492.0	13043.0
493.0	12717.0
494.0	12805.0
495.0	12548.0
496.0	12636.0
497.0	13050.0
498.0	12923.0
499.0	12701.0
500.0	12658.0
501.0	12480.0
502.0	12941.0
503.0	13021.0
504.0	12888.0
505.0	12787.0
506.0	12602.0
507.0	12816.0
508.0	13059.0
509.0	12361.0
510.0	12461.0
511.0	13012.0
512.0	12470.0
513.0	13032.0
514.0	11972.0
515.0	13367.0
516.0	12841.0
517.0	12594.0
518.0	12875.0
519.0	13729.0
520.0	12500.0
521.0	12718.0
522.0	13105.0
523.0	13204.0
524.0	12497.0
525.0	13054.0
526.0	12348.0
527.0	12769.0
528.0	12784.0
529.0	12701.0
530.0	13034.0
531.0	12955.0
532.0	12801.0
533.0	12751.0
534.0	13292.0
535.0	12058.0
536.0	13504.0
537.0	12676.0
538.0	12526.0
539.0	12895.0
540.0	12685.0
541.0	13004.0
542.0	12907.0
543.0	12809.0
544.0	12303.0
545.0	12557.0
546.0	12971.0
547.0	12809.0
548.0	12490.0
549.0	12617.0
550.0	13155.0
551.0	12654.0
552.0	12732.0
553.0	13035.0
554.0	13367.0
555.0	12730.0
556.0	12991.0
557.0	12927.0
558.0	12407.0
559.0	12851.0
560.0	13280.0
561.0	13064.0
562.0	13033.0
563.0	11980.0
564.0	12425.0
565.0	12645.0
566.0	12990.0
567.0	12975.0
568.0	12782.0
569.0	12171.0
570.0	12660.0
571.0	12567.0
572.0	12544.0
573.0	12908.0
574.0	12904.0
575.0	12408.0
576.0	12336.0
577.0	12398.0
578.0	12486.0
579.0	13022.0
580.0	12849.0
581.0	12550.0
582.0	12448.0
583.0	12861.0
584.0	12229.0
585.0	12732.0
586.0	12737.0
587.0	12456.0
588.0	12926.0
589.0	12848.0
590.0	12601.0
591.0	12575.0
592.0	13254.0
593.0	12525.0
594.0	12730.0
595.0	12721.0
596.0	12691.0
597.0	12546.0
598.0	12335.0
599.0	12776.0
600.0	12543.0
601.0	12171.0
602.0	12554.0
603.0	12476.0
604.0	12442.0
605.0	13101.0
606.0	12517.0
607.0	13054.0
608.0	12923.0
609.0	12509.0
610.0	12065.0
611.0	12685.0
612.0	12659.0
613.0	12865.0
614.0	12232.0
615.0	12826.0
616.0	11997.0
617.0	12543.0
618.0	13218.0
619.0	12857.0
620.0	11867.0
621.0	12741.0
622.0	13025.0
623.0	12446.0
624.0	12468.0
625.0	12986.0
626.0	12576.0
627.0	12646.0
628.0	12749.0
629.0	12764.0
630.0	12563.0
631.0	12712.0
632.0	12451.0
633.0	12162.0
634.0	12822.0
635.0	12398.0
636.0	12639.0
637.0	12403.0
638.0	12789.0
639.0	12866.0
640.0	12200.0
641.0	12848.0
642.0	12734.0
643.0	12413.0
644.0	12679.0
645.0	12778.0
646.0	12717.0
647.0	12209.0
648.0	12758.0
649.0	12309.0
650.0	12657.0
651.0	12315.0
652.0	12255.0
653.0	12512.0
654.0	12774.0
655.0	12734.0
656.0	12463.0
657.0	12755.0
658.0	12601.0
659.0	12675.0
660.0	12590.0
661.0	12510.0
662.0	12527.0
663.0	12122.0
664.0	12816.0
665.0	12468.0
666.0	12999.0
667.0	12145.0
668.0	12912.0
669.0	12964.0
670.0	12199.0
671.0	12786.0
672.0	12642.0
673.0	12754.0
674.0	12528.0
675.0	12682.0
676.0	12796.0
677.0	12804.0
678.0	12879.0
679.0	12503.0
680.0	12801.0
681.0	12901.0
682.0	13007.0
683.0	12476.0
684.0	12865.0
685.0	12233.0
686.0	12926.0
687.0	12099.0
688.0	12533.0
689.0	12270.0
690.0	12354.0
691.0	12766.0
692.0	12568.0
693.0	12681.0
694.0	12197.0
695.0	12867.0
696.0	12536.0
697.0	12554.0
698.0	12200.0
699.0	12895.0
700.0	12499.0
701.0	12650.0
702.0	12130.0
703.0	12491.0
704.0	12908.0
705.0	12550.0
706.0	12598.0
707.0	12513.0
708.0	12877.0
709.0	12719.0
710.0	12806.0
711.0	12677.0
712.0	12377.0
713.0	12715.0
714.0	12503.0
715.0	12282.0
716.0	11795.0
717.0	12565.0
718.0	12434.0
719.0	12619.0
720.0	12708.0
721.0	12625.0
722.0	12795.0
723.0	12355.0
724.0	12644.0
725.0	12736.0
726.0	12131.0
727.0	12368.0
728.0	12665.0
729.0	12882.0
730.0	13057.0
731.0	13254.0
732.0	12058.0
733.0	12175.0
734.0	12282.0
735.0	12465.0
736.0	12509.0
737.0	12412.0
738.0	12613.0
739.0	13013.0
740.0	12717.0
741.0	12530.0
742.0	12452.0
743.0	12408.0
744.0	12116.0
745.0	12352.0
746.0	12476.0
747.0	13031.0
748.0	13004.0
749.0	12246.0
750.0	12135.0
751.0	12764.0
752.0	12740.0
753.0	12778.0
754.0	12333.0
755.0	12235.0
756.0	12408.0
757.0	13058.0
758.0	12550.0
759.0	12681.0
760.0	12251.0
761.0	12816.0
762.0	12505.0
763.0	12730.0
764.0	12246.0
765.0	12446.0
766.0	12403.0
767.0	12718.0
768.0	12600.0
769.0	12548.0
770.0	12401.0
771.0	12684.0
772.0	12603.0
773.0	12933.0
774.0	12809.0
775.0	12283.0
776.0	12869.0
777.0	12403.0
778.0	12483.0
779.0	12222.0
780.0	12528.0
781.0	12778.0
782.0	12590.0
783.0	12746.0
784.0	12549.0
785.0	12197.0
786.0	12946.0
787.0	12613.0
788.0	12527.0
789.0	12485.0
790.0	12490.0
791.0	12758.0
792.0	13081.0
793.0	12645.0
794.0	12439.0
795.0	12717.0
796.0	12499.0
797.0	12926.0
798.0	12426.0
799.0	12600.0
800.0	12644.0
