$itime = 500
$wv_start = 190.0
$hv = 1000
$grating = 2 1200 g/mm BLZ= 500  nm
$x_amps = 10
$x_volts = 45
$sample = DB2339
$date = 2023-07-04
$temp = 82.0
$wv_stop = 800.0
$time = 12:01:27.564000
$wv_step = 1.0
190.0	13860.0
191.0	13651.0
192.0	13598.0
193.0	14005.0
194.0	13956.0
195.0	13792.0
196.0	13807.0
197.0	13903.0
198.0	14000.0
199.0	13450.0
200.0	13360.0
201.0	14123.0
202.0	13928.0
203.0	13719.0
204.0	13694.0
205.0	14064.0
206.0	13599.0
207.0	14466.0
208.0	13629.0
209.0	13941.0
210.0	13617.0
211.0	13874.0
212.0	13854.0
213.0	14178.0
214.0	13655.0
215.0	14096.0
216.0	13875.0
217.0	14230.0
218.0	13946.0
219.0	13523.0
220.0	13878.0
221.0	13858.0
222.0	14381.0
223.0	14289.0
224.0	13322.0
225.0	13122.0
226.0	14052.0
227.0	14000.0
228.0	14055.0
229.0	14045.0
230.0	14764.0
231.0	13694.0
232.0	13553.0
233.0	13636.0
234.0	13786.0
235.0	13832.0
236.0	14025.0
237.0	13553.0
238.0	13895.0
239.0	14155.0
240.0	13696.0
241.0	14300.0
242.0	14327.0
243.0	13253.0
244.0	14464.0
245.0	14066.0
246.0	13586.0
247.0	14180.0
248.0	13937.0
249.0	13784.0
250.0	13841.0
251.0	14428.0
252.0	14066.0
253.0	13738.0
254.0	13970.0
255.0	14185.0
256.0	13856.0
257.0	13737.0
258.0	13971.0
259.0	13780.0
260.0	14365.0
261.0	13998.0
262.0	13619.0
263.0	13733.0
264.0	13705.0
265.0	14008.0
266.0	14307.0
267.0	14140.0
268.0	14110.0
269.0	13945.0
270.0	14522.0
271.0	14012.0
272.0	13966.0
273.0	13719.0
274.0	14285.0
275.0	13492.0
276.0	13650.0
277.0	13772.0
278.0	13699.0
279.0	14178.0
280.0	13874.0
281.0	13833.0
282.0	13711.0
283.0	14143.0
284.0	13984.0
285.0	14483.0
286.0	13874.0
287.0	14344.0
288.0	14367.0
289.0	14172.0
290.0	13984.0
291.0	14003.0
292.0	13565.0
293.0	14325.0
294.0	14553.0
295.0	14221.0
296.0	13644.0
297.0	14611.0
298.0	13766.0
299.0	14388.0
300.0	13836.0
301.0	14202.0
302.0	14046.0
303.0	13759.0
304.0	13864.0
305.0	13851.0
306.0	13834.0
307.0	13678.0
308.0	13941.0
309.0	13865.0
310.0	14639.0
311.0	14000.0
312.0	13992.0
313.0	14273.0
314.0	14355.0
315.0	14026.0
316.0	14031.0
317.0	14156.0
318.0	14842.0
319.0	14161.0
320.0	13666.0
321.0	13974.0
322.0	13359.0
323.0	14213.0
324.0	13431.0
325.0	14158.0
326.0	14034.0
327.0	14261.0
328.0	14216.0
329.0	14059.0
330.0	13693.0
331.0	13967.0
332.0	14049.0
333.0	14267.0
334.0	14062.0
335.0	14355.0
336.0	13865.0
337.0	13164.0
338.0	13914.0
339.0	13795.0
340.0	13850.0
341.0	13899.0
342.0	14563.0
343.0	13878.0
344.0	14064.0
345.0	13839.0
346.0	13801.0
347.0	13971.0
348.0	13706.0
349.0	14394.0
350.0	13453.0
351.0	13895.0
352.0	14442.0
353.0	14194.0
354.0	13480.0
355.0	13808.0
356.0	14382.0
357.0	14001.0
358.0	14189.0
359.0	13770.0
360.0	13743.0
361.0	14254.0
362.0	14166.0
363.0	14083.0
364.0	14496.0
365.0	14381.0
366.0	13677.0
367.0	14242.0
368.0	13872.0
369.0	13597.0
370.0	13427.0
371.0	14128.0
372.0	14165.0
373.0	13709.0
374.0	14190.0
375.0	14119.0
376.0	13653.0
377.0	13244.0
378.0	14188.0
379.0	14162.0
380.0	14050.0
381.0	13511.0
382.0	13973.0
383.0	14180.0
384.0	14091.0
385.0	13239.0
386.0	14045.0
387.0	14110.0
388.0	14129.0
389.0	13932.0
390.0	14113.0
391.0	14383.0
392.0	14236.0
393.0	13486.0
394.0	13442.0
395.0	13622.0
396.0	13989.0
397.0	14325.0
398.0	13508.0
399.0	13955.0
400.0	14180.0
401.0	13485.0
402.0	14148.0
403.0	14027.0
404.0	13874.0
405.0	14182.0
406.0	14005.0
407.0	13733.0
408.0	14405.0
409.0	13715.0
410.0	14161.0
411.0	13744.0
412.0	13641.0
413.0	14180.0
414.0	13773.0
415.0	13979.0
416.0	13386.0
417.0	14117.0
418.0	14214.0
419.0	13793.0
420.0	14124.0
421.0	13615.0
422.0	14092.0
423.0	13830.0
424.0	14209.0
425.0	13920.0
426.0	13839.0
427.0	13930.0
428.0	13773.0
429.0	13911.0
430.0	14051.0
431.0	13914.0
432.0	13655.0
433.0	13846.0
434.0	14410.0
435.0	13811.0
436.0	14088.0
437.0	14032.0
438.0	13828.0
439.0	13951.0
440.0	13834.0
441.0	14133.0
442.0	14090.0
443.0	13623.0
444.0	14134.0
445.0	14158.0
446.0	13625.0
447.0	13409.0
448.0	13742.0
449.0	13875.0
450.0	14051.0
451.0	14103.0
452.0	13872.0
453.0	13703.0
454.0	14386.0
455.0	13560.0
456.0	13622.0
457.0	13774.0
458.0	14323.0
459.0	14524.0
460.0	14334.0
461.0	14148.0
462.0	14120.0
463.0	14172.0
464.0	14153.0
465.0	14506.0
466.0	13824.0
467.0	13594.0
468.0	14052.0
469.0	14103.0
470.0	14537.0
471.0	13674.0
472.0	13944.0
473.0	13818.0
474.0	13948.0
475.0	13343.0
476.0	14262.0
477.0	13847.0
478.0	14271.0
479.0	14158.0
480.0	14459.0
481.0	14572.0
482.0	14541.0
483.0	13971.0
484.0	13878.0
485.0	14562.0
486.0	13936.0
487.0	14417.0
488.0	14130.0
489.0	14233.0
490.0	14227.0
491.0	14558.0
492.0	14306.0
493.0	14047.0
494.0	13504.0
495.0	13737.0
496.0	14429.0
497.0	14169.0
498.0	14249.0
499.0	13904.0
500.0	14040.0
501.0	14753.0
502.0	14364.0
503.0	14786.0
504.0	14616.0
505.0	14594.0
506.0	14518.0
507.0	14263.0
508.0	14365.0
509.0	14136.0
510.0	14278.0
511.0	14392.0
512.0	14349.0
513.0	14672.0
514.0	14761.0
515.0	14021.0
516.0	13800.0
517.0	14453.0
518.0	14135.0
519.0	14882.0
520.0	14054.0
521.0	14377.0
522.0	14871.0
523.0	13854.0
524.0	14405.0
525.0	13906.0
526.0	14881.0
527.0	14129.0
528.0	14178.0
529.0	14564.0
530.0	14021.0
531.0	14095.0
532.0	14268.0
533.0	13549.0
534.0	14189.0
535.0	13772.0
536.0	14673.0
537.0	14385.0
538.0	13944.0
539.0	13953.0
540.0	14228.0
541.0	13929.0
542.0	13623.0
543.0	14011.0
544.0	14506.0
545.0	13921.0
546.0	14151.0
547.0	14167.0
548.0	14242.0
549.0	14356.0
550.0	14617.0
551.0	14028.0
552.0	14088.0
553.0	14164.0
554.0	14178.0
555.0	14164.0
556.0	13997.0
557.0	14464.0
558.0	14790.0
559.0	14551.0
560.0	13802.0
561.0	14142.0
562.0	14147.0
563.0	14190.0
564.0	13864.0
565.0	13540.0
566.0	13271.0
567.0	14525.0
568.0	14104.0
569.0	14359.0
570.0	14477.0
571.0	14426.0
572.0	14489.0
573.0	14000.0
574.0	13941.0
575.0	14790.0
576.0	14049.0
577.0	14078.0
578.0	13967.0
579.0	14362.0
580.0	14088.0
581.0	13817.0
582.0	14008.0
583.0	13508.0
584.0	14035.0
585.0	14088.0
586.0	13509.0
587.0	13367.0
588.0	14193.0
589.0	13803.0
590.0	13824.0
591.0	14115.0
592.0	14277.0
593.0	13707.0
594.0	14076.0
595.0	14359.0
596.0	14059.0
597.0	14059.0
598.0	14161.0
599.0	13826.0
600.0	14253.0
601.0	13867.0
602.0	13921.0
603.0	13708.0
604.0	14083.0
605.0	13520.0
606.0	13935.0
607.0	14087.0
608.0	14186.0
609.0	14258.0
610.0	14365.0
611.0	14151.0
612.0	14002.0
613.0	13718.0
614.0	14522.0
615.0	14314.0
616.0	14041.0
617.0	14127.0
618.0	14396.0
619.0	13807.0
620.0	14350.0
621.0	14372.0
622.0	14047.0
623.0	13750.0
624.0	13625.0
625.0	14388.0
626.0	13746.0
627.0	13793.0
628.0	14084.0
629.0	13986.0
630.0	13801.0
631.0	13559.0
632.0	14005.0
633.0	14031.0
634.0	13927.0
635.0	13711.0
636.0	13900.0
637.0	13792.0
638.0	13964.0
639.0	14231.0
640.0	13808.0
641.0	14345.0
642.0	14203.0
643.0	13915.0
644.0	13872.0
645.0	13366.0
646.0	13972.0
647.0	13536.0
648.0	14336.0
649.0	14182.0
650.0	14517.0
651.0	14233.0
652.0	13688.0
653.0	14101.0
654.0	13888.0
655.0	13724.0
656.0	14459.0
657.0	14030.0
658.0	13818.0
659.0	13725.0
660.0	14214.0
661.0	14165.0
662.0	14007.0
663.0	14258.0
664.0	13822.0
665.0	13879.0
666.0	14100.0
667.0	14517.0
668.0	14269.0
669.0	13498.0
670.0	14107.0
671.0	14048.0
672.0	14158.0
673.0	13807.0
674.0	14011.0
675.0	13836.0
676.0	14187.0
677.0	13819.0
678.0	14268.0
679.0	14116.0
680.0	14261.0
681.0	14365.0
682.0	13633.0
683.0	13962.0
684.0	14317.0
685.0	14268.0
686.0	14069.0
687.0	13921.0
688.0	14037.0
689.0	14082.0
690.0	14112.0
691.0	13948.0
692.0	14353.0
693.0	13931.0
694.0	13862.0
695.0	14214.0
696.0	14058.0
697.0	13819.0
698.0	13543.0
699.0	14421.0
700.0	13722.0
701.0	13614.0
702.0	14229.0
703.0	13697.0
704.0	14367.0
705.0	14173.0
706.0	14262.0
707.0	13871.0
708.0	14120.0
709.0	13557.0
710.0	13750.0
711.0	14047.0
712.0	13780.0
713.0	14000.0
714.0	13878.0
715.0	14310.0
716.0	13744.0
717.0	14095.0
718.0	14320.0
719.0	14023.0
720.0	13738.0
721.0	13985.0
722.0	14007.0
723.0	13883.0
724.0	13812.0
725.0	13824.0
726.0	14476.0
727.0	13852.0
728.0	14229.0
729.0	13779.0
730.0	14099.0
731.0	13837.0
732.0	13595.0
733.0	13835.0
734.0	13864.0
735.0	13961.0
736.0	14228.0
737.0	14037.0
738.0	13535.0
739.0	14046.0
740.0	14304.0
741.0	14802.0
742.0	13665.0
743.0	13985.0
744.0	14099.0
745.0	14181.0
746.0	14040.0
747.0	14129.0
748.0	14058.0
749.0	14280.0
750.0	13914.0
751.0	14693.0
752.0	13862.0
753.0	14108.0
754.0	14295.0
755.0	14316.0
756.0	14195.0
757.0	14223.0
758.0	13961.0
759.0	13866.0
760.0	14151.0
761.0	14086.0
762.0	14383.0
763.0	13840.0
764.0	14379.0
765.0	13780.0
766.0	13948.0
767.0	13683.0
768.0	13837.0
769.0	14195.0
770.0	13729.0
771.0	14130.0
772.0	14372.0
773.0	13687.0
774.0	14164.0
775.0	14541.0
776.0	14059.0
777.0	13726.0
778.0	14407.0
779.0	14011.0
780.0	14168.0
781.0	14553.0
782.0	13955.0
783.0	14562.0
784.0	13818.0
785.0	14021.0
786.0	13527.0
787.0	13907.0
788.0	13509.0
789.0	13881.0
790.0	14014.0
791.0	13150.0
792.0	14142.0
793.0	14213.0
794.0	13832.0
795.0	13935.0
796.0	13880.0
797.0	14021.0
798.0	14008.0
799.0	14122.0
800.0	13964.0
