$itime = 500
$wv_start = 190.0
$hv = 1000
$grating = 2 1200 g/mm BLZ= 500  nm
$x_amps = 10
$x_volts = 45
$sample = DB2339
$date = 2023-07-04
$temp = 352.0
$wv_stop = 800.0
$time = 12:01:27.564000
$wv_step = 1.0
190.0	11692.0
191.0	11580.0
192.0	11881.0
193.0	12408.0
194.0	11943.0
195.0	12066.0
196.0	11795.0
197.0	11495.0
198.0	11822.0
199.0	11694.0
200.0	11507.0
201.0	11600.0
202.0	11884.0
203.0	11649.0
204.0	11433.0
205.0	11690.0
206.0	11729.0
207.0	11697.0
208.0	11488.0
209.0	11416.0
210.0	11653.0
211.0	11757.0
212.0	11734.0
213.0	11600.0
214.0	11574.0
215.0	11349.0
216.0	11915.0
217.0	11728.0
218.0	11911.0
219.0	11666.0
220.0	11426.0
221.0	11354.0
222.0	11818.0
223.0	11716.0
224.0	11480.0
225.0	11657.0
226.0	11434.0
227.0	11814.0
228.0	11842.0
229.0	11376.0
230.0	11552.0
231.0	11861.0
232.0	11418.0
233.0	11367.0
234.0	11441.0
235.0	11451.0
236.0	11392.0
237.0	11461.0
238.0	11780.0
239.0	11425.0
240.0	11899.0
241.0	11382.0
242.0	11949.0
243.0	11761.0
244.0	12319.0
245.0	12139.0
246.0	11023.0
247.0	11439.0
248.0	11606.0
249.0	11335.0
250.0	11668.0
251.0	11622.0
252.0	11395.0
253.0	11725.0
254.0	11588.0
255.0	11576.0
256.0	11429.0
257.0	11662.0
258.0	11497.0
259.0	12363.0
260.0	11513.0
261.0	11790.0
262.0	11421.0
263.0	11741.0
264.0	11659.0
265.0	11790.0
266.0	11821.0
267.0	11865.0
268.0	11436.0
269.0	11346.0
270.0	11639.0
271.0	11813.0
272.0	12045.0
273.0	11639.0
274.0	11940.0
275.0	12175.0
276.0	12043.0
277.0	11885.0
278.0	12154.0
279.0	11569.0
280.0	12016.0
281.0	12476.0
282.0	12119.0
283.0	11825.0
284.0	11813.0
285.0	11803.0
286.0	12406.0
287.0	11320.0
288.0	12045.0
289.0	11792.0
290.0	12060.0
291.0	11913.0
292.0	11665.0
293.0	11874.0
294.0	11750.0
295.0	11288.0
296.0	12052.0
297.0	11650.0
298.0	11606.0
299.0	11494.0
300.0	11662.0
301.0	11335.0
302.0	12025.0
303.0	11859.0
304.0	11977.0
305.0	11858.0
306.0	12042.0
307.0	11595.0
308.0	12020.0
309.0	11402.0
310.0	11480.0
311.0	11884.0
312.0	12051.0
313.0	12203.0
314.0	12076.0
315.0	11796.0
316.0	12173.0
317.0	11893.0
318.0	12534.0
319.0	11640.0
320.0	11796.0
321.0	11719.0
322.0	11928.0
323.0	11448.0
324.0	11757.0
325.0	11927.0
326.0	11715.0
327.0	11723.0
328.0	12183.0
329.0	12109.0
330.0	11965.0
331.0	11478.0
332.0	11998.0
333.0	11632.0
334.0	11888.0
335.0	11818.0
336.0	11384.0
337.0	11914.0
338.0	11357.0
339.0	11558.0
340.0	11500.0
341.0	11494.0
342.0	11499.0
343.0	11504.0
344.0	11760.0
345.0	12111.0
346.0	11641.0
347.0	11677.0
348.0	11953.0
349.0	11963.0
350.0	11495.0
351.0	11760.0
352.0	11797.0
353.0	12064.0
354.0	11859.0
355.0	11756.0
356.0	11514.0
357.0	11569.0
358.0	11765.0
359.0	11643.0
360.0	11642.0
361.0	11929.0
362.0	11268.0
363.0	11575.0
364.0	11715.0
365.0	12020.0
366.0	11638.0
367.0	11919.0
368.0	11438.0
369.0	11929.0
370.0	11659.0
371.0	11631.0
372.0	11817.0
373.0	11665.0
374.0	11643.0
375.0	11461.0
376.0	11985.0
377.0	11823.0
378.0	11491.0
379.0	11674.0
380.0	11825.0
381.0	11940.0
382.0	11545.0
383.0	11958.0
384.0	11704.0
385.0	11854.0
386.0	11847.0
387.0	12155.0
388.0	12002.0
389.0	11356.0
390.0	11441.0
391.0	11741.0
392.0	11496.0
393.0	11287.0
394.0	11278.0
395.0	11392.0
396.0	11724.0
397.0	11377.0
398.0	11566.0
399.0	12079.0
400.0	11282.0
401.0	11709.0
402.0	11482.0
403.0	11594.0
404.0	11829.0
405.0	11898.0
406.0	12006.0
407.0	11410.0
408.0	11004.0
409.0	11718.0
410.0	12018.0
411.0	12045.0
412.0	11566.0
413.0	11414.0
414.0	11890.0
415.0	11205.0
416.0	11632.0
417.0	11008.0
418.0	11475.0
419.0	11688.0
420.0	12035.0
421.0	11865.0
422.0	11754.0
423.0	11572.0
424.0	11684.0
425.0	11504.0
426.0	11895.0
427.0	11630.0
428.0	11406.0
429.0	11623.0
430.0	11659.0
431.0	11334.0
432.0	11509.0
433.0	11445.0
434.0	11965.0
435.0	12100.0
436.0	11990.0
437.0	11649.0
438.0	11949.0
439.0	11813.0
440.0	11716.0
441.0	11392.0
442.0	11878.0
443.0	12449.0
444.0	11833.0
445.0	11648.0
446.0	11916.0
447.0	11973.0
448.0	12109.0
449.0	11659.0
450.0	11601.0
451.0	11753.0
452.0	11590.0
453.0	11761.0
454.0	12020.0
455.0	11392.0
456.0	11850.0
457.0	11823.0
458.0	11557.0
459.0	11701.0
460.0	11226.0
461.0	11494.0
462.0	11424.0
463.0	11490.0
464.0	11684.0
465.0	11718.0
466.0	12397.0
467.0	12257.0
468.0	11835.0
469.0	12009.0
470.0	11491.0
471.0	11750.0
472.0	11893.0
473.0	11462.0
474.0	12082.0
475.0	11829.0
476.0	11426.0
477.0	11957.0
478.0	11399.0
479.0	11670.0
480.0	12127.0
481.0	11535.0
482.0	11861.0
483.0	11677.0
484.0	11695.0
485.0	11555.0
486.0	11680.0
487.0	11375.0
488.0	11980.0
489.0	11482.0
490.0	11507.0
491.0	11505.0
492.0	11387.0
493.0	11951.0
494.0	11392.0
495.0	11895.0
496.0	11694.0
497.0	11254.0
498.0	11656.0
499.0	11124.0
500.0	11816.0
501.0	11309.0
502.0	11657.0
503.0	11539.0
504.0	11938.0
505.0	11925.0
506.0	11558.0
507.0	11881.0
508.0	11384.0
509.0	11426.0
510.0	11609.0
511.0	11454.0
512.0	12200.0
513.0	11592.0
514.0	11438.0
515.0	11610.0
516.0	11472.0
517.0	11958.0
518.0	12064.0
519.0	11474.0
520.0	11377.0
521.0	11566.0
522.0	11434.0
523.0	11973.0
524.0	11490.0
525.0	11898.0
526.0	12144.0
527.0	11651.0
528.0	11584.0
529.0	11575.0
530.0	11571.0
531.0	11741.0
532.0	11315.0
533.0	11751.0
534.0	11743.0
535.0	11814.0
536.0	11716.0
537.0	11639.0
538.0	12065.0
539.0	11743.0
540.0	11626.0
541.0	11784.0
542.0	12247.0
543.0	12365.0
544.0	11850.0
545.0	11850.0
546.0	11853.0
547.0	11995.0
548.0	11658.0
549.0	11950.0
550.0	12619.0
551.0	11787.0
552.0	11340.0
553.0	11990.0
554.0	11581.0
555.0	11590.0
556.0	11477.0
557.0	11566.0
558.0	12016.0
559.0	11975.0
560.0	11659.0
561.0	11688.0
562.0	12201.0
563.0	11858.0
564.0	11571.0
565.0	11193.0
566.0	11688.0
567.0	11570.0
568.0	11549.0
569.0	12155.0
570.0	12114.0
571.0	11792.0
572.0	11567.0
573.0	11951.0
574.0	11808.0
575.0	11663.0
576.0	12161.0
577.0	11455.0
578.0	11846.0
579.0	12238.0
580.0	11688.0
581.0	11431.0
582.0	11625.0
583.0	11925.0
584.0	11487.0
585.0	11784.0
586.0	11821.0
587.0	11924.0
588.0	12040.0
589.0	11952.0
590.0	11777.0
591.0	11943.0
592.0	11972.0
593.0	11326.0
594.0	11212.0
595.0	12259.0
596.0	11490.0
597.0	11745.0
598.0	11964.0
599.0	12035.0
600.0	12055.0
601.0	12218.0
602.0	11677.0
603.0	11631.0
604.0	11681.0
605.0	11803.0
606.0	11495.0
607.0	11586.0
608.0	11725.0
609.0	11971.0
610.0	11783.0
611.0	11699.0
612.0	11731.0
613.0	11586.0
614.0	11812.0
615.0	11909.0
616.0	11803.0
617.0	11865.0
618.0	11463.0
619.0	11891.0
620.0	11842.0
621.0	11452.0
622.0	11815.0
623.0	11727.0
624.0	11793.0
625.0	11869.0
626.0	12154.0
627.0	11441.0
628.0	11812.0
629.0	11664.0
630.0	11221.0
631.0	12037.0
632.0	11728.0
633.0	11894.0
634.0	11992.0
635.0	11943.0
636.0	11770.0
637.0	12337.0
638.0	11369.0
639.0	11625.0
640.0	11718.0
641.0	11810.0
642.0	11969.0
643.0	11692.0
644.0	11814.0
645.0	11776.0
646.0	11658.0
647.0	11304.0
648.0	11378.0
649.0	11646.0
650.0	11758.0
651.0	11657.0
652.0	11446.0
653.0	11880.0
654.0	11664.0
655.0	11831.0
656.0	11657.0
657.0	11642.0
658.0	11881.0
659.0	12243.0
660.0	11489.0
661.0	11659.0
662.0	11849.0
663.0	11558.0
664.0	11497.0
665.0	11914.0
666.0	11687.0
667.0	11805.0
668.0	12309.0
669.0	11500.0
670.0	12029.0
671.0	11318.0
672.0	12020.0
673.0	12007.0
674.0	11677.0
675.0	11462.0
676.0	11926.0
677.0	12103.0
678.0	11586.0
679.0	11462.0
680.0	11392.0
681.0	11966.0
682.0	11387.0
683.0	11945.0
684.0	11901.0
685.0	11351.0
686.0	11664.0
687.0	12179.0
688.0	11759.0
689.0	11377.0
690.0	11785.0
691.0	11490.0
692.0	11277.0
693.0	11311.0
694.0	11805.0
695.0	12012.0
696.0	11761.0
697.0	11392.0
698.0	12014.0
699.0	11756.0
700.0	11576.0
701.0	11311.0
702.0	11453.0
703.0	11690.0
704.0	11927.0
705.0	11513.0
706.0	11730.0
707.0	11803.0
708.0	11814.0
709.0	11588.0
710.0	11884.0
711.0	11677.0
712.0	11521.0
713.0	11828.0
714.0	11737.0
715.0	11278.0
716.0	11571.0
717.0	11433.0
718.0	11927.0
719.0	10994.0
720.0	11664.0
721.0	12248.0
722.0	11792.0
723.0	11285.0
724.0	11989.0
725.0	11666.0
726.0	11956.0
727.0	11751.0
728.0	11641.0
729.0	11300.0
730.0	11721.0
731.0	11846.0
732.0	11288.0
733.0	11580.0
734.0	11439.0
735.0	11736.0
736.0	11677.0
737.0	11019.0
738.0	12153.0
739.0	11882.0
740.0	11568.0
741.0	11190.0
742.0	11565.0
743.0	12109.0
744.0	11797.0
745.0	11601.0
746.0	10904.0
747.0	11304.0
748.0	12069.0
749.0	11392.0
750.0	12065.0
751.0	11745.0
752.0	12279.0
753.0	11351.0
754.0	11721.0
755.0	12080.0
756.0	11763.0
757.0	11507.0
758.0	11365.0
759.0	11010.0
760.0	12110.0
761.0	11191.0
762.0	11183.0
763.0	11765.0
764.0	11823.0
765.0	11469.0
766.0	12274.0
767.0	11675.0
768.0	11654.0
769.0	11705.0
770.0	11524.0
771.0	11649.0
772.0	11961.0
773.0	11584.0
774.0	11192.0
775.0	11893.0
776.0	12068.0
777.0	11654.0
778.0	11649.0
779.0	11999.0
780.0	11451.0
781.0	11702.0
782.0	12352.0
783.0	11823.0
784.0	11679.0
785.0	11667.0
786.0	11291.0
787.0	11584.0
788.0	11691.0
789.0	11572.0
790.0	11705.0
791.0	11312.0
792.0	11643.0
793.0	12249.0
794.0	12073.0
795.0	11338.0
796.0	11600.0
797.0	11815.0
798.0	11980.0
799.0	11810.0
800.0	12053.0
