$itime = 500
$wv_start = 190.0
$hv = 1000
$grating = 2 1200 g/mm BLZ= 500  nm
$x_amps = 10
$x_volts = 45
$sample = DB2339
$date = 2023-07-04
$temp = 52.0
$wv_stop = 800.0
$time = 12:01:27.564000
$wv_step = 1.0
190.0	14151.0
191.0	14135.0
192.0	14350.0
193.0	14134.0
194.0	14105.0
195.0	14307.0
196.0	13719.0
197.0	14118.0
198.0	14405.0
199.0	13917.0
200.0	14278.0
201.0	13523.0
202.0	14244.0
203.0	14349.0
204.0	13693.0
205.0	14463.0
206.0	13793.0
207.0	14475.0
208.0	13739.0
209.0	14267.0
210.0	14166.0
211.0	14159.0
212.0	14335.0
213.0	14051.0
214.0	13726.0
215.0	14459.0
216.0	14171.0
217.0	13642.0
218.0	14499.0
219.0	14229.0
220.0	13761.0
221.0	14610.0
222.0	13989.0
223.0	14450.0
224.0	14333.0
225.0	14392.0
226.0	14410.0
227.0	14720.0
228.0	14063.0
229.0	14551.0
230.0	14635.0
231.0	13925.0
232.0	13474.0
233.0	14178.0
234.0	14165.0
235.0	13938.0
236.0	14509.0
237.0	14096.0
238.0	13871.0
239.0	14035.0
240.0	14205.0
241.0	14254.0
242.0	14214.0
243.0	13577.0
244.0	13930.0
245.0	14396.0
246.0	13490.0
247.0	13953.0
248.0	14539.0
249.0	13733.0
250.0	14159.0
251.0	13923.0
252.0	14312.0
253.0	14191.0
254.0	14164.0
255.0	13651.0
256.0	13838.0
257.0	14205.0
258.0	13723.0
259.0	14064.0
260.0	14625.0
261.0	14599.0
262.0	14461.0
263.0	14403.0
264.0	13907.0
265.0	14068.0
266.0	14656.0
267.0	14021.0
268.0	14040.0
269.0	14331.0
270.0	13930.0
271.0	14165.0
272.0	13815.0
273.0	14554.0
274.0	13735.0
275.0	13805.0
276.0	14526.0
277.0	14303.0
278.0	14103.0
279.0	13958.0
280.0	14268.0
281.0	14159.0
282.0	13968.0
283.0	14101.0
284.0	14213.0
285.0	14267.0
286.0	14361.0
287.0	14526.0
288.0	14101.0
289.0	14369.0
290.0	14083.0
291.0	14222.0
292.0	13882.0
293.0	14187.0
294.0	14165.0
295.0	14031.0
296.0	14203.0
297.0	14052.0
298.0	13651.0
299.0	14089.0
300.0	13884.0
301.0	14204.0
302.0	14371.0
303.0	14355.0
304.0	14462.0
305.0	13816.0
306.0	13864.0
307.0	14682.0
308.0	14628.0
309.0	14395.0
310.0	14021.0
311.0	13843.0
312.0	14463.0
313.0	13878.0
314.0	14564.0
315.0	14399.0
316.0	14166.0
317.0	13930.0
318.0	14464.0
319.0	14506.0
320.0	13910.0
321.0	14080.0
322.0	13864.0
323.0	14028.0
324.0	13746.0
325.0	15077.0
326.0	14051.0
327.0	13914.0
328.0	14289.0
329.0	13674.0
330.0	14429.0
331.0	13818.0
332.0	14182.0
333.0	13540.0
334.0	13944.0
335.0	14229.0
336.0	14119.0
337.0	14233.0
338.0	14151.0
339.0	14446.0
340.0	14414.0
341.0	13945.0
342.0	14333.0
343.0	14203.0
344.0	14189.0
345.0	14730.0
346.0	14219.0
347.0	14148.0
348.0	14328.0
349.0	13722.0
350.0	14329.0
351.0	14400.0
352.0	14364.0
353.0	14544.0
354.0	14246.0
355.0	14306.0
356.0	13536.0
357.0	13746.0
358.0	14205.0
359.0	14376.0
360.0	13879.0
361.0	14165.0
362.0	13956.0
363.0	14332.0
364.0	14634.0
365.0	14009.0
366.0	13924.0
367.0	14377.0
368.0	13816.0
369.0	13962.0
370.0	14709.0
371.0	14353.0
372.0	13743.0
373.0	14316.0
374.0	14594.0
375.0	14788.0
376.0	13942.0
377.0	13967.0
378.0	13993.0
379.0	14335.0
380.0	14096.0
381.0	14414.0
382.0	14828.0
383.0	14473.0
384.0	14493.0
385.0	14191.0
386.0	14345.0
387.0	13743.0
388.0	14388.0
389.0	13766.0
390.0	14497.0
391.0	14307.0
392.0	14201.0
393.0	14203.0
394.0	14147.0
395.0	14310.0
396.0	14059.0
397.0	14507.0
398.0	13947.0
399.0	14100.0
400.0	14498.0
401.0	14355.0
402.0	13659.0
403.0	13794.0
404.0	14173.0
405.0	13883.0
406.0	14216.0
407.0	14204.0
408.0	14570.0
409.0	14680.0
410.0	13386.0
411.0	14164.0
412.0	14394.0
413.0	14787.0
414.0	14129.0
415.0	14878.0
416.0	13928.0
417.0	13998.0
418.0	14208.0
419.0	14110.0
420.0	13875.0
421.0	14000.0
422.0	14300.0
423.0	14459.0
424.0	13846.0
425.0	14273.0
426.0	13956.0
427.0	14126.0
428.0	14892.0
429.0	14238.0
430.0	13874.0
431.0	13948.0
432.0	14217.0
433.0	14189.0
434.0	14416.0
435.0	13723.0
436.0	14379.0
437.0	14348.0
438.0	13840.0
439.0	13588.0
440.0	14243.0
441.0	14471.0
442.0	14199.0
443.0	13938.0
444.0	13731.0
445.0	13908.0
446.0	14556.0
447.0	14181.0
448.0	14308.0
449.0	14296.0
450.0	14108.0
451.0	14049.0
452.0	14250.0
453.0	14131.0
454.0	14562.0
455.0	14254.0
456.0	14407.0
457.0	14661.0
458.0	14040.0
459.0	14565.0
460.0	13669.0
461.0	14226.0
462.0	14406.0
463.0	14297.0
464.0	14163.0
465.0	14064.0
466.0	15071.0
467.0	14524.0
468.0	14718.0
469.0	14310.0
470.0	14445.0
471.0	14221.0
472.0	14634.0
473.0	14553.0
474.0	14288.0
475.0	14265.0
476.0	14402.0
477.0	14612.0
478.0	15099.0
479.0	14918.0
480.0	14267.0
481.0	14281.0
482.0	14809.0
483.0	14665.0
484.0	14187.0
485.0	14263.0
486.0	14528.0
487.0	13950.0
488.0	14953.0
489.0	14575.0
490.0	14665.0
491.0	14496.0
492.0	14087.0
493.0	13765.0
494.0	13910.0
495.0	14750.0
496.0	14428.0
497.0	13938.0
498.0	13994.0
499.0	14620.0
500.0	15320.0
501.0	14399.0
502.0	14172.0
503.0	14904.0
504.0	14731.0
505.0	14700.0
506.0	14551.0
507.0	14521.0
508.0	14278.0
509.0	14569.0
510.0	14228.0
511.0	14495.0
512.0	14227.0
513.0	14749.0
514.0	14939.0
515.0	14404.0
516.0	14412.0
517.0	14722.0
518.0	13868.0
519.0	14348.0
520.0	13898.0
521.0	13910.0
522.0	14126.0
523.0	14659.0
524.0	14480.0
525.0	14811.0
526.0	14208.0
527.0	14275.0
528.0	14579.0
529.0	14732.0
530.0	14365.0
531.0	14392.0
532.0	14603.0
533.0	14333.0
534.0	14489.0
535.0	14343.0
536.0	14666.0
537.0	14466.0
538.0	14361.0
539.0	14415.0
540.0	14650.0
541.0	14195.0
542.0	14514.0
543.0	14642.0
544.0	14211.0
545.0	14889.0
546.0	14534.0
547.0	14675.0
548.0	13876.0
549.0	14912.0
550.0	14355.0
551.0	14404.0
552.0	14074.0
553.0	14528.0
554.0	13969.0
555.0	14951.0
556.0	14875.0
557.0	14125.0
558.0	14218.0
559.0	14690.0
560.0	13904.0
561.0	14900.0
562.0	14268.0
563.0	14296.0
564.0	14543.0
565.0	13914.0
566.0	14518.0
567.0	14312.0
568.0	14387.0
569.0	14360.0
570.0	14246.0
571.0	14095.0
572.0	14634.0
573.0	13986.0
574.0	14811.0
575.0	14180.0
576.0	14273.0
577.0	14608.0
578.0	14591.0
579.0	13857.0
580.0	14324.0
581.0	14189.0
582.0	14183.0
583.0	14426.0
584.0	14918.0
585.0	15052.0
586.0	14150.0
587.0	14247.0
588.0	14569.0
589.0	14106.0
590.0	13860.0
591.0	14096.0
592.0	14265.0
593.0	14644.0
594.0	14081.0
595.0	13988.0
596.0	14242.0
597.0	14333.0
598.0	14551.0
599.0	14018.0
600.0	14846.0
601.0	14370.0
602.0	14625.0
603.0	14355.0
604.0	14203.0
605.0	14258.0
606.0	14167.0
607.0	14218.0
608.0	14566.0
609.0	13774.0
610.0	14507.0
611.0	14522.0
612.0	14358.0
613.0	14376.0
614.0	14134.0
615.0	14275.0
616.0	14468.0
617.0	14597.0
618.0	14547.0
619.0	14090.0
620.0	13880.0
621.0	14290.0
622.0	14383.0
623.0	14085.0
624.0	14320.0
625.0	13902.0
626.0	14119.0
627.0	14316.0
628.0	14311.0
629.0	14105.0
630.0	14240.0
631.0	14462.0
632.0	14056.0
633.0	13809.0
634.0	14333.0
635.0	14091.0
636.0	14114.0
637.0	13653.0
638.0	14259.0
639.0	14253.0
640.0	13872.0
641.0	14301.0
642.0	14136.0
643.0	14641.0
644.0	14462.0
645.0	14340.0
646.0	14387.0
647.0	14159.0
648.0	14128.0
649.0	14060.0
650.0	14533.0
651.0	14191.0
652.0	14348.0
653.0	14514.0
654.0	14211.0
655.0	13804.0
656.0	14321.0
657.0	14449.0
658.0	14090.0
659.0	14356.0
660.0	13903.0
661.0	14541.0
662.0	14537.0
663.0	14139.0
664.0	13724.0
665.0	14625.0
666.0	13944.0
667.0	13695.0
668.0	13963.0
669.0	14187.0
670.0	14028.0
671.0	14146.0
672.0	14147.0
673.0	14095.0
674.0	14524.0
675.0	14635.0
676.0	14296.0
677.0	14180.0
678.0	14079.0
679.0	14364.0
680.0	14220.0
681.0	14123.0
682.0	14210.0
683.0	13977.0
684.0	14005.0
685.0	14253.0
686.0	13935.0
687.0	14656.0
688.0	14129.0
689.0	14563.0
690.0	14224.0
691.0	14123.0
692.0	14524.0
693.0	14079.0
694.0	14788.0
695.0	14629.0
696.0	14304.0
697.0	14080.0
698.0	14265.0
699.0	14260.0
700.0	13582.0
701.0	14453.0
702.0	14262.0
703.0	14109.0
704.0	14441.0
705.0	14410.0
706.0	14438.0
707.0	14830.0
708.0	13895.0
709.0	14716.0
710.0	14397.0
711.0	14245.0
712.0	13985.0
713.0	14023.0
714.0	14547.0
715.0	14386.0
716.0	14568.0
717.0	13832.0
718.0	14163.0
719.0	13829.0
720.0	14583.0
721.0	14402.0
722.0	13535.0
723.0	14452.0
724.0	13787.0
725.0	14719.0
726.0	14784.0
727.0	14253.0
728.0	14203.0
729.0	13875.0
730.0	14727.0
731.0	14631.0
732.0	14041.0
733.0	14464.0
734.0	14154.0
735.0	14611.0
736.0	14462.0
737.0	14085.0
738.0	14480.0
739.0	14056.0
740.0	14212.0
741.0	14503.0
742.0	13994.0
743.0	14037.0
744.0	14021.0
745.0	14138.0
746.0	14458.0
747.0	14217.0
748.0	14177.0
749.0	14948.0
750.0	13963.0
751.0	14234.0
752.0	14406.0
753.0	13991.0
754.0	14595.0
755.0	14254.0
756.0	14681.0
757.0	14006.0
758.0	14336.0
759.0	13830.0
760.0	14059.0
761.0	14430.0
762.0	14375.0
763.0	14052.0
764.0	13913.0
765.0	14277.0
766.0	14498.0
767.0	14119.0
768.0	13864.0
769.0	14617.0
770.0	13964.0
771.0	14514.0
772.0	14467.0
773.0	14525.0
774.0	14095.0
775.0	13810.0
776.0	14368.0
777.0	14148.0
778.0	14095.0
779.0	14372.0
780.0	14226.0
781.0	14344.0
782.0	14290.0
783.0	14315.0
784.0	14416.0
785.0	14396.0
786.0	14054.0
787.0	14077.0
788.0	14410.0
789.0	14302.0
790.0	14031.0
791.0	14345.0
792.0	13967.0
793.0	14481.0
794.0	13847.0
795.0	13952.0
796.0	14032.0
797.0	14355.0
798.0	13267.0
799.0	14539.0
800.0	13992.0
