$itime = 500
$wv_start = 190.0
$hv = 1000
$grating = 2 1200 g/mm BLZ= 500  nm
$x_amps = 10
$x_volts = 45
$sample = DB2339
$date = 2023-07-04
$temp = 172.0
$wv_stop = 800.0
$time = 12:01:27.564000
$wv_step = 1.0
190.0	12886.0
191.0	12493.0
192.0	13431.0
193.0	12515.0
194.0	12974.0
195.0	13212.0
196.0	13561.0
197.0	13442.0
198.0	13111.0
199.0	13286.0
200.0	12841.0
201.0	12758.0
202.0	12830.0
203.0	13646.0
204.0	13639.0
205.0	12941.0
206.0	12907.0
207.0	13223.0
208.0	13355.0
209.0	13366.0
210.0	12981.0
211.0	13184.0
212.0	13033.0
213.0	12962.0
214.0	12544.0
215.0	13004.0
216.0	13231.0
217.0	13205.0
218.0	13269.0
219.0	13145.0
220.0	13161.0
221.0	12974.0
222.0	12897.0
223.0	13125.0
224.0	12991.0
225.0	13345.0
226.0	12708.0
227.0	12901.0
228.0	12430.0
229.0	13157.0
230.0	12751.0
231.0	13165.0
232.0	12658.0
233.0	12597.0
234.0	13136.0
235.0	13366.0
236.0	13113.0
237.0	12778.0
238.0	13220.0
239.0	13165.0
240.0	12848.0
241.0	12297.0
242.0	13150.0
243.0	13438.0
244.0	13071.0
245.0	13435.0
246.0	12963.0
247.0	13058.0
248.0	13225.0
249.0	13238.0
250.0	12839.0
251.0	13243.0
252.0	13132.0
253.0	12982.0
254.0	12929.0
255.0	13183.0
256.0	13102.0
257.0	13396.0
258.0	13247.0
259.0	13007.0
260.0	13072.0
261.0	12998.0
262.0	12974.0
263.0	13410.0
264.0	13018.0
265.0	12568.0
266.0	13125.0
267.0	13492.0
268.0	12870.0
269.0	12769.0
270.0	13007.0
271.0	12551.0
272.0	13418.0
273.0	13067.0
274.0	13442.0
275.0	13347.0
276.0	12834.0
277.0	13037.0
278.0	12875.0
279.0	13405.0
280.0	13148.0
281.0	13150.0
282.0	13552.0
283.0	12902.0
284.0	12807.0
285.0	13283.0
286.0	13208.0
287.0	13482.0
288.0	13329.0
289.0	13232.0
290.0	13177.0
291.0	13169.0
292.0	13261.0
293.0	12869.0
294.0	12798.0
295.0	13528.0
296.0	13290.0
297.0	13281.0
298.0	13377.0
299.0	13498.0
300.0	13003.0
301.0	13118.0
302.0	13141.0
303.0	12760.0
304.0	13016.0
305.0	13094.0
306.0	13005.0
307.0	12860.0
308.0	13256.0
309.0	13220.0
310.0	13300.0
311.0	13026.0
312.0	13445.0
313.0	13149.0
314.0	13711.0
315.0	13161.0
316.0	13227.0
317.0	13260.0
318.0	13311.0
319.0	13440.0
320.0	13485.0
321.0	13384.0
322.0	13488.0
323.0	13290.0
324.0	13341.0
325.0	13043.0
326.0	13695.0
327.0	12808.0
328.0	12480.0
329.0	12982.0
330.0	13587.0
331.0	12841.0
332.0	12862.0
333.0	12698.0
334.0	13059.0
335.0	13481.0
336.0	13136.0
337.0	13227.0
338.0	13073.0
339.0	12912.0
340.0	13300.0
341.0	12989.0
342.0	13451.0
343.0	13461.0
344.0	12612.0
345.0	12610.0
346.0	13053.0
347.0	12730.0
348.0	13622.0
349.0	12543.0
350.0	12827.0
351.0	12904.0
352.0	13359.0
353.0	13256.0
354.0	13105.0
355.0	13247.0
356.0	13021.0
357.0	13323.0
358.0	12914.0
359.0	12930.0
360.0	12984.0
361.0	13176.0
362.0	12621.0
363.0	12910.0
364.0	12920.0
365.0	13153.0
366.0	13151.0
367.0	13003.0
368.0	13105.0
369.0	13010.0
370.0	13724.0
371.0	13223.0
372.0	13128.0
373.0	13096.0
374.0	12725.0
375.0	12798.0
376.0	13015.0
377.0	13253.0
378.0	13619.0
379.0	12588.0
380.0	13702.0
381.0	13112.0
382.0	13007.0
383.0	12844.0
384.0	13283.0
385.0	13658.0
386.0	12740.0
387.0	13367.0
388.0	12926.0
389.0	13354.0
390.0	13720.0
391.0	13213.0
392.0	13252.0
393.0	12906.0
394.0	13173.0
395.0	13075.0
396.0	13275.0
397.0	13174.0
398.0	13408.0
399.0	12787.0
400.0	13201.0
401.0	12930.0
402.0	13233.0
403.0	13461.0
404.0	12991.0
405.0	13280.0
406.0	13298.0
407.0	13215.0
408.0	13075.0
409.0	12708.0
410.0	13436.0
411.0	12798.0
412.0	13390.0
413.0	12793.0
414.0	13011.0
415.0	13077.0
416.0	13001.0
417.0	13556.0
418.0	13318.0
419.0	13196.0
420.0	12781.0
421.0	13400.0
422.0	13549.0
423.0	13020.0
424.0	13190.0
425.0	13119.0
426.0	13150.0
427.0	12820.0
428.0	13091.0
429.0	13437.0
430.0	12959.0
431.0	13198.0
432.0	13376.0
433.0	12857.0
434.0	13215.0
435.0	13657.0
436.0	12961.0
437.0	13459.0
438.0	12945.0
439.0	12935.0
440.0	12809.0
441.0	13150.0
442.0	12622.0
443.0	13188.0
444.0	13121.0
445.0	13727.0
446.0	12919.0
447.0	13478.0
448.0	13380.0
449.0	13057.0
450.0	13144.0
451.0	13310.0
452.0	13444.0
453.0	13430.0
454.0	13011.0
455.0	13154.0
456.0	12926.0
457.0	13255.0
458.0	13091.0
459.0	13375.0
460.0	13128.0
461.0	13140.0
462.0	12961.0
463.0	12927.0
464.0	13562.0
465.0	13179.0
466.0	12809.0
467.0	13461.0
468.0	13239.0
469.0	13021.0
470.0	13356.0
471.0	13543.0
472.0	13511.0
473.0	13420.0
474.0	13167.0
475.0	13232.0
476.0	12996.0
477.0	13488.0
478.0	13451.0
479.0	14250.0
480.0	13635.0
481.0	13415.0
482.0	13566.0
483.0	13072.0
484.0	13695.0
485.0	13343.0
486.0	13270.0
487.0	13431.0
488.0	13115.0
489.0	13261.0
490.0	13865.0
491.0	13461.0
492.0	13010.0
493.0	13543.0
494.0	13355.0
495.0	13508.0
496.0	13696.0
497.0	13711.0
498.0	13476.0
499.0	13299.0
500.0	12866.0
501.0	12903.0
502.0	13976.0
503.0	13843.0
504.0	13659.0
505.0	13270.0
506.0	13187.0
507.0	13796.0
508.0	13200.0
509.0	13172.0
510.0	13872.0
511.0	13542.0
512.0	13345.0
513.0	12815.0
514.0	13409.0
515.0	13046.0
516.0	13469.0
517.0	13629.0
518.0	13287.0
519.0	13410.0
520.0	13383.0
521.0	13649.0
522.0	12984.0
523.0	13810.0
524.0	13179.0
525.0	13354.0
526.0	13090.0
527.0	13761.0
528.0	13372.0
529.0	13294.0
530.0	12994.0
531.0	13026.0
532.0	13357.0
533.0	13488.0
534.0	13018.0
535.0	12927.0
536.0	13469.0
537.0	13717.0
538.0	12905.0
539.0	13460.0
540.0	13231.0
541.0	13358.0
542.0	12987.0
543.0	13478.0
544.0	13538.0
545.0	13822.0
546.0	13629.0
547.0	13314.0
548.0	13825.0
549.0	13224.0
550.0	13324.0
551.0	13380.0
552.0	13009.0
553.0	12681.0
554.0	13378.0
555.0	13886.0
556.0	13445.0
557.0	13278.0
558.0	12652.0
559.0	13128.0
560.0	13772.0
561.0	13444.0
562.0	13435.0
563.0	13270.0
564.0	13561.0
565.0	13466.0
566.0	13549.0
567.0	12625.0
568.0	13399.0
569.0	14109.0
570.0	13391.0
571.0	13286.0
572.0	13394.0
573.0	13200.0
574.0	13661.0
575.0	13610.0
576.0	13092.0
577.0	12912.0
578.0	13542.0
579.0	13348.0
580.0	13167.0
581.0	13440.0
582.0	12560.0
583.0	13312.0
584.0	13341.0
585.0	13461.0
586.0	13410.0
587.0	13058.0
588.0	13068.0
589.0	13110.0
590.0	13466.0
591.0	13792.0
592.0	13368.0
593.0	12918.0
594.0	13365.0
595.0	13882.0
596.0	13470.0
597.0	13328.0
598.0	12648.0
599.0	13155.0
600.0	13386.0
601.0	13101.0
602.0	13985.0
603.0	13091.0
604.0	13299.0
605.0	13382.0
606.0	12925.0
607.0	12669.0
608.0	13068.0
609.0	13146.0
610.0	13473.0
611.0	13092.0
612.0	13775.0
613.0	12763.0
614.0	13158.0
615.0	13256.0
616.0	12905.0
617.0	13370.0
618.0	12798.0
619.0	13589.0
620.0	13322.0
621.0	13269.0
622.0	13561.0
623.0	12991.0
624.0	13360.0
625.0	12603.0
626.0	13109.0
627.0	12998.0
628.0	13231.0
629.0	13478.0
630.0	13260.0
631.0	13188.0
632.0	12853.0
633.0	12762.0
634.0	13305.0
635.0	13316.0
636.0	13008.0
637.0	12319.0
638.0	13370.0
639.0	13147.0
640.0	13155.0
641.0	12758.0
642.0	13160.0
643.0	13255.0
644.0	13257.0
645.0	13741.0
646.0	13702.0
647.0	13463.0
648.0	13718.0
649.0	13238.0
650.0	13209.0
651.0	13515.0
652.0	12816.0
653.0	12733.0
654.0	13025.0
655.0	12845.0
656.0	13048.0
657.0	13691.0
658.0	13209.0
659.0	12933.0
660.0	13209.0
661.0	13102.0
662.0	13197.0
663.0	12908.0
664.0	13386.0
665.0	13175.0
666.0	13141.0
667.0	13837.0
668.0	13017.0
669.0	13414.0
670.0	12970.0
671.0	12799.0
672.0	13224.0
673.0	13004.0
674.0	12646.0
675.0	13063.0
676.0	13071.0
677.0	13160.0
678.0	12839.0
679.0	12837.0
680.0	13038.0
681.0	13231.0
682.0	12863.0
683.0	12802.0
684.0	13611.0
685.0	13125.0
686.0	12848.0
687.0	13420.0
688.0	13320.0
689.0	12693.0
690.0	13099.0
691.0	13581.0
692.0	13032.0
693.0	13114.0
694.0	12870.0
695.0	13503.0
696.0	13286.0
697.0	13516.0
698.0	13099.0
699.0	13076.0
700.0	12866.0
701.0	13058.0
702.0	13055.0
703.0	13350.0
704.0	13079.0
705.0	12840.0
706.0	13365.0
707.0	13196.0
708.0	12676.0
709.0	13121.0
710.0	13387.0
711.0	12835.0
712.0	12908.0
713.0	13097.0
714.0	12926.0
715.0	13026.0
716.0	13316.0
717.0	12740.0
718.0	13071.0
719.0	13140.0
720.0	13538.0
721.0	13210.0
722.0	13495.0
723.0	13372.0
724.0	12860.0
725.0	12541.0
726.0	12944.0
727.0	12898.0
728.0	12550.0
729.0	12878.0
730.0	13176.0
731.0	13436.0
732.0	13344.0
733.0	13296.0
734.0	13010.0
735.0	13064.0
736.0	13201.0
737.0	12946.0
738.0	13031.0
739.0	13410.0
740.0	13101.0
741.0	12912.0
742.0	12873.0
743.0	13400.0
744.0	12975.0
745.0	12882.0
746.0	13064.0
747.0	13386.0
748.0	12950.0
749.0	13064.0
750.0	13221.0
751.0	13075.0
752.0	12999.0
753.0	13396.0
754.0	13110.0
755.0	13777.0
756.0	12920.0
757.0	13039.0
758.0	12846.0
759.0	12709.0
760.0	13120.0
761.0	13315.0
762.0	13053.0
763.0	12669.0
764.0	13488.0
765.0	12566.0
766.0	13039.0
767.0	13219.0
768.0	13044.0
769.0	12836.0
770.0	13417.0
771.0	13013.0
772.0	13391.0
773.0	13031.0
774.0	13055.0
775.0	12712.0
776.0	13000.0
777.0	12975.0
778.0	13006.0
779.0	13154.0
780.0	13314.0
781.0	13471.0
782.0	13203.0
783.0	13095.0
784.0	13359.0
785.0	13152.0
786.0	13042.0
787.0	13609.0
788.0	12918.0
789.0	13347.0
790.0	13690.0
791.0	13082.0
792.0	12680.0
793.0	13340.0
794.0	13006.0
795.0	13252.0
796.0	13192.0
797.0	13269.0
798.0	13209.0
799.0	13387.0
800.0	13360.0
