$itime = 500
$wv_start = 190.0
$hv = 1000
$grating = 2 1200 g/mm BLZ= 500  nm
$x_amps = 10
$x_volts = 45
$sample = DB2339
$date = 2023-07-04
$temp = 182.0
$wv_stop = 800.0
$time = 12:01:27.564000
$wv_step = 1.0
190.0	12847.0
191.0	12982.0
192.0	12683.0
193.0	12616.0
194.0	13109.0
195.0	12851.0
196.0	13001.0
197.0	13099.0
198.0	13106.0
199.0	12810.0
200.0	12955.0
201.0	13021.0
202.0	12935.0
203.0	12869.0
204.0	12579.0
205.0	13217.0
206.0	12844.0
207.0	13420.0
208.0	12930.0
209.0	12215.0
210.0	12838.0
211.0	12875.0
212.0	13153.0
213.0	12769.0
214.0	13288.0
215.0	13342.0
216.0	13022.0
217.0	12574.0
218.0	12892.0
219.0	13016.0
220.0	13116.0
221.0	12802.0
222.0	12615.0
223.0	13400.0
224.0	13268.0
225.0	13202.0
226.0	13030.0
227.0	13014.0
228.0	13200.0
229.0	13445.0
230.0	13248.0
231.0	13004.0
232.0	13016.0
233.0	12536.0
234.0	12981.0
235.0	12497.0
236.0	12959.0
237.0	13261.0
238.0	13008.0
239.0	13121.0
240.0	12927.0
241.0	12874.0
242.0	12540.0
243.0	13087.0
244.0	13483.0
245.0	12966.0
246.0	12888.0
247.0	12960.0
248.0	13311.0
249.0	12999.0
250.0	13104.0
251.0	12622.0
252.0	12796.0
253.0	12905.0
254.0	13709.0
255.0	12658.0
256.0	13197.0
257.0	12763.0
258.0	12739.0
259.0	12661.0
260.0	12759.0
261.0	12696.0
262.0	13056.0
263.0	12587.0
264.0	13022.0
265.0	12957.0
266.0	12946.0
267.0	13161.0
268.0	13126.0
269.0	13063.0
270.0	13030.0
271.0	13123.0
272.0	13150.0
273.0	12747.0
274.0	13239.0
275.0	12920.0
276.0	12479.0
277.0	13096.0
278.0	13082.0
279.0	13013.0
280.0	13011.0
281.0	13045.0
282.0	12920.0
283.0	12877.0
284.0	12913.0
285.0	12994.0
286.0	13014.0
287.0	13471.0
288.0	12833.0
289.0	13351.0
290.0	12559.0
291.0	13864.0
292.0	12809.0
293.0	13101.0
294.0	13564.0
295.0	13243.0
296.0	12773.0
297.0	13067.0
298.0	12871.0
299.0	13633.0
300.0	13202.0
301.0	13025.0
302.0	13191.0
303.0	12826.0
304.0	12950.0
305.0	13213.0
306.0	12982.0
307.0	12694.0
308.0	13047.0
309.0	12935.0
310.0	13046.0
311.0	12910.0
312.0	12898.0
313.0	12810.0
314.0	13244.0
315.0	12739.0
316.0	13129.0
317.0	12865.0
318.0	13122.0
319.0	13348.0
320.0	12997.0
321.0	12528.0
322.0	13348.0
323.0	13110.0
324.0	13022.0
325.0	12922.0
326.0	13515.0
327.0	12770.0
328.0	12988.0
329.0	13253.0
330.0	12908.0
331.0	12866.0
332.0	12904.0
333.0	13140.0
334.0	13258.0
335.0	13075.0
336.0	12984.0
337.0	13184.0
338.0	13225.0
339.0	13071.0
340.0	12857.0
341.0	13123.0
342.0	13204.0
343.0	13367.0
344.0	13497.0
345.0	13015.0
346.0	13294.0
347.0	13220.0
348.0	12563.0
349.0	13639.0
350.0	12729.0
351.0	12544.0
352.0	13047.0
353.0	13221.0
354.0	12994.0
355.0	13035.0
356.0	12476.0
357.0	12898.0
358.0	12709.0
359.0	12975.0
360.0	12816.0
361.0	12648.0
362.0	12989.0
363.0	13220.0
364.0	13233.0
365.0	12917.0
366.0	13105.0
367.0	12799.0
368.0	12361.0
369.0	13287.0
370.0	13181.0
371.0	12613.0
372.0	13168.0
373.0	12932.0
374.0	13360.0
375.0	12746.0
376.0	12469.0
377.0	12828.0
378.0	12861.0
379.0	13040.0
380.0	13101.0
381.0	13197.0
382.0	13125.0
383.0	12897.0
384.0	12957.0
385.0	12810.0
386.0	12632.0
387.0	13328.0
388.0	13123.0
389.0	13174.0
390.0	12466.0
391.0	12760.0
392.0	12737.0
393.0	13509.0
394.0	13185.0
395.0	12805.0
396.0	12985.0
397.0	12988.0
398.0	13140.0
399.0	12563.0
400.0	13255.0
401.0	13092.0
402.0	12995.0
403.0	13065.0
404.0	13584.0
405.0	12801.0
406.0	12319.0
407.0	13039.0
408.0	12566.0
409.0	12735.0
410.0	13247.0
411.0	12917.0
412.0	13071.0
413.0	12897.0
414.0	13176.0
415.0	12912.0
416.0	12587.0
417.0	12767.0
418.0	12927.0
419.0	13125.0
420.0	13149.0
421.0	13031.0
422.0	13200.0
423.0	12660.0
424.0	12829.0
425.0	13495.0
426.0	12656.0
427.0	12729.0
428.0	13037.0
429.0	12795.0
430.0	12617.0
431.0	12868.0
432.0	12879.0
433.0	12550.0
434.0	12911.0
435.0	13150.0
436.0	12930.0
437.0	13072.0
438.0	13407.0
439.0	13197.0
440.0	13075.0
441.0	13404.0
442.0	12236.0
443.0	12708.0
444.0	12736.0
445.0	12874.0
446.0	13212.0
447.0	12583.0
448.0	13159.0
449.0	13083.0
450.0	12858.0
451.0	12667.0
452.0	13097.0
453.0	12926.0
454.0	12734.0
455.0	13268.0
456.0	12851.0
457.0	13133.0
458.0	12995.0
459.0	13132.0
460.0	12611.0
461.0	13169.0
462.0	13118.0
463.0	13256.0
464.0	13063.0
465.0	13271.0
466.0	13096.0
467.0	13014.0
468.0	13234.0
469.0	12746.0
470.0	13499.0
471.0	13154.0
472.0	12669.0
473.0	12824.0
474.0	13364.0
475.0	12911.0
476.0	13518.0
477.0	12669.0
478.0	13599.0
479.0	13014.0
480.0	13025.0
481.0	13413.0
482.0	13442.0
483.0	13420.0
484.0	13337.0
485.0	13543.0
486.0	13068.0
487.0	12930.0
488.0	12948.0
489.0	13302.0
490.0	13498.0
491.0	13278.0
492.0	13057.0
493.0	13072.0
494.0	12712.0
495.0	12989.0
496.0	13770.0
497.0	13755.0
498.0	13633.0
499.0	13210.0
500.0	13793.0
501.0	13701.0
502.0	13839.0
503.0	13443.0
504.0	12926.0
505.0	13466.0
506.0	12877.0
507.0	13609.0
508.0	13327.0
509.0	13263.0
510.0	13432.0
511.0	13024.0
512.0	13322.0
513.0	13119.0
514.0	13165.0
515.0	13835.0
516.0	13496.0
517.0	13285.0
518.0	13085.0
519.0	13239.0
520.0	12966.0
521.0	13096.0
522.0	13274.0
523.0	13526.0
524.0	13332.0
525.0	13540.0
526.0	13217.0
527.0	12782.0
528.0	13171.0
529.0	13062.0
530.0	12974.0
531.0	13319.0
532.0	13187.0
533.0	12760.0
534.0	12917.0
535.0	13568.0
536.0	13010.0
537.0	13381.0
538.0	13350.0
539.0	13335.0
540.0	13223.0
541.0	13757.0
542.0	13442.0
543.0	12941.0
544.0	13023.0
545.0	13418.0
546.0	12671.0
547.0	13294.0
548.0	13530.0
549.0	13015.0
550.0	13194.0
551.0	13543.0
552.0	13128.0
553.0	13520.0
554.0	13351.0
555.0	13093.0
556.0	13123.0
557.0	13803.0
558.0	12778.0
559.0	12836.0
560.0	13093.0
561.0	13161.0
562.0	13105.0
563.0	12866.0
564.0	12838.0
565.0	13408.0
566.0	13145.0
567.0	13827.0
568.0	12924.0
569.0	13093.0
570.0	13163.0
571.0	13100.0
572.0	12589.0
573.0	13428.0
574.0	13319.0
575.0	13250.0
576.0	13241.0
577.0	12529.0
578.0	12761.0
579.0	12762.0
580.0	13090.0
581.0	13372.0
582.0	13511.0
583.0	13125.0
584.0	13502.0
585.0	13076.0
586.0	13071.0
587.0	13279.0
588.0	13370.0
589.0	12953.0
590.0	12745.0
591.0	13497.0
592.0	13003.0
593.0	12741.0
594.0	12952.0
595.0	13011.0
596.0	12644.0
597.0	13338.0
598.0	13415.0
599.0	13655.0
600.0	13299.0
601.0	13629.0
602.0	12855.0
603.0	13790.0
604.0	13460.0
605.0	13348.0
606.0	12630.0
607.0	13711.0
608.0	12914.0
609.0	12851.0
610.0	13058.0
611.0	13043.0
612.0	13110.0
613.0	13102.0
614.0	13062.0
615.0	13214.0
616.0	13057.0
617.0	13128.0
618.0	12778.0
619.0	13256.0
620.0	13481.0
621.0	12805.0
622.0	13461.0
623.0	12613.0
624.0	13114.0
625.0	13040.0
626.0	12752.0
627.0	12553.0
628.0	13254.0
629.0	13617.0
630.0	13325.0
631.0	12745.0
632.0	13309.0
633.0	13209.0
634.0	13004.0
635.0	13063.0
636.0	13097.0
637.0	13195.0
638.0	13343.0
639.0	12932.0
640.0	13382.0
641.0	13442.0
642.0	12955.0
643.0	12975.0
644.0	13232.0
645.0	12610.0
646.0	13595.0
647.0	12532.0
648.0	12635.0
649.0	12729.0
650.0	13711.0
651.0	12843.0
652.0	12616.0
653.0	12782.0
654.0	13123.0
655.0	12521.0
656.0	12766.0
657.0	13022.0
658.0	13252.0
659.0	13003.0
660.0	12934.0
661.0	12967.0
662.0	12980.0
663.0	13184.0
664.0	12601.0
665.0	13341.0
666.0	12822.0
667.0	13240.0
668.0	13031.0
669.0	12530.0
670.0	13719.0
671.0	13079.0
672.0	13499.0
673.0	12843.0
674.0	12682.0
675.0	12716.0
676.0	12804.0
677.0	12808.0
678.0	13140.0
679.0	12597.0
680.0	13178.0
681.0	13128.0
682.0	12722.0
683.0	13732.0
684.0	12702.0
685.0	13456.0
686.0	12817.0
687.0	13501.0
688.0	14088.0
689.0	13126.0
690.0	12719.0
691.0	12955.0
692.0	12913.0
693.0	13007.0
694.0	13450.0
695.0	13011.0
696.0	12995.0
697.0	12862.0
698.0	13254.0
699.0	12996.0
700.0	13269.0
701.0	12975.0
702.0	12922.0
703.0	12857.0
704.0	13339.0
705.0	13256.0
706.0	13430.0
707.0	12819.0
708.0	12970.0
709.0	13170.0
710.0	13036.0
711.0	12395.0
712.0	13207.0
713.0	12837.0
714.0	12807.0
715.0	12802.0
716.0	12499.0
717.0	13145.0
718.0	13123.0
719.0	13209.0
720.0	12978.0
721.0	12702.0
722.0	12848.0
723.0	13123.0
724.0	12899.0
725.0	12868.0
726.0	13496.0
727.0	13053.0
728.0	12962.0
729.0	12998.0
730.0	12799.0
731.0	13177.0
732.0	13049.0
733.0	13259.0
734.0	13204.0
735.0	13287.0
736.0	13994.0
737.0	12696.0
738.0	13108.0
739.0	13182.0
740.0	12925.0
741.0	12620.0
742.0	12735.0
743.0	12937.0
744.0	13130.0
745.0	12705.0
746.0	13099.0
747.0	13066.0
748.0	12746.0
749.0	13131.0
750.0	12881.0
751.0	12851.0
752.0	12983.0
753.0	12658.0
754.0	12604.0
755.0	12676.0
756.0	12439.0
757.0	13118.0
758.0	13089.0
759.0	12527.0
760.0	13177.0
761.0	12920.0
762.0	13155.0
763.0	12853.0
764.0	12942.0
765.0	12512.0
766.0	12957.0
767.0	13310.0
768.0	12952.0
769.0	13093.0
770.0	12769.0
771.0	12870.0
772.0	13154.0
773.0	12815.0
774.0	13246.0
775.0	13059.0
776.0	13003.0
777.0	13509.0
778.0	12802.0
779.0	12751.0
780.0	13335.0
781.0	13022.0
782.0	13494.0
783.0	12487.0
784.0	12670.0
785.0	13609.0
786.0	13261.0
787.0	12697.0
788.0	12949.0
789.0	12841.0
790.0	13012.0
791.0	12510.0
792.0	12727.0
793.0	13478.0
794.0	12950.0
795.0	13528.0
796.0	12885.0
797.0	13057.0
798.0	13160.0
799.0	13079.0
800.0	13402.0
