$itime = 500
$wv_start = 190.0
$hv = 1000
$grating = 2 1200 g/mm BLZ= 500  nm
$x_amps = 10
$x_volts = 45
$sample = DB2339
$date = 2023-07-04
$temp = 232.0
$wv_stop = 800.0
$time = 12:01:27.564000
$wv_step = 1.0
190.0	12170.0
191.0	12739.0
192.0	11985.0
193.0	12347.0
194.0	12567.0
195.0	11586.0
196.0	12228.0
197.0	11893.0
198.0	12289.0
199.0	12658.0
200.0	12236.0
201.0	13054.0
202.0	12531.0
203.0	12123.0
204.0	12077.0
205.0	12628.0
206.0	12768.0
207.0	12156.0
208.0	12454.0
209.0	12283.0
210.0	12523.0
211.0	11994.0
212.0	12363.0
213.0	12433.0
214.0	12157.0
215.0	12409.0
216.0	12455.0
217.0	12111.0
218.0	12034.0
219.0	12429.0
220.0	13123.0
221.0	12058.0
222.0	12566.0
223.0	12790.0
224.0	12231.0
225.0	12444.0
226.0	12929.0
227.0	12144.0
228.0	12211.0
229.0	12270.0
230.0	12610.0
231.0	12487.0
232.0	12118.0
233.0	11984.0
234.0	11763.0
235.0	12118.0
236.0	12200.0
237.0	12285.0
238.0	12092.0
239.0	12051.0
240.0	12388.0
241.0	12635.0
242.0	11990.0
243.0	12399.0
244.0	11934.0
245.0	11977.0
246.0	12838.0
247.0	12164.0
248.0	12416.0
249.0	12409.0
250.0	12401.0
251.0	12552.0
252.0	12061.0
253.0	12154.0
254.0	12383.0
255.0	12391.0
256.0	12429.0
257.0	12644.0
258.0	12548.0
259.0	12173.0
260.0	12752.0
261.0	12538.0
262.0	12740.0
263.0	12871.0
264.0	12567.0
265.0	12530.0
266.0	13063.0
267.0	12527.0
268.0	12521.0
269.0	13089.0
270.0	12330.0
271.0	12827.0
272.0	12352.0
273.0	12573.0
274.0	12224.0
275.0	13041.0
276.0	12782.0
277.0	12495.0
278.0	12489.0
279.0	12659.0
280.0	12398.0
281.0	12498.0
282.0	12513.0
283.0	12698.0
284.0	12335.0
285.0	12330.0
286.0	13093.0
287.0	12576.0
288.0	12511.0
289.0	12815.0
290.0	12644.0
291.0	12889.0
292.0	12166.0
293.0	12754.0
294.0	12517.0
295.0	12785.0
296.0	12189.0
297.0	12778.0
298.0	12172.0
299.0	12958.0
300.0	12698.0
301.0	12255.0
302.0	12568.0
303.0	12560.0
304.0	12348.0
305.0	12857.0
306.0	12509.0
307.0	12179.0
308.0	12567.0
309.0	12574.0
310.0	13226.0
311.0	12209.0
312.0	12802.0
313.0	12507.0
314.0	12647.0
315.0	12790.0
316.0	13135.0
317.0	12669.0
318.0	12590.0
319.0	13067.0
320.0	12347.0
321.0	12448.0
322.0	12242.0
323.0	13229.0
324.0	12234.0
325.0	12365.0
326.0	12283.0
327.0	12049.0
328.0	12760.0
329.0	12470.0
330.0	12671.0
331.0	12043.0
332.0	12676.0
333.0	12229.0
334.0	12287.0
335.0	12521.0
336.0	12799.0
337.0	12437.0
338.0	12590.0
339.0	12491.0
340.0	12347.0
341.0	12248.0
342.0	12331.0
343.0	12395.0
344.0	12541.0
345.0	12659.0
346.0	12874.0
347.0	12386.0
348.0	12648.0
349.0	12734.0
350.0	12330.0
351.0	12737.0
352.0	11852.0
353.0	12646.0
354.0	11963.0
355.0	12480.0
356.0	12389.0
357.0	12799.0
358.0	12538.0
359.0	12432.0
360.0	12147.0
361.0	12421.0
362.0	12492.0
363.0	12145.0
364.0	12237.0
365.0	12337.0
366.0	12090.0
367.0	12580.0
368.0	12246.0
369.0	12705.0
370.0	12603.0
371.0	13196.0
372.0	12932.0
373.0	12395.0
374.0	13027.0
375.0	12293.0
376.0	12802.0
377.0	12926.0
378.0	12681.0
379.0	12417.0
380.0	12045.0
381.0	12645.0
382.0	12077.0
383.0	12607.0
384.0	11943.0
385.0	12584.0
386.0	12203.0
387.0	13101.0
388.0	12432.0
389.0	12298.0
390.0	12518.0
391.0	12209.0
392.0	12411.0
393.0	12205.0
394.0	11969.0
395.0	12409.0
396.0	12741.0
397.0	12487.0
398.0	12163.0
399.0	12424.0
400.0	12504.0
401.0	12376.0
402.0	12804.0
403.0	12186.0
404.0	12472.0
405.0	12487.0
406.0	12471.0
407.0	11887.0
408.0	12066.0
409.0	12477.0
410.0	12978.0
411.0	12466.0
412.0	12361.0
413.0	12348.0
414.0	12749.0
415.0	12815.0
416.0	12654.0
417.0	12734.0
418.0	12436.0
419.0	12265.0
420.0	12131.0
421.0	11915.0
422.0	12540.0
423.0	12848.0
424.0	12571.0
425.0	12265.0
426.0	12191.0
427.0	12035.0
428.0	12778.0
429.0	12509.0
430.0	12045.0
431.0	12446.0
432.0	12363.0
433.0	12433.0
434.0	12372.0
435.0	12858.0
436.0	12263.0
437.0	12548.0
438.0	12708.0
439.0	12813.0
440.0	12512.0
441.0	12601.0
442.0	12408.0
443.0	12455.0
444.0	13129.0
445.0	12307.0
446.0	12085.0
447.0	12111.0
448.0	12393.0
449.0	12523.0
450.0	12850.0
451.0	12604.0
452.0	11951.0
453.0	12903.0
454.0	12475.0
455.0	12748.0
456.0	12545.0
457.0	12281.0
458.0	12511.0
459.0	12753.0
460.0	12347.0
461.0	12645.0
462.0	12893.0
463.0	12457.0
464.0	12862.0
465.0	12877.0
466.0	12296.0
467.0	12385.0
468.0	11862.0
469.0	12644.0
470.0	12293.0
471.0	12733.0
472.0	12720.0
473.0	12509.0
474.0	12134.0
475.0	12898.0
476.0	12567.0
477.0	12654.0
478.0	12222.0
479.0	12579.0
480.0	12635.0
481.0	12615.0
482.0	13144.0
483.0	12997.0
484.0	12429.0
485.0	12675.0
486.0	12480.0
487.0	12771.0
488.0	12560.0
489.0	12513.0
490.0	12466.0
491.0	12724.0
492.0	13104.0
493.0	12430.0
494.0	12675.0
495.0	12371.0
496.0	12970.0
497.0	12649.0
498.0	12711.0
499.0	12515.0
500.0	12332.0
501.0	12625.0
502.0	12494.0
503.0	12426.0
504.0	12796.0
505.0	12670.0
506.0	12559.0
507.0	12798.0
508.0	12852.0
509.0	12739.0
510.0	12971.0
511.0	12248.0
512.0	12543.0
513.0	12246.0
514.0	11923.0
515.0	13128.0
516.0	12658.0
517.0	12546.0
518.0	13378.0
519.0	12695.0
520.0	12613.0
521.0	12872.0
522.0	12647.0
523.0	12481.0
524.0	12786.0
525.0	12910.0
526.0	12335.0
527.0	12550.0
528.0	12925.0
529.0	12574.0
530.0	12991.0
531.0	12481.0
532.0	12381.0
533.0	13332.0
534.0	12685.0
535.0	12681.0
536.0	13150.0
537.0	12929.0
538.0	13052.0
539.0	12454.0
540.0	12594.0
541.0	12498.0
542.0	12740.0
543.0	12805.0
544.0	12936.0
545.0	12546.0
546.0	12837.0
547.0	12844.0
548.0	12502.0
549.0	12778.0
550.0	12947.0
551.0	12955.0
552.0	12542.0
553.0	12391.0
554.0	12647.0
555.0	12824.0
556.0	12829.0
557.0	12090.0
558.0	12734.0
559.0	12148.0
560.0	12860.0
561.0	12505.0
562.0	12769.0
563.0	12490.0
564.0	12527.0
565.0	12822.0
566.0	12851.0
567.0	12957.0
568.0	12286.0
569.0	12804.0
570.0	12660.0
571.0	12769.0
572.0	12971.0
573.0	12479.0
574.0	12530.0
575.0	12450.0
576.0	12621.0
577.0	12573.0
578.0	12600.0
579.0	12297.0
580.0	12527.0
581.0	12246.0
582.0	12395.0
583.0	12284.0
584.0	12294.0
585.0	12651.0
586.0	12104.0
587.0	12863.0
588.0	12574.0
589.0	12268.0
590.0	12707.0
591.0	12684.0
592.0	12539.0
593.0	12463.0
594.0	12696.0
595.0	13008.0
596.0	12255.0
597.0	12391.0
598.0	12600.0
599.0	12230.0
600.0	12236.0
601.0	12719.0
602.0	12423.0
603.0	12246.0
604.0	12409.0
605.0	12012.0
606.0	12553.0
607.0	12448.0
608.0	12999.0
609.0	12538.0
610.0	12676.0
611.0	12111.0
612.0	11984.0
613.0	12339.0
614.0	12528.0
615.0	12665.0
616.0	11973.0
617.0	12976.0
618.0	12519.0
619.0	12134.0
620.0	12822.0
621.0	12370.0
622.0	12761.0
623.0	12523.0
624.0	12146.0
625.0	12499.0
626.0	12316.0
627.0	12301.0
628.0	12301.0
629.0	12749.0
630.0	12020.0
631.0	12347.0
632.0	12408.0
633.0	12503.0
634.0	12401.0
635.0	12319.0
636.0	12550.0
637.0	12179.0
638.0	12553.0
639.0	12377.0
640.0	12453.0
641.0	12070.0
642.0	12931.0
643.0	12305.0
644.0	12442.0
645.0	13097.0
646.0	12691.0
647.0	12553.0
648.0	12027.0
649.0	11724.0
650.0	12581.0
651.0	12876.0
652.0	12546.0
653.0	12127.0
654.0	12747.0
655.0	12764.0
656.0	12195.0
657.0	13015.0
658.0	12504.0
659.0	12855.0
660.0	12175.0
661.0	12824.0
662.0	13050.0
663.0	12568.0
664.0	12813.0
665.0	12429.0
666.0	12716.0
667.0	12304.0
668.0	12038.0
669.0	12553.0
670.0	11770.0
671.0	13033.0
672.0	12854.0
673.0	12611.0
674.0	12858.0
675.0	12567.0
676.0	12319.0
677.0	12364.0
678.0	12292.0
679.0	12816.0
680.0	12306.0
681.0	12546.0
682.0	12499.0
683.0	12520.0
684.0	12625.0
685.0	12544.0
686.0	12533.0
687.0	12879.0
688.0	12703.0
689.0	11920.0
690.0	12676.0
691.0	12010.0
692.0	12506.0
693.0	12750.0
694.0	12228.0
695.0	11972.0
696.0	11791.0
697.0	12576.0
698.0	12273.0
699.0	12568.0
700.0	12686.0
701.0	12309.0
702.0	12732.0
703.0	12905.0
704.0	12305.0
705.0	12476.0
706.0	11979.0
707.0	12117.0
708.0	12669.0
709.0	12153.0
710.0	12434.0
711.0	12554.0
712.0	12434.0
713.0	12358.0
714.0	12379.0
715.0	12352.0
716.0	12020.0
717.0	12248.0
718.0	12588.0
719.0	12381.0
720.0	12550.0
721.0	12229.0
722.0	12233.0
723.0	12425.0
724.0	12275.0
725.0	12405.0
726.0	12539.0
727.0	12766.0
728.0	12685.0
729.0	12350.0
730.0	12742.0
731.0	13144.0
732.0	12350.0
733.0	12546.0
734.0	12422.0
735.0	12851.0
736.0	12874.0
737.0	12740.0
738.0	12294.0
739.0	12734.0
740.0	12509.0
741.0	12045.0
742.0	12913.0
743.0	12807.0
744.0	12643.0
745.0	12576.0
746.0	12683.0
747.0	12481.0
748.0	12680.0
749.0	12299.0
750.0	11834.0
751.0	12735.0
752.0	12347.0
753.0	12545.0
754.0	13295.0
755.0	12408.0
756.0	12099.0
757.0	12408.0
758.0	12090.0
759.0	12357.0
760.0	11880.0
761.0	12771.0
762.0	12243.0
763.0	12803.0
764.0	12167.0
765.0	12539.0
766.0	12101.0
767.0	12932.0
768.0	12546.0
769.0	12399.0
770.0	12479.0
771.0	12511.0
772.0	12656.0
773.0	12420.0
774.0	12284.0
775.0	12448.0
776.0	11985.0
777.0	12541.0
778.0	12408.0
779.0	13471.0
780.0	12530.0
781.0	12358.0
782.0	12708.0
783.0	12285.0
784.0	12043.0
785.0	12530.0
786.0	12317.0
787.0	12538.0
788.0	12133.0
789.0	12618.0
790.0	12312.0
791.0	12467.0
792.0	12306.0
793.0	12126.0
794.0	12499.0
795.0	12525.0
796.0	12747.0
797.0	11890.0
798.0	12000.0
799.0	12474.0
800.0	12923.0
