$itime = 500
$wv_start = 190.0
$hv = 1000
$grating = 2 1200 g/mm BLZ= 500  nm
$x_amps = 10
$x_volts = 45
$sample = DB2339
$date = 2023-07-04
$temp = 152.01
$wv_stop = 800.0
$time = 12:01:27.564000
$wv_step = 1.0
190.0	12987.0
191.0	13332.0
192.0	12875.0
193.0	12544.0
194.0	13374.0
195.0	13137.0
196.0	13496.0
197.0	13650.0
198.0	13173.0
199.0	13667.0
200.0	13574.0
201.0	13268.0
202.0	13498.0
203.0	13143.0
204.0	13333.0
205.0	12961.0
206.0	13369.0
207.0	12984.0
208.0	13623.0
209.0	13025.0
210.0	13309.0
211.0	13093.0
212.0	13417.0
213.0	13164.0
214.0	13364.0
215.0	13440.0
216.0	12953.0
217.0	13719.0
218.0	13261.0
219.0	13564.0
220.0	13101.0
221.0	13270.0
222.0	13485.0
223.0	13398.0
224.0	13475.0
225.0	13239.0
226.0	13497.0
227.0	13205.0
228.0	13063.0
229.0	13614.0
230.0	13194.0
231.0	12861.0
232.0	13258.0
233.0	12559.0
234.0	13180.0
235.0	13598.0
236.0	13437.0
237.0	13231.0
238.0	13278.0
239.0	13052.0
240.0	13486.0
241.0	13367.0
242.0	13562.0
243.0	13269.0
244.0	13098.0
245.0	13172.0
246.0	13247.0
247.0	13516.0
248.0	12848.0
249.0	13232.0
250.0	13067.0
251.0	13542.0
252.0	13015.0
253.0	13422.0
254.0	13118.0
255.0	13420.0
256.0	13244.0
257.0	13285.0
258.0	12779.0
259.0	13294.0
260.0	13397.0
261.0	13152.0
262.0	13117.0
263.0	13279.0
264.0	13441.0
265.0	13560.0
266.0	12929.0
267.0	13328.0
268.0	13308.0
269.0	13854.0
270.0	13142.0
271.0	13827.0
272.0	13373.0
273.0	13257.0
274.0	13132.0
275.0	13431.0
276.0	12884.0
277.0	13213.0
278.0	13683.0
279.0	13439.0
280.0	13574.0
281.0	13330.0
282.0	13214.0
283.0	13616.0
284.0	13397.0
285.0	13474.0
286.0	13840.0
287.0	13511.0
288.0	12857.0
289.0	13140.0
290.0	13178.0
291.0	13586.0
292.0	13361.0
293.0	13129.0
294.0	13784.0
295.0	13145.0
296.0	12901.0
297.0	13711.0
298.0	13183.0
299.0	13005.0
300.0	13193.0
301.0	13786.0
302.0	13321.0
303.0	13813.0
304.0	12908.0
305.0	13532.0
306.0	13061.0
307.0	13928.0
308.0	13037.0
309.0	13089.0
310.0	13407.0
311.0	12874.0
312.0	13818.0
313.0	13715.0
314.0	13491.0
315.0	13447.0
316.0	13321.0
317.0	13822.0
318.0	13456.0
319.0	13366.0
320.0	13553.0
321.0	13100.0
322.0	13600.0
323.0	13414.0
324.0	13243.0
325.0	13203.0
326.0	13064.0
327.0	13478.0
328.0	13228.0
329.0	13385.0
330.0	13099.0
331.0	13409.0
332.0	13372.0
333.0	13463.0
334.0	13063.0
335.0	13607.0
336.0	13038.0
337.0	13059.0
338.0	14005.0
339.0	13274.0
340.0	13433.0
341.0	13597.0
342.0	13057.0
343.0	13553.0
344.0	13477.0
345.0	13378.0
346.0	12847.0
347.0	13483.0
348.0	13383.0
349.0	13592.0
350.0	13555.0
351.0	13510.0
352.0	13789.0
353.0	13208.0
354.0	13409.0
355.0	13561.0
356.0	13786.0
357.0	13245.0
358.0	13279.0
359.0	13677.0
360.0	13022.0
361.0	13348.0
362.0	13588.0
363.0	13541.0
364.0	13287.0
365.0	13124.0
366.0	13155.0
367.0	13088.0
368.0	13597.0
369.0	13163.0
370.0	12996.0
371.0	13340.0
372.0	13448.0
373.0	12978.0
374.0	13149.0
375.0	13327.0
376.0	13150.0
377.0	13711.0
378.0	13270.0
379.0	13529.0
380.0	12876.0
381.0	13259.0
382.0	12889.0
383.0	13007.0
384.0	13947.0
385.0	12791.0
386.0	13557.0
387.0	13533.0
388.0	13452.0
389.0	13060.0
390.0	13393.0
391.0	13484.0
392.0	13520.0
393.0	12990.0
394.0	13413.0
395.0	13406.0
396.0	12877.0
397.0	13449.0
398.0	13454.0
399.0	13136.0
400.0	13254.0
401.0	13718.0
402.0	13430.0
403.0	13609.0
404.0	13941.0
405.0	12850.0
406.0	13395.0
407.0	13247.0
408.0	13294.0
409.0	13526.0
410.0	13316.0
411.0	12998.0
412.0	12876.0
413.0	13438.0
414.0	12975.0
415.0	12952.0
416.0	13011.0
417.0	13119.0
418.0	13140.0
419.0	12644.0
420.0	13383.0
421.0	12975.0
422.0	12877.0
423.0	13796.0
424.0	13425.0
425.0	13261.0
426.0	13412.0
427.0	13259.0
428.0	13786.0
429.0	13669.0
430.0	13169.0
431.0	13238.0
432.0	13073.0
433.0	13459.0
434.0	12922.0
435.0	13449.0
436.0	13058.0
437.0	13390.0
438.0	12898.0
439.0	13368.0
440.0	13457.0
441.0	12821.0
442.0	13474.0
443.0	12894.0
444.0	13442.0
445.0	13832.0
446.0	13322.0
447.0	13672.0
448.0	13600.0
449.0	13365.0
450.0	14343.0
451.0	13531.0
452.0	13292.0
453.0	13840.0
454.0	13518.0
455.0	13457.0
456.0	13471.0
457.0	13604.0
458.0	13021.0
459.0	13603.0
460.0	13422.0
461.0	13587.0
462.0	13247.0
463.0	13219.0
464.0	14008.0
465.0	13154.0
466.0	13151.0
467.0	13184.0
468.0	14041.0
469.0	13841.0
470.0	13635.0
471.0	13747.0
472.0	13686.0
473.0	14013.0
474.0	13888.0
475.0	13358.0
476.0	13354.0
477.0	13511.0
478.0	13658.0
479.0	13519.0
480.0	13760.0
481.0	13611.0
482.0	13420.0
483.0	13753.0
484.0	14484.0
485.0	13651.0
486.0	13409.0
487.0	13259.0
488.0	12830.0
489.0	13670.0
490.0	13031.0
491.0	13516.0
492.0	13249.0
493.0	13433.0
494.0	13722.0
495.0	13105.0
496.0	13550.0
497.0	13324.0
498.0	13610.0
499.0	13656.0
500.0	13868.0
501.0	13375.0
502.0	13624.0
503.0	14000.0
504.0	14474.0
505.0	13450.0
506.0	13411.0
507.0	13801.0
508.0	13334.0
509.0	13498.0
510.0	13716.0
511.0	13623.0
512.0	13383.0
513.0	13496.0
514.0	13195.0
515.0	13739.0
516.0	13753.0
517.0	13359.0
518.0	13495.0
519.0	13390.0
520.0	13095.0
521.0	13765.0
522.0	13562.0
523.0	13281.0
524.0	13059.0
525.0	13295.0
526.0	14148.0
527.0	14190.0
528.0	14169.0
529.0	13249.0
530.0	13864.0
531.0	13945.0
532.0	13794.0
533.0	14016.0
534.0	13404.0
535.0	13366.0
536.0	12898.0
537.0	13625.0
538.0	13204.0
539.0	13263.0
540.0	13263.0
541.0	13343.0
542.0	13538.0
543.0	13408.0
544.0	13930.0
545.0	13768.0
546.0	13376.0
547.0	13736.0
548.0	13586.0
549.0	13165.0
550.0	13528.0
551.0	13268.0
552.0	13132.0
553.0	13506.0
554.0	13332.0
555.0	13595.0
556.0	13415.0
557.0	12895.0
558.0	13625.0
559.0	13328.0
560.0	13312.0
561.0	13836.0
562.0	14088.0
563.0	13952.0
564.0	13947.0
565.0	13086.0
566.0	13048.0
567.0	13504.0
568.0	12987.0
569.0	13336.0
570.0	12886.0
571.0	13281.0
572.0	13393.0
573.0	13875.0
574.0	13641.0
575.0	13655.0
576.0	13580.0
577.0	13105.0
578.0	13379.0
579.0	13560.0
580.0	13792.0
581.0	13048.0
582.0	13295.0
583.0	13517.0
584.0	13803.0
585.0	13944.0
586.0	13105.0
587.0	13154.0
588.0	13561.0
589.0	12847.0
590.0	13413.0
591.0	13365.0
592.0	14005.0
593.0	13334.0
594.0	13659.0
595.0	13017.0
596.0	13526.0
597.0	13286.0
598.0	13636.0
599.0	13639.0
600.0	13063.0
601.0	13312.0
602.0	13136.0
603.0	13192.0
604.0	13017.0
605.0	13653.0
606.0	13324.0
607.0	13351.0
608.0	13136.0
609.0	13559.0
610.0	13853.0
611.0	13661.0
612.0	13223.0
613.0	13305.0
614.0	13088.0
615.0	13340.0
616.0	13697.0
617.0	13257.0
618.0	13597.0
619.0	13224.0
620.0	13309.0
621.0	13641.0
622.0	13553.0
623.0	13451.0
624.0	13707.0
625.0	13367.0
626.0	13310.0
627.0	13380.0
628.0	12719.0
629.0	13808.0
630.0	13011.0
631.0	13498.0
632.0	13017.0
633.0	13426.0
634.0	13018.0
635.0	13512.0
636.0	13644.0
637.0	13281.0
638.0	13157.0
639.0	13021.0
640.0	13764.0
641.0	13247.0
642.0	13531.0
643.0	14004.0
644.0	13082.0
645.0	13003.0
646.0	13079.0
647.0	13833.0
648.0	13181.0
649.0	12723.0
650.0	13269.0
651.0	13817.0
652.0	13374.0
653.0	13724.0
654.0	13367.0
655.0	13636.0
656.0	13308.0
657.0	13441.0
658.0	13523.0
659.0	12975.0
660.0	13269.0
661.0	12879.0
662.0	13090.0
663.0	12836.0
664.0	13145.0
665.0	13596.0
666.0	13367.0
667.0	13090.0
668.0	13784.0
669.0	13176.0
670.0	12740.0
671.0	13684.0
672.0	13200.0
673.0	13784.0
674.0	13295.0
675.0	13391.0
676.0	13881.0
677.0	12907.0
678.0	13212.0
679.0	13240.0
680.0	13121.0
681.0	13021.0
682.0	13162.0
683.0	13142.0
684.0	13001.0
685.0	13669.0
686.0	13260.0
687.0	12889.0
688.0	13412.0
689.0	13192.0
690.0	13831.0
691.0	13304.0
692.0	13015.0
693.0	12871.0
694.0	13836.0
695.0	13525.0
696.0	13377.0
697.0	13128.0
698.0	14113.0
699.0	13431.0
700.0	13399.0
701.0	12889.0
702.0	12957.0
703.0	13409.0
704.0	12715.0
705.0	13407.0
706.0	12911.0
707.0	12966.0
708.0	13137.0
709.0	13200.0
710.0	13335.0
711.0	13284.0
712.0	13364.0
713.0	13862.0
714.0	13404.0
715.0	13766.0
716.0	13329.0
717.0	13132.0
718.0	13252.0
719.0	13688.0
720.0	13353.0
721.0	13261.0
722.0	13116.0
723.0	13640.0
724.0	13345.0
725.0	13633.0
726.0	13481.0
727.0	13482.0
728.0	12979.0
729.0	13155.0
730.0	13011.0
731.0	13254.0
732.0	13635.0
733.0	12881.0
734.0	13520.0
735.0	13529.0
736.0	13203.0
737.0	13564.0
738.0	13381.0
739.0	13547.0
740.0	13897.0
741.0	12835.0
742.0	13475.0
743.0	12669.0
744.0	13436.0
745.0	13143.0
746.0	13292.0
747.0	13635.0
748.0	13832.0
749.0	13150.0
750.0	13363.0
751.0	13384.0
752.0	13332.0
753.0	13384.0
754.0	13395.0
755.0	13513.0
756.0	13364.0
757.0	13545.0
758.0	13367.0
759.0	13487.0
760.0	13837.0
761.0	13735.0
762.0	13240.0
763.0	13976.0
764.0	13010.0
765.0	13535.0
766.0	13009.0
767.0	13343.0
768.0	13595.0
769.0	12926.0
770.0	13157.0
771.0	13091.0
772.0	13255.0
773.0	13651.0
774.0	13309.0
775.0	13999.0
776.0	13249.0
777.0	13318.0
778.0	13351.0
779.0	13144.0
780.0	13327.0
781.0	13174.0
782.0	13611.0
783.0	13413.0
784.0	13632.0
785.0	13480.0
786.0	13259.0
787.0	13952.0
788.0	13836.0
789.0	13120.0
790.0	13305.0
791.0	13501.0
792.0	14067.0
793.0	13255.0
794.0	13334.0
795.0	13866.0
796.0	13150.0
797.0	13033.0
798.0	13490.0
799.0	13105.0
800.0	13081.0
