$itime = 500
$wv_start = 190.0
$hv = 1000
$grating = 2 1200 g/mm BLZ= 500  nm
$x_amps = 10
$x_volts = 45
$sample = DB2339
$date = 2023-07-04
$temp = 282.0
$wv_stop = 800.0
$time = 12:01:27.564000
$wv_step = 1.0
190.0	11704.0
191.0	11546.0
192.0	12113.0
193.0	12052.0
194.0	11850.0
195.0	12051.0
196.0	11713.0
197.0	12461.0
198.0	11723.0
199.0	11786.0
200.0	11565.0
201.0	12391.0
202.0	11703.0
203.0	11976.0
204.0	11875.0
205.0	12214.0
206.0	12333.0
207.0	12233.0
208.0	12309.0
209.0	11996.0
210.0	12018.0
211.0	11668.0
212.0	12063.0
213.0	11777.0
214.0	12816.0
215.0	11787.0
216.0	11928.0
217.0	12020.0
218.0	12233.0
219.0	11834.0
220.0	11796.0
221.0	12149.0
222.0	11990.0
223.0	12225.0
224.0	12061.0
225.0	12272.0
226.0	11865.0
227.0	11814.0
228.0	11827.0
229.0	11809.0
230.0	12187.0
231.0	11712.0
232.0	12115.0
233.0	11955.0
234.0	12517.0
235.0	12117.0
236.0	11890.0
237.0	11392.0
238.0	12158.0
239.0	12241.0
240.0	11825.0
241.0	12363.0
242.0	12199.0
243.0	11478.0
244.0	12288.0
245.0	11552.0
246.0	12166.0
247.0	12130.0
248.0	11650.0
249.0	12090.0
250.0	11962.0
251.0	11963.0
252.0	12177.0
253.0	12408.0
254.0	11883.0
255.0	11988.0
256.0	11979.0
257.0	11888.0
258.0	11730.0
259.0	12037.0
260.0	11996.0
261.0	12243.0
262.0	11724.0
263.0	12043.0
264.0	12333.0
265.0	11834.0
266.0	11683.0
267.0	12137.0
268.0	11979.0
269.0	11990.0
270.0	11724.0
271.0	11831.0
272.0	11706.0
273.0	12125.0
274.0	12546.0
275.0	12187.0
276.0	11993.0
277.0	12347.0
278.0	11843.0
279.0	12235.0
280.0	12293.0
281.0	12461.0
282.0	11996.0
283.0	12141.0
284.0	11981.0
285.0	12069.0
286.0	12145.0
287.0	12295.0
288.0	11928.0
289.0	12187.0
290.0	12390.0
291.0	12223.0
292.0	12271.0
293.0	12201.0
294.0	11663.0
295.0	11963.0
296.0	12304.0
297.0	11581.0
298.0	11917.0
299.0	12368.0
300.0	12539.0
301.0	11335.0
302.0	12243.0
303.0	11980.0
304.0	11655.0
305.0	12155.0
306.0	12289.0
307.0	12675.0
308.0	12133.0
309.0	11888.0
310.0	12180.0
311.0	11976.0
312.0	12376.0
313.0	11921.0
314.0	12499.0
315.0	11893.0
316.0	12279.0
317.0	12438.0
318.0	11795.0
319.0	12330.0
320.0	11728.0
321.0	12248.0
322.0	12402.0
323.0	12118.0
324.0	12587.0
325.0	12385.0
326.0	12077.0
327.0	11958.0
328.0	12309.0
329.0	11828.0
330.0	12022.0
331.0	11893.0
332.0	12117.0
333.0	11638.0
334.0	12394.0
335.0	12446.0
336.0	12233.0
337.0	12147.0
338.0	12150.0
339.0	12281.0
340.0	11963.0
341.0	11963.0
342.0	11827.0
343.0	12049.0
344.0	11600.0
345.0	12061.0
346.0	12209.0
347.0	11973.0
348.0	12403.0
349.0	12071.0
350.0	12045.0
351.0	12060.0
352.0	11963.0
353.0	11873.0
354.0	12272.0
355.0	12316.0
356.0	11650.0
357.0	11875.0
358.0	12233.0
359.0	12107.0
360.0	11942.0
361.0	12052.0
362.0	12233.0
363.0	11755.0
364.0	11985.0
365.0	11867.0
366.0	11725.0
367.0	12377.0
368.0	12108.0
369.0	12067.0
370.0	12715.0
371.0	11892.0
372.0	11751.0
373.0	11788.0
374.0	12037.0
375.0	12116.0
376.0	12091.0
377.0	11954.0
378.0	12027.0
379.0	12463.0
380.0	12265.0
381.0	11918.0
382.0	11982.0
383.0	12106.0
384.0	12121.0
385.0	11972.0
386.0	11820.0
387.0	12408.0
388.0	11921.0
389.0	12058.0
390.0	11965.0
391.0	12038.0
392.0	11709.0
393.0	11998.0
394.0	11799.0
395.0	11970.0
396.0	12289.0
397.0	12331.0
398.0	11900.0
399.0	12131.0
400.0	12039.0
401.0	11692.0
402.0	11662.0
403.0	12209.0
404.0	11890.0
405.0	11916.0
406.0	12104.0
407.0	11818.0
408.0	12376.0
409.0	12270.0
410.0	12186.0
411.0	11932.0
412.0	11709.0
413.0	11739.0
414.0	12254.0
415.0	11506.0
416.0	11680.0
417.0	12096.0
418.0	12209.0
419.0	11814.0
420.0	12023.0
421.0	11712.0
422.0	11927.0
423.0	11866.0
424.0	12159.0
425.0	12187.0
426.0	12092.0
427.0	11963.0
428.0	12297.0
429.0	12133.0
430.0	12007.0
431.0	11876.0
432.0	12517.0
433.0	12288.0
434.0	12028.0
435.0	12262.0
436.0	12175.0
437.0	12184.0
438.0	12088.0
439.0	12039.0
440.0	11884.0
441.0	11658.0
442.0	12042.0
443.0	11496.0
444.0	11973.0
445.0	11933.0
446.0	11814.0
447.0	11816.0
448.0	11770.0
449.0	11966.0
450.0	11834.0
451.0	12001.0
452.0	11954.0
453.0	11932.0
454.0	12192.0
455.0	12236.0
456.0	12058.0
457.0	12126.0
458.0	11811.0
459.0	11916.0
460.0	11859.0
461.0	11988.0
462.0	12139.0
463.0	12287.0
464.0	11735.0
465.0	11812.0
466.0	11812.0
467.0	12019.0
468.0	12065.0
469.0	12090.0
470.0	11676.0
471.0	12427.0
472.0	12420.0
473.0	11971.0
474.0	12049.0
475.0	12060.0
476.0	11572.0
477.0	12208.0
478.0	12104.0
479.0	11466.0
480.0	11808.0
481.0	11793.0
482.0	11841.0
483.0	12206.0
484.0	12087.0
485.0	12267.0
486.0	12354.0
487.0	12059.0
488.0	11683.0
489.0	12431.0
490.0	12443.0
491.0	12155.0
492.0	12317.0
493.0	12056.0
494.0	11958.0
495.0	11638.0
496.0	12053.0
497.0	12157.0
498.0	12474.0
499.0	12547.0
500.0	12144.0
501.0	12411.0
502.0	12007.0
503.0	11706.0
504.0	11977.0
505.0	12580.0
506.0	12283.0
507.0	12173.0
508.0	12217.0
509.0	12209.0
510.0	11787.0
511.0	12059.0
512.0	12497.0
513.0	12309.0
514.0	11580.0
515.0	12194.0
516.0	11898.0
517.0	12100.0
518.0	11818.0
519.0	11844.0
520.0	12228.0
521.0	12216.0
522.0	11796.0
523.0	12006.0
524.0	11868.0
525.0	12289.0
526.0	11792.0
527.0	12347.0
528.0	12332.0
529.0	12101.0
530.0	12242.0
531.0	11909.0
532.0	12159.0
533.0	12398.0
534.0	11697.0
535.0	12138.0
536.0	12263.0
537.0	11861.0
538.0	12170.0
539.0	12304.0
540.0	11888.0
541.0	12127.0
542.0	12313.0
543.0	12676.0
544.0	12163.0
545.0	12233.0
546.0	12080.0
547.0	11585.0
548.0	12445.0
549.0	12595.0
550.0	12058.0
551.0	11818.0
552.0	12365.0
553.0	12316.0
554.0	11916.0
555.0	12039.0
556.0	12022.0
557.0	11841.0
558.0	12246.0
559.0	12240.0
560.0	12701.0
561.0	12381.0
562.0	12171.0
563.0	12496.0
564.0	12373.0
565.0	11741.0
566.0	12333.0
567.0	11534.0
568.0	12225.0
569.0	12345.0
570.0	11997.0
571.0	12062.0
572.0	12159.0
573.0	11878.0
574.0	11668.0
575.0	12126.0
576.0	12141.0
577.0	11918.0
578.0	11797.0
579.0	11938.0
580.0	12367.0
581.0	12590.0
582.0	11763.0
583.0	12332.0
584.0	12124.0
585.0	12288.0
586.0	12326.0
587.0	12054.0
588.0	12411.0
589.0	11926.0
590.0	11297.0
591.0	12090.0
592.0	12408.0
593.0	11792.0
594.0	11866.0
595.0	11928.0
596.0	12243.0
597.0	12140.0
598.0	12135.0
599.0	11883.0
600.0	11965.0
601.0	12717.0
602.0	11950.0
603.0	12273.0
604.0	12636.0
605.0	11999.0
606.0	12076.0
607.0	12125.0
608.0	11718.0
609.0	11707.0
610.0	12102.0
611.0	12407.0
612.0	12576.0
613.0	12385.0
614.0	11953.0
615.0	12199.0
616.0	11808.0
617.0	11866.0
618.0	12045.0
619.0	12178.0
620.0	12347.0
621.0	12442.0
622.0	12186.0
623.0	11974.0
624.0	12022.0
625.0	12217.0
626.0	11763.0
627.0	12131.0
628.0	12207.0
629.0	12183.0
630.0	11932.0
631.0	12382.0
632.0	11927.0
633.0	12204.0
634.0	11948.0
635.0	11975.0
636.0	11666.0
637.0	12347.0
638.0	11706.0
639.0	11954.0
640.0	12588.0
641.0	12315.0
642.0	11821.0
643.0	12417.0
644.0	12541.0
645.0	11464.0
646.0	11974.0
647.0	12317.0
648.0	11854.0
649.0	11668.0
650.0	11971.0
651.0	11826.0
652.0	11818.0
653.0	11812.0
654.0	12532.0
655.0	12145.0
656.0	12063.0
657.0	12175.0
658.0	11883.0
659.0	11528.0
660.0	12060.0
661.0	11928.0
662.0	11858.0
663.0	11652.0
664.0	12246.0
665.0	11729.0
666.0	12254.0
667.0	12038.0
668.0	12034.0
669.0	12343.0
670.0	11730.0
671.0	11909.0
672.0	12461.0
673.0	11813.0
674.0	12149.0
675.0	11918.0
676.0	11909.0
677.0	11960.0
678.0	12248.0
679.0	11725.0
680.0	12111.0
681.0	11898.0
682.0	12243.0
683.0	12168.0
684.0	11963.0
685.0	12126.0
686.0	12287.0
687.0	12077.0
688.0	12058.0
689.0	11926.0
690.0	11996.0
691.0	11728.0
692.0	11862.0
693.0	11876.0
694.0	11872.0
695.0	11654.0
696.0	11878.0
697.0	11901.0
698.0	11864.0
699.0	11936.0
700.0	12252.0
701.0	12173.0
702.0	12147.0
703.0	12059.0
704.0	12007.0
705.0	11998.0
706.0	12183.0
707.0	12632.0
708.0	11909.0
709.0	12454.0
710.0	11724.0
711.0	11621.0
712.0	12000.0
713.0	11718.0
714.0	12343.0
715.0	12539.0
716.0	12437.0
717.0	11817.0
718.0	12157.0
719.0	11661.0
720.0	12274.0
721.0	12177.0
722.0	12075.0
723.0	11724.0
724.0	12294.0
725.0	12182.0
726.0	12192.0
727.0	12451.0
728.0	12039.0
729.0	11811.0
730.0	11683.0
731.0	12185.0
732.0	11992.0
733.0	12185.0
734.0	11763.0
735.0	11936.0
736.0	11825.0
737.0	11958.0
738.0	12106.0
739.0	11429.0
740.0	12389.0
741.0	11874.0
742.0	12390.0
743.0	12251.0
744.0	11991.0
745.0	11954.0
746.0	11892.0
747.0	12008.0
748.0	12284.0
749.0	11795.0
750.0	12194.0
751.0	11512.0
752.0	12094.0
753.0	11477.0
754.0	11914.0
755.0	11758.0
756.0	12399.0
757.0	12858.0
758.0	12508.0
759.0	11614.0
760.0	12012.0
761.0	11890.0
762.0	11708.0
763.0	11953.0
764.0	11459.0
765.0	12089.0
766.0	12576.0
767.0	11664.0
768.0	12025.0
769.0	11803.0
770.0	12234.0
771.0	12364.0
772.0	12035.0
773.0	12166.0
774.0	12184.0
775.0	11886.0
776.0	11960.0
777.0	11713.0
778.0	12092.0
779.0	12245.0
780.0	12217.0
781.0	12319.0
782.0	12288.0
783.0	12151.0
784.0	11593.0
785.0	11792.0
786.0	11953.0
787.0	12178.0
788.0	11750.0
789.0	11857.0
790.0	11715.0
791.0	12342.0
792.0	11761.0
793.0	12702.0
794.0	12016.0
795.0	12076.0
796.0	11835.0
797.0	11769.0
798.0	12153.0
799.0	11637.0
800.0	12077.0
