$itime = 500
$wv_start = 190.0
$hv = 1000
$grating = 2 1200 g/mm BLZ= 500  nm
$x_amps = 10
$x_volts = 45
$sample = DB2339
$date = 2023-07-04
$temp = 132.0
$wv_stop = 800.0
$time = 12:01:27.564000
$wv_step = 1.0
190.0	13399.0
191.0	12895.0
192.0	13367.0
193.0	13338.0
194.0	13577.0
195.0	13377.0
196.0	13449.0
197.0	13520.0
198.0	13743.0
199.0	13981.0
200.0	13548.0
201.0	12925.0
202.0	13249.0
203.0	14164.0
204.0	13476.0
205.0	13765.0
206.0	13153.0
207.0	13176.0
208.0	13526.0
209.0	13525.0
210.0	13071.0
211.0	13420.0
212.0	13131.0
213.0	13959.0
214.0	13374.0
215.0	13372.0
216.0	13802.0
217.0	13330.0
218.0	13253.0
219.0	13455.0
220.0	13200.0
221.0	12829.0
222.0	13761.0
223.0	14123.0
224.0	13764.0
225.0	13490.0
226.0	13318.0
227.0	13477.0
228.0	12716.0
229.0	13192.0
230.0	13417.0
231.0	13532.0
232.0	13543.0
233.0	13781.0
234.0	13236.0
235.0	13572.0
236.0	13673.0
237.0	13789.0
238.0	13356.0
239.0	13667.0
240.0	13357.0
241.0	13692.0
242.0	13461.0
243.0	13130.0
244.0	13794.0
245.0	13633.0
246.0	13564.0
247.0	13907.0
248.0	13650.0
249.0	13508.0
250.0	14123.0
251.0	13242.0
252.0	13367.0
253.0	13407.0
254.0	13436.0
255.0	13504.0
256.0	13716.0
257.0	13381.0
258.0	13691.0
259.0	13593.0
260.0	13209.0
261.0	13249.0
262.0	13620.0
263.0	13097.0
264.0	13235.0
265.0	13729.0
266.0	13749.0
267.0	13006.0
268.0	13445.0
269.0	13554.0
270.0	13511.0
271.0	13790.0
272.0	13741.0
273.0	13331.0
274.0	13175.0
275.0	13223.0
276.0	13422.0
277.0	13311.0
278.0	13659.0
279.0	13803.0
280.0	12925.0
281.0	13648.0
282.0	13186.0
283.0	13620.0
284.0	13200.0
285.0	13477.0
286.0	13292.0
287.0	13531.0
288.0	13836.0
289.0	13753.0
290.0	13532.0
291.0	13269.0
292.0	13515.0
293.0	13852.0
294.0	13119.0
295.0	13716.0
296.0	14069.0
297.0	13515.0
298.0	13256.0
299.0	13393.0
300.0	14108.0
301.0	13664.0
302.0	13627.0
303.0	13716.0
304.0	13365.0
305.0	13431.0
306.0	13852.0
307.0	13708.0
308.0	13844.0
309.0	13835.0
310.0	13546.0
311.0	13548.0
312.0	13527.0
313.0	13528.0
314.0	13857.0
315.0	13704.0
316.0	13906.0
317.0	14004.0
318.0	13221.0
319.0	13146.0
320.0	13854.0
321.0	13367.0
322.0	13683.0
323.0	13526.0
324.0	13256.0
325.0	14012.0
326.0	13004.0
327.0	13744.0
328.0	13495.0
329.0	13414.0
330.0	13294.0
331.0	13866.0
332.0	13803.0
333.0	13254.0
334.0	14196.0
335.0	13875.0
336.0	13308.0
337.0	13560.0
338.0	13446.0
339.0	13932.0
340.0	13085.0
341.0	14008.0
342.0	13499.0
343.0	14092.0
344.0	13917.0
345.0	13376.0
346.0	13738.0
347.0	13375.0
348.0	14060.0
349.0	13426.0
350.0	13615.0
351.0	13700.0
352.0	12921.0
353.0	13732.0
354.0	13412.0
355.0	13283.0
356.0	12992.0
357.0	13602.0
358.0	13327.0
359.0	13385.0
360.0	13692.0
361.0	13837.0
362.0	13707.0
363.0	13715.0
364.0	13406.0
365.0	13543.0
366.0	13136.0
367.0	13032.0
368.0	13442.0
369.0	13388.0
370.0	13521.0
371.0	13716.0
372.0	13715.0
373.0	13366.0
374.0	13676.0
375.0	13015.0
376.0	13241.0
377.0	13653.0
378.0	13735.0
379.0	12926.0
380.0	13725.0
381.0	13451.0
382.0	13886.0
383.0	13882.0
384.0	13451.0
385.0	13603.0
386.0	13216.0
387.0	13350.0
388.0	13613.0
389.0	13119.0
390.0	13480.0
391.0	13443.0
392.0	13605.0
393.0	13640.0
394.0	13125.0
395.0	13740.0
396.0	13789.0
397.0	13493.0
398.0	13001.0
399.0	13801.0
400.0	13604.0
401.0	13364.0
402.0	13837.0
403.0	13204.0
404.0	13562.0
405.0	13432.0
406.0	13354.0
407.0	13398.0
408.0	13412.0
409.0	13611.0
410.0	13247.0
411.0	13081.0
412.0	13246.0
413.0	13296.0
414.0	13613.0
415.0	13327.0
416.0	13482.0
417.0	13678.0
418.0	13659.0
419.0	13917.0
420.0	13231.0
421.0	13483.0
422.0	12897.0
423.0	13350.0
424.0	13685.0
425.0	13003.0
426.0	13254.0
427.0	13627.0
428.0	13280.0
429.0	13711.0
430.0	13698.0
431.0	13400.0
432.0	13699.0
433.0	13134.0
434.0	13505.0
435.0	13364.0
436.0	13803.0
437.0	13112.0
438.0	13508.0
439.0	13099.0
440.0	13858.0
441.0	14012.0
442.0	13549.0
443.0	13663.0
444.0	13462.0
445.0	13412.0
446.0	13629.0
447.0	13693.0
448.0	12960.0
449.0	13666.0
450.0	12988.0
451.0	13723.0
452.0	13944.0
453.0	13503.0
454.0	13097.0
455.0	13474.0
456.0	13639.0
457.0	13827.0
458.0	14178.0
459.0	13453.0
460.0	13046.0
461.0	13628.0
462.0	13905.0
463.0	13725.0
464.0	13902.0
465.0	13838.0
466.0	13629.0
467.0	14119.0
468.0	13726.0
469.0	13752.0
470.0	13441.0
471.0	13078.0
472.0	13611.0
473.0	14386.0
474.0	13486.0
475.0	13458.0
476.0	13547.0
477.0	13487.0
478.0	13421.0
479.0	13697.0
480.0	13921.0
481.0	14320.0
482.0	13692.0
483.0	14040.0
484.0	14085.0
485.0	13484.0
486.0	13605.0
487.0	13751.0
488.0	13147.0
489.0	13843.0
490.0	14278.0
491.0	13836.0
492.0	13202.0
493.0	13978.0
494.0	13814.0
495.0	13719.0
496.0	13437.0
497.0	14417.0
498.0	13817.0
499.0	13430.0
500.0	13643.0
501.0	13449.0
502.0	13546.0
503.0	13914.0
504.0	14506.0
505.0	13701.0
506.0	14075.0
507.0	14134.0
508.0	13527.0
509.0	13770.0
510.0	13437.0
511.0	13873.0
512.0	14041.0
513.0	14119.0
514.0	13503.0
515.0	13792.0
516.0	13668.0
517.0	13930.0
518.0	14316.0
519.0	13806.0
520.0	13753.0
521.0	13736.0
522.0	13420.0
523.0	13693.0
524.0	13296.0
525.0	13719.0
526.0	13582.0
527.0	13959.0
528.0	14063.0
529.0	14014.0
530.0	13619.0
531.0	13674.0
532.0	13175.0
533.0	13593.0
534.0	13619.0
535.0	13613.0
536.0	13803.0
537.0	14021.0
538.0	13752.0
539.0	14178.0
540.0	13715.0
541.0	13433.0
542.0	14123.0
543.0	13420.0
544.0	13864.0
545.0	14180.0
546.0	14184.0
547.0	13835.0
548.0	14112.0
549.0	13886.0
550.0	14059.0
551.0	13843.0
552.0	13442.0
553.0	13750.0
554.0	13507.0
555.0	14004.0
556.0	13267.0
557.0	13857.0
558.0	13770.0
559.0	13496.0
560.0	13527.0
561.0	13542.0
562.0	13292.0
563.0	13729.0
564.0	13780.0
565.0	13437.0
566.0	14064.0
567.0	13836.0
568.0	13721.0
569.0	13430.0
570.0	13902.0
571.0	13226.0
572.0	13891.0
573.0	13475.0
574.0	13752.0
575.0	13112.0
576.0	14040.0
577.0	14213.0
578.0	13854.0
579.0	13515.0
580.0	13553.0
581.0	12946.0
582.0	13517.0
583.0	13600.0
584.0	13261.0
585.0	13546.0
586.0	13327.0
587.0	13413.0
588.0	13437.0
589.0	13891.0
590.0	13875.0
591.0	14021.0
592.0	13259.0
593.0	13480.0
594.0	13544.0
595.0	13838.0
596.0	12477.0
597.0	13354.0
598.0	13632.0
599.0	13819.0
600.0	13743.0
601.0	13330.0
602.0	14021.0
603.0	13448.0
604.0	13997.0
605.0	13506.0
606.0	13635.0
607.0	13457.0
608.0	14123.0
609.0	13511.0
610.0	13526.0
611.0	13609.0
612.0	13540.0
613.0	13695.0
614.0	13816.0
615.0	13367.0
616.0	13180.0
617.0	13529.0
618.0	13683.0
619.0	13993.0
620.0	13709.0
621.0	13553.0
622.0	13902.0
623.0	13810.0
624.0	13377.0
625.0	13317.0
626.0	13232.0
627.0	13930.0
628.0	13287.0
629.0	13735.0
630.0	13930.0
631.0	13542.0
632.0	13482.0
633.0	14051.0
634.0	13938.0
635.0	13644.0
636.0	13533.0
637.0	13316.0
638.0	13108.0
639.0	13007.0
640.0	13252.0
641.0	13487.0
642.0	13875.0
643.0	13421.0
644.0	13256.0
645.0	13340.0
646.0	13480.0
647.0	13520.0
648.0	13520.0
649.0	13256.0
650.0	13325.0
651.0	13287.0
652.0	13702.0
653.0	13565.0
654.0	13497.0
655.0	13346.0
656.0	13824.0
657.0	13309.0
658.0	13587.0
659.0	13705.0
660.0	13733.0
661.0	13374.0
662.0	13330.0
663.0	13645.0
664.0	13693.0
665.0	13612.0
666.0	13759.0
667.0	13407.0
668.0	13481.0
669.0	13434.0
670.0	13891.0
671.0	14139.0
672.0	13735.0
673.0	13542.0
674.0	13268.0
675.0	13401.0
676.0	13932.0
677.0	13322.0
678.0	13388.0
679.0	13835.0
680.0	13367.0
681.0	13795.0
682.0	13573.0
683.0	13999.0
684.0	14041.0
685.0	13451.0
686.0	13512.0
687.0	13263.0
688.0	13319.0
689.0	13543.0
690.0	13914.0
691.0	13589.0
692.0	13233.0
693.0	13504.0
694.0	13420.0
695.0	13502.0
696.0	13415.0
697.0	13367.0
698.0	13901.0
699.0	13912.0
700.0	13336.0
701.0	13294.0
702.0	13794.0
703.0	13770.0
704.0	13731.0
705.0	13510.0
706.0	13323.0
707.0	13201.0
708.0	13480.0
709.0	13782.0
710.0	13913.0
711.0	13539.0
712.0	13822.0
713.0	13726.0
714.0	13897.0
715.0	13537.0
716.0	13252.0
717.0	14115.0
718.0	13056.0
719.0	13482.0
720.0	13615.0
721.0	13455.0
722.0	13985.0
723.0	14148.0
724.0	13527.0
725.0	13606.0
726.0	13451.0
727.0	13705.0
728.0	13220.0
729.0	13645.0
730.0	13545.0
731.0	13368.0
732.0	13420.0
733.0	13843.0
734.0	14171.0
735.0	14010.0
736.0	13641.0
737.0	13860.0
738.0	13376.0
739.0	13476.0
740.0	14096.0
741.0	13674.0
742.0	14112.0
743.0	13791.0
744.0	13458.0
745.0	13648.0
746.0	13477.0
747.0	13211.0
748.0	13633.0
749.0	13650.0
750.0	13751.0
751.0	13305.0
752.0	13807.0
753.0	13713.0
754.0	13671.0
755.0	13746.0
756.0	13637.0
757.0	13266.0
758.0	13425.0
759.0	13438.0
760.0	13448.0
761.0	13604.0
762.0	13882.0
763.0	13302.0
764.0	13399.0
765.0	14059.0
766.0	13332.0
767.0	13012.0
768.0	12727.0
769.0	13526.0
770.0	13487.0
771.0	13229.0
772.0	13674.0
773.0	13325.0
774.0	12848.0
775.0	14243.0
776.0	13623.0
777.0	13219.0
778.0	14082.0
779.0	13412.0
780.0	12848.0
781.0	14032.0
782.0	13704.0
783.0	13800.0
784.0	13504.0
785.0	13836.0
786.0	13256.0
787.0	13420.0
788.0	13155.0
789.0	13105.0
790.0	13708.0
791.0	13650.0
792.0	13335.0
793.0	13268.0
794.0	14051.0
795.0	13836.0
796.0	13914.0
797.0	13200.0
798.0	13102.0
799.0	13340.0
800.0	13512.0
