$itime = 500
$wv_start = 190.0
$hv = 1000
$grating = 2 1200 g/mm BLZ= 500  nm
$x_amps = 10
$x_volts = 45
$sample = DB2339_010
$date = 2023-07-04
$temp = 529.0
$wv_stop = 800.0
$time = 18:18:29.612000
$wv_step = 1.0
190.0	15483.0
191.0	15150.0
192.0	14638.0
193.0	14882.0
194.0	14802.0
195.0	14921.0
196.0	14810.0
197.0	14642.0
198.0	14637.0
199.0	14934.0
200.0	15130.0
201.0	14500.0
202.0	14841.0
203.0	14403.0
204.0	15033.0
205.0	15243.0
206.0	15028.0
207.0	14628.0
208.0	14930.0
209.0	14735.0
210.0	14628.0
211.0	14215.0
212.0	14893.0
213.0	14830.0
214.0	13551.0
215.0	15157.0
216.0	15298.0
217.0	14856.0
218.0	14409.0
219.0	14974.0
220.0	14497.0
221.0	14795.0
222.0	14539.0
223.0	14210.0
224.0	15052.0
225.0	14704.0
226.0	14580.0
227.0	14518.0
228.0	14805.0
229.0	14366.0
230.0	14651.0
231.0	15093.0
232.0	14829.0
233.0	14954.0
234.0	14570.0
235.0	14610.0
236.0	14819.0
237.0	14088.0
238.0	14383.0
239.0	14069.0
240.0	14275.0
241.0	14406.0
242.0	15168.0
243.0	14258.0
244.0	14708.0
245.0	14578.0
246.0	14912.0
247.0	14165.0
248.0	14482.0
249.0	14361.0
250.0	14115.0
251.0	14873.0
252.0	14411.0
253.0	14381.0
254.0	14368.0
255.0	14512.0
256.0	14961.0
257.0	14193.0
258.0	15076.0
259.0	15111.0
260.0	14902.0
261.0	14771.0
262.0	14264.0
263.0	14673.0
264.0	14511.0
265.0	14738.0
266.0	14314.0
267.0	15276.0
268.0	14826.0
269.0	15268.0
270.0	15144.0
271.0	14744.0
272.0	15231.0
273.0	14219.0
274.0	14905.0
275.0	14264.0
276.0	14683.0
277.0	14770.0
278.0	14372.0
279.0	14896.0
280.0	14450.0
281.0	14646.0
282.0	14847.0
283.0	14768.0
284.0	15127.0
285.0	14784.0
286.0	14473.0
287.0	14914.0
288.0	14361.0
289.0	14650.0
290.0	14810.0
291.0	14367.0
292.0	14669.0
293.0	15066.0
294.0	15109.0
295.0	15173.0
296.0	14877.0
297.0	14967.0
298.0	14902.0
299.0	14283.0
300.0	14900.0
301.0	15135.0
302.0	14311.0
303.0	15206.0
304.0	14554.0
305.0	15100.0
306.0	14460.0
307.0	15052.0
308.0	14855.0
309.0	14430.0
310.0	14689.0
311.0	15243.0
312.0	14753.0
313.0	15312.0
314.0	14907.0
315.0	14250.0
316.0	14703.0
317.0	15351.0
318.0	14732.0
319.0	14219.0
320.0	15043.0
321.0	14422.0
322.0	14967.0
323.0	14379.0
324.0	15359.0
325.0	15018.0
326.0	14598.0
327.0	14951.0
328.0	14950.0
329.0	14631.0
330.0	14897.0
331.0	14862.0
332.0	14769.0
333.0	14877.0
334.0	14834.0
335.0	15047.0
336.0	14855.0
337.0	14847.0
338.0	14960.0
339.0	14962.0
340.0	14532.0
341.0	14784.0
342.0	15398.0
343.0	14245.0
344.0	14659.0
345.0	15048.0
346.0	14582.0
347.0	14617.0
348.0	14468.0
349.0	14657.0
350.0	14634.0
351.0	15107.0
352.0	14638.0
353.0	15099.0
354.0	15191.0
355.0	15154.0
356.0	14545.0
357.0	15037.0
358.0	15066.0
359.0	14416.0
360.0	14507.0
361.0	14855.0
362.0	14819.0
363.0	14964.0
364.0	15541.0
365.0	14954.0
366.0	14600.0
367.0	14322.0
368.0	14888.0
369.0	14536.0
370.0	14559.0
371.0	15289.0
372.0	14453.0
373.0	15635.0
374.0	14542.0
375.0	14168.0
376.0	14732.0
377.0	14786.0
378.0	14641.0
379.0	14298.0
380.0	15186.0
381.0	14896.0
382.0	14664.0
383.0	14767.0
384.0	14838.0
385.0	14771.0
386.0	14740.0
387.0	14925.0
388.0	14810.0
389.0	14343.0
390.0	14488.0
391.0	14856.0
392.0	14829.0
393.0	14935.0
394.0	14651.0
395.0	14492.0
396.0	14863.0
397.0	14477.0
398.0	15377.0
399.0	14816.0
400.0	15358.0
401.0	14405.0
402.0	14966.0
403.0	14771.0
404.0	14614.0
405.0	14766.0
406.0	14983.0
407.0	14393.0
408.0	14197.0
409.0	14443.0
410.0	15438.0
411.0	14958.0
412.0	15103.0
413.0	14614.0
414.0	15213.0
415.0	14903.0
416.0	14549.0
417.0	14608.0
418.0	14864.0
419.0	14898.0
420.0	14981.0
421.0	14359.0
422.0	14144.0
423.0	14953.0
424.0	14930.0
425.0	14606.0
426.0	14767.0
427.0	15100.0
428.0	14283.0
429.0	14197.0
430.0	14635.0
431.0	14767.0
432.0	14724.0
433.0	14639.0
434.0	14055.0
435.0	14744.0
436.0	15102.0
437.0	14557.0
438.0	14780.0
439.0	14322.0
440.0	15144.0
441.0	14699.0
442.0	14914.0
443.0	14567.0
444.0	15244.0
445.0	14757.0
446.0	15097.0
447.0	14891.0
448.0	15057.0
449.0	14725.0
450.0	14556.0
451.0	14707.0
452.0	14554.0
453.0	14514.0
454.0	14592.0
455.0	14781.0
456.0	14634.0
457.0	14971.0
458.0	15392.0
459.0	15002.0
460.0	15043.0
461.0	14359.0
462.0	14745.0
463.0	14582.0
464.0	14640.0
465.0	14986.0
466.0	14830.0
467.0	14870.0
468.0	15476.0
469.0	14877.0
470.0	14576.0
471.0	15381.0
472.0	14332.0
473.0	14173.0
474.0	14402.0
475.0	15062.0
476.0	14693.0
477.0	14949.0
478.0	14749.0
479.0	15279.0
480.0	15102.0
481.0	14884.0
482.0	14914.0
483.0	15087.0
484.0	14697.0
485.0	15120.0
486.0	15287.0
487.0	14771.0
488.0	14851.0
489.0	15041.0
490.0	15145.0
491.0	15479.0
492.0	14809.0
493.0	15062.0
494.0	15312.0
495.0	15290.0
496.0	14909.0
497.0	15373.0
498.0	15303.0
499.0	15196.0
500.0	15217.0
501.0	15210.0
502.0	14800.0
503.0	15506.0
504.0	15174.0
505.0	14616.0
506.0	14962.0
507.0	15525.0
508.0	14848.0
509.0	14740.0
510.0	15252.0
511.0	15660.0
512.0	14600.0
513.0	15391.0
514.0	15508.0
515.0	14851.0
516.0	14468.0
517.0	15438.0
518.0	15409.0
519.0	15034.0
520.0	15044.0
521.0	14647.0
522.0	15266.0
523.0	15014.0
524.0	15033.0
525.0	15059.0
526.0	15021.0
527.0	14970.0
528.0	14793.0
529.0	14938.0
530.0	15222.0
531.0	15523.0
532.0	15287.0
533.0	14842.0
534.0	15409.0
535.0	14829.0
536.0	15499.0
537.0	15277.0
538.0	14784.0
539.0	14630.0
540.0	14935.0
541.0	14907.0
542.0	14876.0
543.0	14473.0
544.0	15720.0
545.0	14809.0
546.0	14945.0
547.0	15007.0
548.0	14575.0
549.0	15066.0
550.0	14835.0
551.0	14725.0
552.0	14970.0
553.0	14996.0
554.0	14823.0
555.0	15313.0
556.0	15093.0
557.0	14943.0
558.0	14865.0
559.0	14614.0
560.0	15284.0
561.0	14838.0
562.0	15035.0
563.0	15111.0
564.0	15085.0
565.0	15166.0
566.0	15347.0
567.0	14775.0
568.0	14665.0
569.0	15315.0
570.0	14820.0
571.0	14819.0
572.0	15126.0
573.0	15107.0
574.0	15759.0
575.0	14651.0
576.0	15057.0
577.0	14880.0
578.0	15196.0
579.0	15382.0
580.0	15245.0
581.0	14886.0
582.0	14898.0
583.0	14527.0
584.0	15588.0
585.0	14803.0
586.0	15197.0
587.0	14689.0
588.0	15326.0
589.0	14707.0
590.0	14497.0
591.0	14841.0
592.0	15434.0
593.0	15139.0
594.0	14972.0
595.0	14835.0
596.0	15182.0
597.0	15188.0
598.0	14805.0
599.0	15398.0
600.0	15272.0
601.0	14925.0
602.0	14469.0
603.0	15003.0
604.0	14889.0
605.0	14486.0
606.0	14763.0
607.0	15119.0
608.0	15507.0
609.0	15075.0
610.0	15247.0
611.0	14529.0
612.0	14920.0
613.0	14710.0
614.0	14795.0
615.0	14864.0
616.0	14917.0
617.0	14346.0
618.0	15066.0
619.0	15804.0
620.0	14835.0
621.0	14961.0
622.0	15219.0
623.0	14559.0
624.0	15057.0
625.0	14657.0
626.0	14669.0
627.0	14195.0
628.0	15186.0
629.0	15049.0
630.0	14829.0
631.0	14403.0
632.0	15116.0
633.0	14111.0
634.0	14958.0
635.0	14871.0
636.0	15107.0
637.0	14659.0
638.0	14525.0
639.0	14970.0
640.0	14882.0
641.0	14256.0
642.0	14772.0
643.0	14935.0
644.0	14829.0
645.0	14920.0
646.0	14595.0
647.0	14807.0
648.0	14687.0
649.0	14669.0
650.0	14717.0
651.0	14780.0
652.0	14915.0
653.0	14330.0
654.0	15164.0
655.0	15269.0
656.0	14529.0
657.0	14677.0
658.0	14520.0
659.0	14869.0
660.0	14780.0
661.0	14608.0
662.0	14418.0
663.0	14931.0
664.0	14639.0
665.0	14828.0
666.0	15044.0
667.0	14776.0
668.0	14640.0
669.0	14532.0
670.0	14653.0
671.0	14152.0
672.0	15123.0
673.0	14772.0
674.0	14679.0
675.0	15099.0
676.0	14770.0
677.0	15159.0
678.0	15031.0
679.0	14170.0
680.0	14635.0
681.0	15650.0
682.0	14492.0
683.0	14481.0
684.0	15256.0
685.0	14580.0
686.0	14592.0
687.0	14925.0
688.0	14814.0
689.0	14772.0
690.0	15151.0
691.0	14567.0
692.0	14508.0
693.0	14602.0
694.0	14670.0
695.0	14354.0
696.0	14789.0
697.0	14711.0
698.0	14538.0
699.0	14666.0
700.0	14596.0
701.0	14878.0
702.0	14340.0
703.0	14856.0
704.0	14658.0
705.0	14649.0
706.0	14819.0
707.0	15136.0
708.0	14848.0
709.0	14936.0
710.0	14491.0
711.0	14918.0
712.0	15725.0
713.0	14350.0
714.0	14783.0
715.0	14971.0
716.0	14696.0
717.0	14882.0
718.0	14921.0
719.0	15277.0
720.0	14562.0
721.0	14649.0
722.0	14548.0
723.0	13914.0
724.0	15379.0
725.0	14829.0
726.0	14491.0
727.0	14794.0
728.0	14687.0
729.0	15038.0
730.0	14971.0
731.0	14803.0
732.0	14832.0
733.0	14732.0
734.0	14333.0
735.0	14747.0
736.0	14935.0
737.0	15098.0
738.0	14372.0
739.0	14611.0
740.0	15287.0
741.0	14926.0
742.0	14947.0
743.0	14248.0
744.0	14855.0
745.0	14613.0
746.0	14405.0
747.0	14266.0
748.0	15292.0
749.0	14835.0
750.0	14639.0
751.0	14924.0
752.0	14738.0
753.0	14497.0
754.0	15043.0
755.0	14649.0
756.0	15036.0
757.0	14936.0
758.0	14665.0
759.0	15292.0
760.0	14661.0
761.0	14333.0
762.0	15241.0
763.0	14936.0
764.0	14977.0
765.0	15769.0
766.0	14889.0
767.0	14831.0
768.0	15175.0
769.0	15102.0
770.0	14771.0
771.0	14979.0
772.0	14569.0
773.0	14336.0
774.0	15245.0
775.0	14495.0
776.0	14833.0
777.0	14382.0
778.0	14500.0
779.0	14295.0
780.0	14652.0
781.0	14473.0
782.0	14116.0
783.0	15155.0
784.0	14787.0
785.0	14840.0
786.0	15085.0
787.0	14640.0
788.0	15038.0
789.0	14577.0
790.0	14970.0
791.0	15380.0
792.0	15119.0
793.0	14692.0
794.0	14657.0
795.0	14700.0
796.0	15287.0
797.0	14820.0
798.0	14408.0
799.0	14786.0
800.0	14510.0
