$itime = 500
$wv_start = 190.0
$hv = 1000
$grating = 2 1200 g/mm BLZ= 500  nm
$x_amps = 10
$x_volts = 45
$sample = DB2339
$date = 2023-07-04
$temp = 292.0
$wv_stop = 800.0
$time = 12:01:27.564000
$wv_step = 1.0
190.0	11619.0
191.0	11938.0
192.0	11755.0
193.0	11580.0
194.0	12147.0
195.0	11832.0
196.0	11756.0
197.0	12183.0
198.0	11927.0
199.0	11932.0
200.0	11676.0
201.0	11283.0
202.0	11879.0
203.0	12287.0
204.0	12242.0
205.0	11987.0
206.0	11402.0
207.0	11818.0
208.0	11828.0
209.0	11896.0
210.0	11839.0
211.0	11985.0
212.0	11584.0
213.0	11803.0
214.0	12175.0
215.0	11777.0
216.0	11935.0
217.0	12335.0
218.0	11654.0
219.0	12297.0
220.0	12016.0
221.0	11528.0
222.0	12036.0
223.0	11694.0
224.0	11991.0
225.0	11643.0
226.0	11960.0
227.0	12214.0
228.0	11895.0
229.0	12183.0
230.0	11882.0
231.0	11823.0
232.0	11353.0
233.0	11891.0
234.0	11631.0
235.0	12125.0
236.0	12103.0
237.0	11766.0
238.0	11787.0
239.0	11842.0
240.0	11653.0
241.0	11980.0
242.0	12032.0
243.0	11914.0
244.0	12167.0
245.0	11741.0
246.0	11761.0
247.0	11811.0
248.0	11810.0
249.0	12179.0
250.0	12126.0
251.0	11636.0
252.0	12005.0
253.0	11495.0
254.0	12286.0
255.0	12032.0
256.0	11884.0
257.0	12146.0
258.0	11833.0
259.0	12416.0
260.0	12215.0
261.0	12631.0
262.0	11998.0
263.0	11787.0
264.0	12347.0
265.0	11940.0
266.0	12324.0
267.0	12312.0
268.0	12281.0
269.0	11660.0
270.0	12181.0
271.0	11600.0
272.0	12009.0
273.0	11854.0
274.0	11966.0
275.0	11724.0
276.0	11661.0
277.0	12133.0
278.0	12367.0
279.0	11378.0
280.0	12315.0
281.0	12337.0
282.0	12186.0
283.0	12017.0
284.0	11796.0
285.0	11963.0
286.0	12166.0
287.0	12104.0
288.0	11763.0
289.0	11703.0
290.0	11559.0
291.0	12275.0
292.0	11761.0
293.0	11942.0
294.0	12071.0
295.0	11562.0
296.0	11695.0
297.0	11697.0
298.0	12479.0
299.0	11991.0
300.0	11939.0
301.0	11779.0
302.0	11854.0
303.0	12187.0
304.0	11925.0
305.0	11736.0
306.0	11744.0
307.0	12160.0
308.0	11474.0
309.0	12077.0
310.0	12114.0
311.0	12420.0
312.0	11777.0
313.0	12001.0
314.0	11892.0
315.0	12080.0
316.0	11885.0
317.0	12397.0
318.0	11273.0
319.0	12045.0
320.0	12259.0
321.0	12038.0
322.0	11408.0
323.0	11757.0
324.0	11994.0
325.0	11984.0
326.0	12360.0
327.0	11896.0
328.0	11967.0
329.0	11860.0
330.0	12450.0
331.0	11926.0
332.0	11972.0
333.0	11707.0
334.0	12216.0
335.0	12350.0
336.0	11878.0
337.0	11867.0
338.0	11547.0
339.0	11960.0
340.0	12463.0
341.0	12420.0
342.0	12010.0
343.0	11451.0
344.0	11875.0
345.0	12035.0
346.0	11657.0
347.0	12226.0
348.0	11892.0
349.0	11852.0
350.0	11958.0
351.0	12147.0
352.0	12000.0
353.0	12171.0
354.0	12082.0
355.0	11888.0
356.0	12103.0
357.0	12034.0
358.0	11863.0
359.0	12443.0
360.0	12024.0
361.0	11941.0
362.0	11765.0
363.0	12372.0
364.0	12156.0
365.0	11928.0
366.0	12171.0
367.0	11583.0
368.0	11477.0
369.0	11421.0
370.0	11819.0
371.0	12236.0
372.0	12214.0
373.0	11668.0
374.0	12133.0
375.0	11958.0
376.0	11822.0
377.0	12129.0
378.0	11939.0
379.0	11576.0
380.0	12324.0
381.0	12381.0
382.0	11899.0
383.0	12219.0
384.0	11928.0
385.0	12023.0
386.0	11867.0
387.0	12118.0
388.0	11791.0
389.0	12153.0
390.0	12270.0
391.0	12080.0
392.0	12100.0
393.0	11845.0
394.0	12316.0
395.0	11813.0
396.0	11922.0
397.0	12272.0
398.0	12073.0
399.0	12167.0
400.0	12098.0
401.0	11722.0
402.0	11374.0
403.0	11967.0
404.0	12145.0
405.0	12189.0
406.0	12173.0
407.0	11993.0
408.0	12064.0
409.0	12390.0
410.0	12510.0
411.0	11706.0
412.0	11692.0
413.0	11874.0
414.0	11565.0
415.0	11786.0
416.0	12119.0
417.0	12232.0
418.0	11705.0
419.0	11167.0
420.0	11893.0
421.0	12298.0
422.0	11867.0
423.0	11812.0
424.0	11533.0
425.0	11985.0
426.0	11839.0
427.0	12036.0
428.0	12058.0
429.0	11690.0
430.0	12406.0
431.0	11659.0
432.0	12209.0
433.0	12110.0
434.0	11874.0
435.0	11480.0
436.0	12109.0
437.0	12144.0
438.0	12248.0
439.0	11265.0
440.0	12241.0
441.0	12002.0
442.0	11966.0
443.0	11828.0
444.0	11881.0
445.0	11602.0
446.0	11833.0
447.0	12256.0
448.0	12435.0
449.0	12058.0
450.0	11643.0
451.0	11468.0
452.0	12197.0
453.0	12085.0
454.0	11869.0
455.0	12289.0
456.0	11484.0
457.0	11190.0
458.0	12020.0
459.0	12047.0
460.0	12206.0
461.0	12183.0
462.0	12019.0
463.0	11803.0
464.0	11787.0
465.0	11692.0
466.0	12559.0
467.0	11965.0
468.0	11476.0
469.0	11857.0
470.0	11667.0
471.0	11677.0
472.0	11958.0
473.0	11867.0
474.0	12090.0
475.0	11603.0
476.0	12001.0
477.0	12097.0
478.0	11625.0
479.0	11818.0
480.0	12307.0
481.0	11395.0
482.0	11978.0
483.0	11903.0
484.0	11715.0
485.0	12171.0
486.0	11980.0
487.0	11963.0
488.0	11868.0
489.0	12153.0
490.0	11949.0
491.0	11688.0
492.0	12524.0
493.0	12494.0
494.0	12087.0
495.0	12069.0
496.0	11736.0
497.0	12282.0
498.0	11795.0
499.0	11943.0
500.0	11499.0
501.0	12413.0
502.0	11956.0
503.0	12241.0
504.0	11955.0
505.0	12345.0
506.0	11695.0
507.0	12181.0
508.0	12325.0
509.0	12184.0
510.0	11678.0
511.0	11903.0
512.0	12513.0
513.0	12040.0
514.0	12383.0
515.0	11943.0
516.0	12032.0
517.0	11653.0
518.0	12104.0
519.0	11956.0
520.0	12131.0
521.0	12246.0
522.0	12268.0
523.0	11818.0
524.0	11888.0
525.0	12212.0
526.0	11801.0
527.0	12331.0
528.0	11994.0
529.0	12006.0
530.0	12051.0
531.0	12076.0
532.0	11693.0
533.0	12296.0
534.0	12499.0
535.0	12103.0
536.0	11931.0
537.0	11813.0
538.0	12010.0
539.0	12050.0
540.0	12035.0
541.0	12169.0
542.0	12207.0
543.0	12231.0
544.0	12315.0
545.0	11888.0
546.0	11790.0
547.0	11878.0
548.0	12062.0
549.0	11920.0
550.0	11883.0
551.0	11960.0
552.0	11678.0
553.0	12512.0
554.0	12276.0
555.0	12368.0
556.0	11364.0
557.0	12446.0
558.0	12585.0
559.0	12166.0
560.0	11279.0
561.0	11440.0
562.0	12311.0
563.0	11940.0
564.0	11736.0
565.0	11871.0
566.0	12111.0
567.0	12091.0
568.0	12391.0
569.0	12121.0
570.0	12408.0
571.0	12024.0
572.0	11995.0
573.0	12346.0
574.0	12209.0
575.0	11574.0
576.0	11288.0
577.0	12235.0
578.0	11944.0
579.0	12214.0
580.0	12071.0
581.0	12077.0
582.0	11973.0
583.0	12390.0
584.0	12530.0
585.0	12162.0
586.0	11924.0
587.0	11852.0
588.0	12293.0
589.0	12319.0
590.0	12049.0
591.0	11506.0
592.0	11833.0
593.0	11801.0
594.0	11949.0
595.0	11803.0
596.0	12052.0
597.0	12386.0
598.0	12316.0
599.0	12121.0
600.0	12124.0
601.0	11639.0
602.0	12298.0
603.0	12167.0
604.0	12391.0
605.0	11808.0
606.0	11896.0
607.0	12293.0
608.0	12114.0
609.0	11958.0
610.0	12162.0
611.0	11980.0
612.0	11433.0
613.0	11639.0
614.0	11779.0
615.0	11890.0
616.0	11866.0
617.0	12110.0
618.0	12143.0
619.0	11667.0
620.0	11834.0
621.0	12083.0
622.0	11943.0
623.0	11450.0
624.0	11955.0
625.0	11669.0
626.0	12274.0
627.0	12079.0
628.0	11823.0
629.0	11818.0
630.0	12504.0
631.0	12019.0
632.0	11678.0
633.0	12132.0
634.0	12562.0
635.0	11728.0
636.0	12149.0
637.0	11965.0
638.0	12274.0
639.0	11821.0
640.0	12162.0
641.0	11876.0
642.0	11818.0
643.0	12326.0
644.0	12038.0
645.0	12033.0
646.0	12202.0
647.0	11877.0
648.0	11972.0
649.0	11865.0
650.0	11590.0
651.0	11925.0
652.0	11428.0
653.0	11863.0
654.0	11668.0
655.0	12254.0
656.0	11821.0
657.0	12265.0
658.0	12077.0
659.0	12248.0
660.0	12094.0
661.0	11845.0
662.0	11813.0
663.0	11878.0
664.0	12059.0
665.0	11876.0
666.0	11650.0
667.0	11745.0
668.0	12284.0
669.0	12417.0
670.0	12286.0
671.0	11506.0
672.0	11475.0
673.0	12295.0
674.0	12477.0
675.0	11521.0
676.0	11840.0
677.0	12281.0
678.0	11574.0
679.0	11984.0
680.0	12010.0
681.0	11638.0
682.0	12035.0
683.0	11960.0
684.0	11404.0
685.0	12069.0
686.0	12068.0
687.0	12217.0
688.0	12061.0
689.0	12224.0
690.0	11916.0
691.0	11998.0
692.0	11652.0
693.0	12404.0
694.0	11904.0
695.0	11731.0
696.0	11502.0
697.0	11803.0
698.0	12019.0
699.0	11874.0
700.0	11635.0
701.0	11665.0
702.0	11839.0
703.0	11498.0
704.0	12181.0
705.0	12273.0
706.0	11803.0
707.0	11668.0
708.0	11969.0
709.0	11636.0
710.0	11718.0
711.0	12222.0
712.0	12347.0
713.0	11573.0
714.0	12038.0
715.0	11861.0
716.0	12065.0
717.0	11965.0
718.0	11973.0
719.0	11981.0
720.0	12070.0
721.0	12022.0
722.0	12243.0
723.0	11588.0
724.0	11877.0
725.0	12287.0
726.0	11926.0
727.0	11660.0
728.0	12094.0
729.0	11955.0
730.0	12542.0
731.0	11833.0
732.0	11878.0
733.0	12233.0
734.0	11820.0
735.0	12018.0
736.0	12111.0
737.0	12232.0
738.0	11391.0
739.0	11593.0
740.0	11958.0
741.0	12454.0
742.0	12195.0
743.0	11610.0
744.0	12097.0
745.0	11889.0
746.0	12233.0
747.0	12239.0
748.0	12116.0
749.0	11926.0
750.0	11969.0
751.0	12047.0
752.0	12428.0
753.0	11988.0
754.0	12474.0
755.0	11893.0
756.0	12004.0
757.0	11474.0
758.0	11823.0
759.0	12002.0
760.0	12004.0
761.0	11580.0
762.0	12121.0
763.0	12295.0
764.0	11942.0
765.0	11814.0
766.0	12236.0
767.0	12390.0
768.0	12027.0
769.0	11509.0
770.0	11909.0
771.0	11439.0
772.0	12102.0
773.0	12425.0
774.0	11867.0
775.0	11980.0
776.0	12231.0
777.0	11958.0
778.0	11716.0
779.0	11813.0
780.0	11823.0
781.0	12171.0
782.0	11504.0
783.0	11941.0
784.0	11737.0
785.0	11645.0
786.0	12669.0
787.0	12116.0
788.0	11564.0
789.0	11631.0
790.0	12404.0
791.0	11659.0
792.0	12562.0
793.0	11796.0
794.0	11392.0
795.0	11889.0
796.0	11787.0
797.0	11544.0
798.0	11663.0
799.0	11677.0
800.0	11551.0
