$itime = 500
$wv_start = 190.0
$hv = 1000
$grating = 2 1200 g/mm BLZ= 500  nm
$x_amps = 10
$x_volts = 45
$sample = DB2339_020
$date = 2023-07-04
$temp = 25.58
$wv_stop = 800.0
$time = 17:30:13.786000
$wv_step = 1.0
190.0	14684.0
191.0	14170.0
192.0	14721.0
193.0	14560.0
194.0	14579.0
195.0	14047.0
196.0	14273.0
197.0	13826.0
198.0	14664.0
199.0	14570.0
200.0	14107.0
201.0	14339.0
202.0	14342.0
203.0	14683.0
204.0	14676.0
205.0	14467.0
206.0	14908.0
207.0	14221.0
208.0	14538.0
209.0	14700.0
210.0	14945.0
211.0	14174.0
212.0	13823.0
213.0	14569.0
214.0	14096.0
215.0	14966.0
216.0	14219.0
217.0	14628.0
218.0	13865.0
219.0	14162.0
220.0	14954.0
221.0	14426.0
222.0	14355.0
223.0	14230.0
224.0	14394.0
225.0	14184.0
226.0	14495.0
227.0	14165.0
228.0	14611.0
229.0	14454.0
230.0	14411.0
231.0	14337.0
232.0	15027.0
233.0	14393.0
234.0	14256.0
235.0	14772.0
236.0	14497.0
237.0	14539.0
238.0	14262.0
239.0	14442.0
240.0	14433.0
241.0	14613.0
242.0	14181.0
243.0	14898.0
244.0	14565.0
245.0	14772.0
246.0	14874.0
247.0	15307.0
248.0	14405.0
249.0	14445.0
250.0	14425.0
251.0	14791.0
252.0	13804.0
253.0	13903.0
254.0	14494.0
255.0	14500.0
256.0	14358.0
257.0	13639.0
258.0	14504.0
259.0	14679.0
260.0	14270.0
261.0	14130.0
262.0	14506.0
263.0	14317.0
264.0	14491.0
265.0	14968.0
266.0	14372.0
267.0	14657.0
268.0	14810.0
269.0	14503.0
270.0	14535.0
271.0	14789.0
272.0	14059.0
273.0	15011.0
274.0	14286.0
275.0	14332.0
276.0	14443.0
277.0	14916.0
278.0	14804.0
279.0	14604.0
280.0	14488.0
281.0	14072.0
282.0	14717.0
283.0	14166.0
284.0	15162.0
285.0	14888.0
286.0	14341.0
287.0	14586.0
288.0	14373.0
289.0	14530.0
290.0	14454.0
291.0	14593.0
292.0	14871.0
293.0	14576.0
294.0	14908.0
295.0	14372.0
296.0	14330.0
297.0	14214.0
298.0	14728.0
299.0	14221.0
300.0	14319.0
301.0	14721.0
302.0	14247.0
303.0	14503.0
304.0	14493.0
305.0	14284.0
306.0	14300.0
307.0	15273.0
308.0	14398.0
309.0	14206.0
310.0	14356.0
311.0	14937.0
312.0	14652.0
313.0	14774.0
314.0	14479.0
315.0	14494.0
316.0	14436.0
317.0	14193.0
318.0	14199.0
319.0	14345.0
320.0	14782.0
321.0	14889.0
322.0	14895.0
323.0	14611.0
324.0	14367.0
325.0	14408.0
326.0	14755.0
327.0	14836.0
328.0	14264.0
329.0	14498.0
330.0	14603.0
331.0	14782.0
332.0	14310.0
333.0	14523.0
334.0	14394.0
335.0	14454.0
336.0	14861.0
337.0	14064.0
338.0	14290.0
339.0	14806.0
340.0	14494.0
341.0	14400.0
342.0	13976.0
343.0	15090.0
344.0	14609.0
345.0	14215.0
346.0	15081.0
347.0	14321.0
348.0	14623.0
349.0	15005.0
350.0	14225.0
351.0	14694.0
352.0	14914.0
353.0	14510.0
354.0	14534.0
355.0	14555.0
356.0	15039.0
357.0	14611.0
358.0	14840.0
359.0	14286.0
360.0	14789.0
361.0	14098.0
362.0	14736.0
363.0	14836.0
364.0	14131.0
365.0	14568.0
366.0	14507.0
367.0	13993.0
368.0	14367.0
369.0	14938.0
370.0	14758.0
371.0	14196.0
372.0	14111.0
373.0	14554.0
374.0	14839.0
375.0	14595.0
376.0	14930.0
377.0	14481.0
378.0	14144.0
379.0	14496.0
380.0	14541.0
381.0	14662.0
382.0	14152.0
383.0	14576.0
384.0	14372.0
385.0	14791.0
386.0	14184.0
387.0	14540.0
388.0	14903.0
389.0	14487.0
390.0	14534.0
391.0	14668.0
392.0	14257.0
393.0	14806.0
394.0	14337.0
395.0	14370.0
396.0	14721.0
397.0	14192.0
398.0	15014.0
399.0	14782.0
400.0	14114.0
401.0	14259.0
402.0	14775.0
403.0	14617.0
404.0	14847.0
405.0	14105.0
406.0	14756.0
407.0	14357.0
408.0	13959.0
409.0	14438.0
410.0	14305.0
411.0	14299.0
412.0	14830.0
413.0	14660.0
414.0	14549.0
415.0	14755.0
416.0	14641.0
417.0	14818.0
418.0	14603.0
419.0	15152.0
420.0	14821.0
421.0	14423.0
422.0	14355.0
423.0	14616.0
424.0	14326.0
425.0	15281.0
426.0	14879.0
427.0	14549.0
428.0	13995.0
429.0	14425.0
430.0	14502.0
431.0	14668.0
432.0	14620.0
433.0	14707.0
434.0	14585.0
435.0	14827.0
436.0	14242.0
437.0	14860.0
438.0	14591.0
439.0	14523.0
440.0	14558.0
441.0	14666.0
442.0	14496.0
443.0	14314.0
444.0	14558.0
445.0	14924.0
446.0	15055.0
447.0	14831.0
448.0	14841.0
449.0	14698.0
450.0	14857.0
451.0	15244.0
452.0	14775.0
453.0	14282.0
454.0	14670.0
455.0	14830.0
456.0	14670.0
457.0	14327.0
458.0	14896.0
459.0	14318.0
460.0	14464.0
461.0	15007.0
462.0	14851.0
463.0	15287.0
464.0	14400.0
465.0	14216.0
466.0	14487.0
467.0	14714.0
468.0	14328.0
469.0	14656.0
470.0	15036.0
471.0	14593.0
472.0	15033.0
473.0	14974.0
474.0	14608.0
475.0	15265.0
476.0	14388.0
477.0	15029.0
478.0	14663.0
479.0	15024.0
480.0	15278.0
481.0	15125.0
482.0	14810.0
483.0	14437.0
484.0	14500.0
485.0	14711.0
486.0	14463.0
487.0	14414.0
488.0	15085.0
489.0	14379.0
490.0	14697.0
491.0	14974.0
492.0	14425.0
493.0	14508.0
494.0	14770.0
495.0	14421.0
496.0	14677.0
497.0	14620.0
498.0	14854.0
499.0	14580.0
500.0	15259.0
501.0	14824.0
502.0	15241.0
503.0	15496.0
504.0	14987.0
505.0	14779.0
506.0	14668.0
507.0	14468.0
508.0	15039.0
509.0	14148.0
510.0	14840.0
511.0	14668.0
512.0	15007.0
513.0	14752.0
514.0	14273.0
515.0	14489.0
516.0	14927.0
517.0	15047.0
518.0	14760.0
519.0	15045.0
520.0	14595.0
521.0	14603.0
522.0	15000.0
523.0	14345.0
524.0	15253.0
525.0	15247.0
526.0	14923.0
527.0	15233.0
528.0	14852.0
529.0	15318.0
530.0	15181.0
531.0	15084.0
532.0	14850.0
533.0	14723.0
534.0	14448.0
535.0	14645.0
536.0	14525.0
537.0	15203.0
538.0	14389.0
539.0	15016.0
540.0	14503.0
541.0	14400.0
542.0	14994.0
543.0	15076.0
544.0	14846.0
545.0	14148.0
546.0	14580.0
547.0	15028.0
548.0	14998.0
549.0	14431.0
550.0	14580.0
551.0	15395.0
552.0	14628.0
553.0	14813.0
554.0	15174.0
555.0	14400.0
556.0	14629.0
557.0	14871.0
558.0	14896.0
559.0	14853.0
560.0	14731.0
561.0	15123.0
562.0	14929.0
563.0	14865.0
564.0	14884.0
565.0	14937.0
566.0	14710.0
567.0	14649.0
568.0	14751.0
569.0	14575.0
570.0	14780.0
571.0	15225.0
572.0	14925.0
573.0	14641.0
574.0	14496.0
575.0	14692.0
576.0	14177.0
577.0	14959.0
578.0	15006.0
579.0	15187.0
580.0	14804.0
581.0	14615.0
582.0	14231.0
583.0	14805.0
584.0	15019.0
585.0	14721.0
586.0	14645.0
587.0	15543.0
588.0	14954.0
589.0	14642.0
590.0	14458.0
591.0	14845.0
592.0	14468.0
593.0	14525.0
594.0	15010.0
595.0	15083.0
596.0	14268.0
597.0	14859.0
598.0	14711.0
599.0	14191.0
600.0	14795.0
601.0	14692.0
602.0	14866.0
603.0	14596.0
604.0	15146.0
605.0	14305.0
606.0	14949.0
607.0	14426.0
608.0	14194.0
609.0	14503.0
610.0	14846.0
611.0	14653.0
612.0	14753.0
613.0	14989.0
614.0	14668.0
615.0	14725.0
616.0	14737.0
617.0	14895.0
618.0	14486.0
619.0	14528.0
620.0	14745.0
621.0	14795.0
622.0	14609.0
623.0	14548.0
624.0	14332.0
625.0	14336.0
626.0	14908.0
627.0	14760.0
628.0	14256.0
629.0	14513.0
630.0	14149.0
631.0	14810.0
632.0	14268.0
633.0	14798.0
634.0	14193.0
635.0	14572.0
636.0	14565.0
637.0	14579.0
638.0	14600.0
639.0	14284.0
640.0	14425.0
641.0	14197.0
642.0	14490.0
643.0	14190.0
644.0	14902.0
645.0	14547.0
646.0	14444.0
647.0	14530.0
648.0	14285.0
649.0	15191.0
650.0	14400.0
651.0	14724.0
652.0	14407.0
653.0	14090.0
654.0	14558.0
655.0	15043.0
656.0	15187.0
657.0	15047.0
658.0	14417.0
659.0	14481.0
660.0	14549.0
661.0	14501.0
662.0	14776.0
663.0	14432.0
664.0	15418.0
665.0	14225.0
666.0	14729.0
667.0	14397.0
668.0	14584.0
669.0	14855.0
670.0	14489.0
671.0	14339.0
672.0	14712.0
673.0	14513.0
674.0	14534.0
675.0	14144.0
676.0	14596.0
677.0	14624.0
678.0	15024.0
679.0	14830.0
680.0	14496.0
681.0	14782.0
682.0	14267.0
683.0	14305.0
684.0	14679.0
685.0	14782.0
686.0	14296.0
687.0	14752.0
688.0	14867.0
689.0	14493.0
690.0	14074.0
691.0	14420.0
692.0	14411.0
693.0	15023.0
694.0	14433.0
695.0	15409.0
696.0	14220.0
697.0	14307.0
698.0	14939.0
699.0	14779.0
700.0	15139.0
701.0	14818.0
702.0	14456.0
703.0	14871.0
704.0	14896.0
705.0	14785.0
706.0	14747.0
707.0	14413.0
708.0	14936.0
709.0	14708.0
710.0	14832.0
711.0	14996.0
712.0	14783.0
713.0	14211.0
714.0	14412.0
715.0	14351.0
716.0	14706.0
717.0	14259.0
718.0	14185.0
719.0	14698.0
720.0	14503.0
721.0	14808.0
722.0	14785.0
723.0	14776.0
724.0	14732.0
725.0	14908.0
726.0	14657.0
727.0	14549.0
728.0	14209.0
729.0	14454.0
730.0	14952.0
731.0	14392.0
732.0	14261.0
733.0	14544.0
734.0	15102.0
735.0	14572.0
736.0	14580.0
737.0	14375.0
738.0	14786.0
739.0	14704.0
740.0	14814.0
741.0	14699.0
742.0	14103.0
743.0	14541.0
744.0	15045.0
745.0	14448.0
746.0	14192.0
747.0	14303.0
748.0	14554.0
749.0	14514.0
750.0	14500.0
751.0	14598.0
752.0	14248.0
753.0	14626.0
754.0	14541.0
755.0	14515.0
756.0	14318.0
757.0	14670.0
758.0	14141.0
759.0	15309.0
760.0	15022.0
761.0	14648.0
762.0	14336.0
763.0	14413.0
764.0	15120.0
765.0	14659.0
766.0	14365.0
767.0	14386.0
768.0	14232.0
769.0	14436.0
770.0	14572.0
771.0	14424.0
772.0	14669.0
773.0	14791.0
774.0	14711.0
775.0	14184.0
776.0	14563.0
777.0	14752.0
778.0	15125.0
779.0	14310.0
780.0	14346.0
781.0	15186.0
782.0	14599.0
783.0	14141.0
784.0	14347.0
785.0	14474.0
786.0	14251.0
787.0	14144.0
788.0	14308.0
789.0	14644.0
790.0	14666.0
791.0	14665.0
792.0	14540.0
793.0	14514.0
794.0	14499.0
795.0	13986.0
796.0	14645.0
797.0	14489.0
798.0	14914.0
799.0	14832.0
800.0	14556.0
