$itime = 500
$wv_start = 190.0
$hv = 1000
$grating = 2 1200 g/mm BLZ= 500  nm
$x_amps = 10
$x_volts = 45
$sample = DB2340
$date = 2023-07-05
$temp = 72.0
$wv_stop = 800.0
$time = 16:24:21.883000
$wv_step = 1.0
190.0	16483.0
191.0	16477.0
192.0	16251.0
193.0	16402.0
194.0	17059.0
195.0	16058.0
196.0	16069.0
197.0	15294.0
198.0	15756.0
199.0	15848.0
200.0	16454.0
201.0	16736.0
202.0	16180.0
203.0	15799.0
204.0	16655.0
205.0	16353.0
206.0	16589.0
207.0	16228.0
208.0	16322.0
209.0	16305.0
210.0	16443.0
211.0	15950.0
212.0	16145.0
213.0	16229.0
214.0	16379.0
215.0	16255.0
216.0	16245.0
217.0	15917.0
218.0	16103.0
219.0	15933.0
220.0	16360.0
221.0	16128.0
222.0	17017.0
223.0	15576.0
224.0	15827.0
225.0	16345.0
226.0	16375.0
227.0	16348.0
228.0	16154.0
229.0	16068.0
230.0	16262.0
231.0	16670.0
232.0	15869.0
233.0	16018.0
234.0	16247.0
235.0	16268.0
236.0	16431.0
237.0	16288.0
238.0	16581.0
239.0	16226.0
240.0	16670.0
241.0	16713.0
242.0	16266.0
243.0	16508.0
244.0	16435.0
245.0	15893.0
246.0	16191.0
247.0	16561.0
248.0	16295.0
249.0	16259.0
250.0	16333.0
251.0	16443.0
252.0	16088.0
253.0	16709.0
254.0	16790.0
255.0	16180.0
256.0	15729.0
257.0	16349.0
258.0	16490.0
259.0	16179.0
260.0	16270.0
261.0	16369.0
262.0	16307.0
263.0	16173.0
264.0	16205.0
265.0	16797.0
266.0	16188.0
267.0	16699.0
268.0	15870.0
269.0	16275.0
270.0	16591.0
271.0	15771.0
272.0	16094.0
273.0	16053.0
274.0	16710.0
275.0	16617.0
276.0	16213.0
277.0	16247.0
278.0	16074.0
279.0	16542.0
280.0	16432.0
281.0	16268.0
282.0	16537.0
283.0	16558.0
284.0	16388.0
285.0	16475.0
286.0	16624.0
287.0	16195.0
288.0	16403.0
289.0	16673.0
290.0	16317.0
291.0	16551.0
292.0	16532.0
293.0	16349.0
294.0	15511.0
295.0	16289.0
296.0	16760.0
297.0	16446.0
298.0	16621.0
299.0	16743.0
300.0	16569.0
301.0	16225.0
302.0	16244.0
303.0	16881.0
304.0	15934.0
305.0	16402.0
306.0	16715.0
307.0	16513.0
308.0	17095.0
309.0	16407.0
310.0	15817.0
311.0	16787.0
312.0	16827.0
313.0	17252.0
314.0	16535.0
315.0	16619.0
316.0	15953.0
317.0	16481.0
318.0	16321.0
319.0	16463.0
320.0	16260.0
321.0	16117.0
322.0	16582.0
323.0	16375.0
324.0	16776.0
325.0	15538.0
326.0	16542.0
327.0	16282.0
328.0	16153.0
329.0	16621.0
330.0	16864.0
331.0	16690.0
332.0	16508.0
333.0	16088.0
334.0	16606.0
335.0	16782.0
336.0	16537.0
337.0	16861.0
338.0	16271.0
339.0	16331.0
340.0	16249.0
341.0	16551.0
342.0	16579.0
343.0	16222.0
344.0	15832.0
345.0	15977.0
346.0	16619.0
347.0	16252.0
348.0	16181.0
349.0	15943.0
350.0	16820.0
351.0	16735.0
352.0	16102.0
353.0	16660.0
354.0	16626.0
355.0	16620.0
356.0	16538.0
357.0	16316.0
358.0	16587.0
359.0	16192.0
360.0	16570.0
361.0	16351.0
362.0	16266.0
363.0	15789.0
364.0	16471.0
365.0	16214.0
366.0	16053.0
367.0	16098.0
368.0	16382.0
369.0	15786.0
370.0	15763.0
371.0	16713.0
372.0	16100.0
373.0	16544.0
374.0	16297.0
375.0	16331.0
376.0	16851.0
377.0	16080.0
378.0	16979.0
379.0	16022.0
380.0	16191.0
381.0	16396.0
382.0	16508.0
383.0	15684.0
384.0	16802.0
385.0	16635.0
386.0	16752.0
387.0	16346.0
388.0	16215.0
389.0	16383.0
390.0	16209.0
391.0	16747.0
392.0	16584.0
393.0	17309.0
394.0	16137.0
395.0	16675.0
396.0	16385.0
397.0	16712.0
398.0	16096.0
399.0	16418.0
400.0	15899.0
401.0	16169.0
402.0	16101.0
403.0	16305.0
404.0	15742.0
405.0	16410.0
406.0	16419.0
407.0	16354.0
408.0	16708.0
409.0	16008.0
410.0	16364.0
411.0	16727.0
412.0	16211.0
413.0	16874.0
414.0	16874.0
415.0	16573.0
416.0	16525.0
417.0	16211.0
418.0	16411.0
419.0	16358.0
420.0	16511.0
421.0	15941.0
422.0	16468.0
423.0	16773.0
424.0	16152.0
425.0	16847.0
426.0	16275.0
427.0	16202.0
428.0	16509.0
429.0	16123.0
430.0	16289.0
431.0	15979.0
432.0	16268.0
433.0	16279.0
434.0	16722.0
435.0	16149.0
436.0	16268.0
437.0	15878.0
438.0	16110.0
439.0	16223.0
440.0	15939.0
441.0	15683.0
442.0	16445.0
443.0	16083.0
444.0	16257.0
445.0	16272.0
446.0	16464.0
447.0	15850.0
448.0	16014.0
449.0	16187.0
450.0	16252.0
451.0	16152.0
452.0	16441.0
453.0	16610.0
454.0	16391.0
455.0	16058.0
456.0	16557.0
457.0	15953.0
458.0	16517.0
459.0	16558.0
460.0	16715.0
461.0	16171.0
462.0	16402.0
463.0	16289.0
464.0	15946.0
465.0	16269.0
466.0	16017.0
467.0	16114.0
468.0	16271.0
469.0	16250.0
470.0	16720.0
471.0	16050.0
472.0	16750.0
473.0	16270.0
474.0	16049.0
475.0	16151.0
476.0	16396.0
477.0	16201.0
478.0	15942.0
479.0	17012.0
480.0	16180.0
481.0	16670.0
482.0	15934.0
483.0	16120.0
484.0	16594.0
485.0	16555.0
486.0	16752.0
487.0	16658.0
488.0	16346.0
489.0	16874.0
490.0	16049.0
491.0	16082.0
492.0	16273.0
493.0	17102.0
494.0	16235.0
495.0	16773.0
496.0	16993.0
497.0	16411.0
498.0	16342.0
499.0	16547.0
500.0	16913.0
501.0	16020.0
502.0	16820.0
503.0	15993.0
504.0	16852.0
505.0	16023.0
506.0	16287.0
507.0	16540.0
508.0	16216.0
509.0	16285.0
510.0	16008.0
511.0	16284.0
512.0	16309.0
513.0	16366.0
514.0	16096.0
515.0	16213.0
516.0	15766.0
517.0	16583.0
518.0	16414.0
519.0	16829.0
520.0	16408.0
521.0	16674.0
522.0	16315.0
523.0	16231.0
524.0	16747.0
525.0	16431.0
526.0	16440.0
527.0	16143.0
528.0	16411.0
529.0	16670.0
530.0	16046.0
531.0	16289.0
532.0	16417.0
533.0	16826.0
534.0	15949.0
535.0	16317.0
536.0	16218.0
537.0	17126.0
538.0	16356.0
539.0	16537.0
540.0	16284.0
541.0	16692.0
542.0	15987.0
543.0	16600.0
544.0	16561.0
545.0	16442.0
546.0	16142.0
547.0	16058.0
548.0	16664.0
549.0	16257.0
550.0	16636.0
551.0	16647.0
552.0	16744.0
553.0	16403.0
554.0	16557.0
555.0	16150.0
556.0	15643.0
557.0	16904.0
558.0	16288.0
559.0	16159.0
560.0	16578.0
561.0	16396.0
562.0	16424.0
563.0	15870.0
564.0	16291.0
565.0	17341.0
566.0	16384.0
567.0	16193.0
568.0	16766.0
569.0	16557.0
570.0	16577.0
571.0	16401.0
572.0	16267.0
573.0	16429.0
574.0	16049.0
575.0	16628.0
576.0	16562.0
577.0	16879.0
578.0	17069.0
579.0	16263.0
580.0	16026.0
581.0	16474.0
582.0	16341.0
583.0	16428.0
584.0	16537.0
585.0	16479.0
586.0	16171.0
587.0	16390.0
588.0	15878.0
589.0	16252.0
590.0	16082.0
591.0	16418.0
592.0	16304.0
593.0	16424.0
594.0	15836.0
595.0	15917.0
596.0	16539.0
597.0	16304.0
598.0	16171.0
599.0	16169.0
600.0	16294.0
601.0	15804.0
602.0	16447.0
603.0	16099.0
604.0	16558.0
605.0	16315.0
606.0	16668.0
607.0	16217.0
608.0	16683.0
609.0	16429.0
610.0	16577.0
611.0	16573.0
612.0	16401.0
613.0	16320.0
614.0	16569.0
615.0	16285.0
616.0	16475.0
617.0	16435.0
618.0	15886.0
619.0	15999.0
620.0	16722.0
621.0	16780.0
622.0	16684.0
623.0	16646.0
624.0	16178.0
625.0	16148.0
626.0	16311.0
627.0	16676.0
628.0	16731.0
629.0	16263.0
630.0	16723.0
631.0	16025.0
632.0	16182.0
633.0	16258.0
634.0	16146.0
635.0	16443.0
636.0	16847.0
637.0	16569.0
638.0	16357.0
639.0	16267.0
640.0	16120.0
641.0	16618.0
642.0	16089.0
643.0	16576.0
644.0	16724.0
645.0	17025.0
646.0	16847.0
647.0	16147.0
648.0	15919.0
649.0	16515.0
650.0	16558.0
651.0	16230.0
652.0	17030.0
653.0	16775.0
654.0	17102.0
655.0	16851.0
656.0	17215.0
657.0	17081.0
658.0	16993.0
659.0	17075.0
660.0	17464.0
661.0	17334.0
662.0	16803.0
663.0	16523.0
664.0	16776.0
665.0	16847.0
666.0	17179.0
667.0	16894.0
668.0	17325.0
669.0	16970.0
670.0	17321.0
671.0	17026.0
672.0	16505.0
673.0	16710.0
674.0	16906.0
675.0	16759.0
676.0	17003.0
677.0	16101.0
678.0	16247.0
679.0	16654.0
680.0	16486.0
681.0	15799.0
682.0	16425.0
683.0	16444.0
684.0	16690.0
685.0	16789.0
686.0	16586.0
687.0	16274.0
688.0	16331.0
689.0	16580.0
690.0	16407.0
691.0	16324.0
692.0	16579.0
693.0	16411.0
694.0	16722.0
695.0	16294.0
696.0	16026.0
697.0	16626.0
698.0	16763.0
699.0	16669.0
700.0	15917.0
701.0	15893.0
702.0	16479.0
703.0	16375.0
704.0	16485.0
705.0	16407.0
706.0	16914.0
707.0	16226.0
708.0	15916.0
709.0	16262.0
710.0	15892.0
711.0	15970.0
712.0	16367.0
713.0	17252.0
714.0	17052.0
715.0	16168.0
716.0	16411.0
717.0	16574.0
718.0	16735.0
719.0	16567.0
720.0	16864.0
721.0	16107.0
722.0	15784.0
723.0	16284.0
724.0	16154.0
725.0	16199.0
726.0	16654.0
727.0	16210.0
728.0	16582.0
729.0	16531.0
730.0	16902.0
731.0	16486.0
732.0	16466.0
733.0	16071.0
734.0	15592.0
735.0	15921.0
736.0	16604.0
737.0	15793.0
738.0	15827.0
739.0	16226.0
740.0	16225.0
741.0	16711.0
742.0	16379.0
743.0	16001.0
744.0	16149.0
745.0	16246.0
746.0	16188.0
747.0	16179.0
748.0	16070.0
749.0	16929.0
750.0	16204.0
751.0	16206.0
752.0	16252.0
753.0	16683.0
754.0	15939.0
755.0	16492.0
756.0	15697.0
757.0	14938.0
758.0	16509.0
759.0	16678.0
760.0	16108.0
761.0	16168.0
762.0	16820.0
763.0	16686.0
764.0	16520.0
765.0	16576.0
766.0	17085.0
767.0	16619.0
768.0	17091.0
769.0	16653.0
770.0	16428.0
771.0	16192.0
772.0	16134.0
773.0	16899.0
774.0	16587.0
775.0	16448.0
776.0	16153.0
777.0	15936.0
778.0	16226.0
779.0	16668.0
780.0	16624.0
781.0	16321.0
782.0	16209.0
783.0	16557.0
784.0	16289.0
785.0	16609.0
786.0	16069.0
787.0	16268.0
788.0	16655.0
789.0	16121.0
790.0	17073.0
791.0	16146.0
792.0	15952.0
793.0	16715.0
794.0	15967.0
795.0	16531.0
796.0	16260.0
797.0	16577.0
798.0	16273.0
799.0	16210.0
800.0	16209.0
