$itime = 500
$wv_start = 190.0
$hv = 1000
$grating = 2 1200 g/mm BLZ= 500  nm
$x_amps = 10
$x_volts = 45
$sample = DB2340
$date = 2023-07-05
$temp = 32.01
$wv_stop = 800.0
$time = 16:24:21.883000
$wv_step = 1.0
190.0	16824.0
191.0	16434.0
192.0	16715.0
193.0	16654.0
194.0	15765.0
195.0	16383.0
196.0	16577.0
197.0	17032.0
198.0	17041.0
199.0	16285.0
200.0	16270.0
201.0	17044.0
202.0	16430.0
203.0	16100.0
204.0	16666.0
205.0	16543.0
206.0	16559.0
207.0	16817.0
208.0	16762.0
209.0	16157.0
210.0	16404.0
211.0	16315.0
212.0	15966.0
213.0	15841.0
214.0	16582.0
215.0	16505.0
216.0	16085.0
217.0	16576.0
218.0	16661.0
219.0	16266.0
220.0	16816.0
221.0	16767.0
222.0	16919.0
223.0	16813.0
224.0	16621.0
225.0	16535.0
226.0	16418.0
227.0	16218.0
228.0	16432.0
229.0	16261.0
230.0	16264.0
231.0	16368.0
232.0	16285.0
233.0	16712.0
234.0	16359.0
235.0	16251.0
236.0	16046.0
237.0	15960.0
238.0	16435.0
239.0	16668.0
240.0	16552.0
241.0	16873.0
242.0	15917.0
243.0	16205.0
244.0	16580.0
245.0	16496.0
246.0	16800.0
247.0	16636.0
248.0	16146.0
249.0	16755.0
250.0	16099.0
251.0	16228.0
252.0	16573.0
253.0	16275.0
254.0	16627.0
255.0	16363.0
256.0	16654.0
257.0	16670.0
258.0	16210.0
259.0	16421.0
260.0	16842.0
261.0	16141.0
262.0	16084.0
263.0	16092.0
264.0	16466.0
265.0	16757.0
266.0	16602.0
267.0	16223.0
268.0	16491.0
269.0	16411.0
270.0	16335.0
271.0	16210.0
272.0	16896.0
273.0	16166.0
274.0	16707.0
275.0	16791.0
276.0	16564.0
277.0	16953.0
278.0	16347.0
279.0	17519.0
280.0	17090.0
281.0	16632.0
282.0	17152.0
283.0	16654.0
284.0	16266.0
285.0	16184.0
286.0	16849.0
287.0	16934.0
288.0	17067.0
289.0	16610.0
290.0	16847.0
291.0	16613.0
292.0	17104.0
293.0	16823.0
294.0	16551.0
295.0	16732.0
296.0	16436.0
297.0	17022.0
298.0	16175.0
299.0	16700.0
300.0	16340.0
301.0	16509.0
302.0	16909.0
303.0	16774.0
304.0	16032.0
305.0	16367.0
306.0	16405.0
307.0	16311.0
308.0	16553.0
309.0	16523.0
310.0	16727.0
311.0	16723.0
312.0	16899.0
313.0	16316.0
314.0	16619.0
315.0	15967.0
316.0	17025.0
317.0	16495.0
318.0	17217.0
319.0	16456.0
320.0	16815.0
321.0	17005.0
322.0	16882.0
323.0	16791.0
324.0	16534.0
325.0	16247.0
326.0	16900.0
327.0	17033.0
328.0	16610.0
329.0	16655.0
330.0	16144.0
331.0	16442.0
332.0	16656.0
333.0	17042.0
334.0	16011.0
335.0	16302.0
336.0	16491.0
337.0	16257.0
338.0	16575.0
339.0	16406.0
340.0	16699.0
341.0	16253.0
342.0	17021.0
343.0	16903.0
344.0	16535.0
345.0	16387.0
346.0	16893.0
347.0	16436.0
348.0	17149.0
349.0	16454.0
350.0	16051.0
351.0	16226.0
352.0	16574.0
353.0	16819.0
354.0	17186.0
355.0	16348.0
356.0	16286.0
357.0	17310.0
358.0	16284.0
359.0	16544.0
360.0	16860.0
361.0	16307.0
362.0	16382.0
363.0	16387.0
364.0	16200.0
365.0	16493.0
366.0	17118.0
367.0	16855.0
368.0	16330.0
369.0	17002.0
370.0	16790.0
371.0	16391.0
372.0	15758.0
373.0	16281.0
374.0	16576.0
375.0	16327.0
376.0	17112.0
377.0	16443.0
378.0	16632.0
379.0	16179.0
380.0	15955.0
381.0	17052.0
382.0	16387.0
383.0	16397.0
384.0	16783.0
385.0	16604.0
386.0	16250.0
387.0	16874.0
388.0	16853.0
389.0	15935.0
390.0	16197.0
391.0	16643.0
392.0	16657.0
393.0	16564.0
394.0	16091.0
395.0	16931.0
396.0	16637.0
397.0	16941.0
398.0	16398.0
399.0	16703.0
400.0	16040.0
401.0	16140.0
402.0	16584.0
403.0	16530.0
404.0	16557.0
405.0	16133.0
406.0	16732.0
407.0	16622.0
408.0	16690.0
409.0	16525.0
410.0	16727.0
411.0	16882.0
412.0	16522.0
413.0	16290.0
414.0	16418.0
415.0	15954.0
416.0	16030.0
417.0	16675.0
418.0	17062.0
419.0	17233.0
420.0	16755.0
421.0	16658.0
422.0	16730.0
423.0	16307.0
424.0	16310.0
425.0	15911.0
426.0	16159.0
427.0	16049.0
428.0	16367.0
429.0	16285.0
430.0	16622.0
431.0	16238.0
432.0	16217.0
433.0	16146.0
434.0	16210.0
435.0	16532.0
436.0	16454.0
437.0	16744.0
438.0	16256.0
439.0	16567.0
440.0	16548.0
441.0	16437.0
442.0	17165.0
443.0	16970.0
444.0	16555.0
445.0	16509.0
446.0	16626.0
447.0	16471.0
448.0	16853.0
449.0	17142.0
450.0	16670.0
451.0	16231.0
452.0	17038.0
453.0	16588.0
454.0	16709.0
455.0	16630.0
456.0	16726.0
457.0	16567.0
458.0	16579.0
459.0	16095.0
460.0	16285.0
461.0	16537.0
462.0	16234.0
463.0	16171.0
464.0	15913.0
465.0	16537.0
466.0	15935.0
467.0	16308.0
468.0	16443.0
469.0	16800.0
470.0	16962.0
471.0	16530.0
472.0	16402.0
473.0	16654.0
474.0	16664.0
475.0	16576.0
476.0	16771.0
477.0	17321.0
478.0	16389.0
479.0	16937.0
480.0	16420.0
481.0	16169.0
482.0	16819.0
483.0	16549.0
484.0	16479.0
485.0	16881.0
486.0	16228.0
487.0	16304.0
488.0	16290.0
489.0	16793.0
490.0	17016.0
491.0	16817.0
492.0	16328.0
493.0	16496.0
494.0	16926.0
495.0	16797.0
496.0	16489.0
497.0	16893.0
498.0	16591.0
499.0	16380.0
500.0	16070.0
501.0	16188.0
502.0	16706.0
503.0	16432.0
504.0	16737.0
505.0	16633.0
506.0	16628.0
507.0	16576.0
508.0	16369.0
509.0	16668.0
510.0	16312.0
511.0	16419.0
512.0	16620.0
513.0	16881.0
514.0	16589.0
515.0	16359.0
516.0	16667.0
517.0	16688.0
518.0	16373.0
519.0	16944.0
520.0	16919.0
521.0	16697.0
522.0	16257.0
523.0	16661.0
524.0	16589.0
525.0	16669.0
526.0	16772.0
527.0	16561.0
528.0	17108.0
529.0	16531.0
530.0	16851.0
531.0	16101.0
532.0	16158.0
533.0	16989.0
534.0	16696.0
535.0	17261.0
536.0	16829.0
537.0	16774.0
538.0	16848.0
539.0	16419.0
540.0	16249.0
541.0	16764.0
542.0	16838.0
543.0	16765.0
544.0	16622.0
545.0	16684.0
546.0	16261.0
547.0	16790.0
548.0	16963.0
549.0	16719.0
550.0	17029.0
551.0	16505.0
552.0	16334.0
553.0	16617.0
554.0	16408.0
555.0	16538.0
556.0	16529.0
557.0	16732.0
558.0	16262.0
559.0	16742.0
560.0	16574.0
561.0	17138.0
562.0	16814.0
563.0	16853.0
564.0	16280.0
565.0	16409.0
566.0	16565.0
567.0	15882.0
568.0	16644.0
569.0	16496.0
570.0	16077.0
571.0	16567.0
572.0	16188.0
573.0	16851.0
574.0	16408.0
575.0	16268.0
576.0	16408.0
577.0	16640.0
578.0	15948.0
579.0	17185.0
580.0	16050.0
581.0	16901.0
582.0	16408.0
583.0	16549.0
584.0	17026.0
585.0	16637.0
586.0	16262.0
587.0	15641.0
588.0	16571.0
589.0	16362.0
590.0	17222.0
591.0	16540.0
592.0	16909.0
593.0	16357.0
594.0	16164.0
595.0	17119.0
596.0	16331.0
597.0	16712.0
598.0	16317.0
599.0	16369.0
600.0	16562.0
601.0	16529.0
602.0	16531.0
603.0	16660.0
604.0	16572.0
605.0	16929.0
606.0	16664.0
607.0	16936.0
608.0	16236.0
609.0	16220.0
610.0	17077.0
611.0	16569.0
612.0	16343.0
613.0	16626.0
614.0	15752.0
615.0	16516.0
616.0	16168.0
617.0	16782.0
618.0	15977.0
619.0	16362.0
620.0	16137.0
621.0	16733.0
622.0	16174.0
623.0	16101.0
624.0	16300.0
625.0	16513.0
626.0	16562.0
627.0	16792.0
628.0	15660.0
629.0	16477.0
630.0	16495.0
631.0	16651.0
632.0	16496.0
633.0	16915.0
634.0	16211.0
635.0	16008.0
636.0	16588.0
637.0	16053.0
638.0	16822.0
639.0	16359.0
640.0	16175.0
641.0	16171.0
642.0	16788.0
643.0	16713.0
644.0	16069.0
645.0	16573.0
646.0	16528.0
647.0	16209.0
648.0	16317.0
649.0	17015.0
650.0	16748.0
651.0	16492.0
652.0	16137.0
653.0	15895.0
654.0	16634.0
655.0	17090.0
656.0	16509.0
657.0	17359.0
658.0	17607.0
659.0	18395.0
660.0	18913.0
661.0	19059.0
662.0	19340.0
663.0	18914.0
664.0	17764.0
665.0	18503.0
666.0	18254.0
667.0	18306.0
668.0	17750.0
669.0	17550.0
670.0	18117.0
671.0	18988.0
672.0	17836.0
673.0	19106.0
674.0	18168.0
675.0	17745.0
676.0	18017.0
677.0	17154.0
678.0	17083.0
679.0	16424.0
680.0	17071.0
681.0	17208.0
682.0	16271.0
683.0	16826.0
684.0	17041.0
685.0	17091.0
686.0	17192.0
687.0	16813.0
688.0	16799.0
689.0	16350.0
690.0	16519.0
691.0	16604.0
692.0	16180.0
693.0	15916.0
694.0	17030.0
695.0	16993.0
696.0	16482.0
697.0	16365.0
698.0	16726.0
699.0	16963.0
700.0	16068.0
701.0	16888.0
702.0	16340.0
703.0	16270.0
704.0	16254.0
705.0	16115.0
706.0	16576.0
707.0	16767.0
708.0	16670.0
709.0	16841.0
710.0	16512.0
711.0	16802.0
712.0	16321.0
713.0	16988.0
714.0	16668.0
715.0	16483.0
716.0	16659.0
717.0	16723.0
718.0	16289.0
719.0	16499.0
720.0	16485.0
721.0	16406.0
722.0	16432.0
723.0	16752.0
724.0	16026.0
725.0	15963.0
726.0	16430.0
727.0	17155.0
728.0	16735.0
729.0	16250.0
730.0	16654.0
731.0	16304.0
732.0	17283.0
733.0	17224.0
734.0	16456.0
735.0	16640.0
736.0	16050.0
737.0	16274.0
738.0	16560.0
739.0	15926.0
740.0	16569.0
741.0	16835.0
742.0	16253.0
743.0	17164.0
744.0	16592.0
745.0	16701.0
746.0	16659.0
747.0	16991.0
748.0	16785.0
749.0	16358.0
750.0	16760.0
751.0	16753.0
752.0	16653.0
753.0	16127.0
754.0	16624.0
755.0	15813.0
756.0	16329.0
757.0	16202.0
758.0	16001.0
759.0	15941.0
760.0	16922.0
761.0	16763.0
762.0	17269.0
763.0	16435.0
764.0	16531.0
765.0	17034.0
766.0	15955.0
767.0	16216.0
768.0	16351.0
769.0	17170.0
770.0	16281.0
771.0	16499.0
772.0	16549.0
773.0	16023.0
774.0	15934.0
775.0	16402.0
776.0	16374.0
777.0	16288.0
778.0	16274.0
779.0	16383.0
780.0	16327.0
781.0	16349.0
782.0	16406.0
783.0	16139.0
784.0	16284.0
785.0	16625.0
786.0	16636.0
787.0	16290.0
788.0	16423.0
789.0	16654.0
790.0	16811.0
791.0	16290.0
792.0	17048.0
793.0	15865.0
794.0	16411.0
795.0	16088.0
796.0	17226.0
797.0	16800.0
798.0	16305.0
799.0	16539.0
800.0	16274.0
