$itime = 500
$wv_start = 190.0
$hv = 1000
$grating = 2 1200 g/mm BLZ= 500  nm
$x_amps = 10
$x_volts = 45
$sample = DB2340
$date = 2023-07-05
$temp = 42.0
$wv_stop = 800.0
$time = 16:24:21.883000
$wv_step = 1.0
190.0	16344.0
191.0	16408.0
192.0	16322.0
193.0	16499.0
194.0	16384.0
195.0	16559.0
196.0	16153.0
197.0	16522.0
198.0	16001.0
199.0	15826.0
200.0	15636.0
201.0	16912.0
202.0	16409.0
203.0	16456.0
204.0	16708.0
205.0	16213.0
206.0	16573.0
207.0	15983.0
208.0	16869.0
209.0	16347.0
210.0	16247.0
211.0	16348.0
212.0	16026.0
213.0	16749.0
214.0	16676.0
215.0	16632.0
216.0	16655.0
217.0	16473.0
218.0	16719.0
219.0	16159.0
220.0	16817.0
221.0	16358.0
222.0	16802.0
223.0	16167.0
224.0	16620.0
225.0	16908.0
226.0	17148.0
227.0	16258.0
228.0	16552.0
229.0	16397.0
230.0	16151.0
231.0	16570.0
232.0	16298.0
233.0	16784.0
234.0	16561.0
235.0	16123.0
236.0	16508.0
237.0	16320.0
238.0	16815.0
239.0	15963.0
240.0	16374.0
241.0	17000.0
242.0	16657.0
243.0	15652.0
244.0	16708.0
245.0	16525.0
246.0	16802.0
247.0	16183.0
248.0	16694.0
249.0	16767.0
250.0	16465.0
251.0	16122.0
252.0	16465.0
253.0	16790.0
254.0	16263.0
255.0	16100.0
256.0	16552.0
257.0	16790.0
258.0	16336.0
259.0	16240.0
260.0	16345.0
261.0	16559.0
262.0	16251.0
263.0	16693.0
264.0	16118.0
265.0	16775.0
266.0	17305.0
267.0	16608.0
268.0	16334.0
269.0	16025.0
270.0	16555.0
271.0	16327.0
272.0	16219.0
273.0	16094.0
274.0	16459.0
275.0	16577.0
276.0	16768.0
277.0	16286.0
278.0	16757.0
279.0	16417.0
280.0	16246.0
281.0	16680.0
282.0	16171.0
283.0	16636.0
284.0	16556.0
285.0	16652.0
286.0	16564.0
287.0	16169.0
288.0	16743.0
289.0	16437.0
290.0	16600.0
291.0	16091.0
292.0	16410.0
293.0	16475.0
294.0	16518.0
295.0	16764.0
296.0	16874.0
297.0	16396.0
298.0	17030.0
299.0	16664.0
300.0	16321.0
301.0	16272.0
302.0	16576.0
303.0	16445.0
304.0	16729.0
305.0	16658.0
306.0	15953.0
307.0	17032.0
308.0	16184.0
309.0	16608.0
310.0	16417.0
311.0	16553.0
312.0	17054.0
313.0	16528.0
314.0	16946.0
315.0	17044.0
316.0	15965.0
317.0	16659.0
318.0	16657.0
319.0	16386.0
320.0	16394.0
321.0	16622.0
322.0	16571.0
323.0	16694.0
324.0	17042.0
325.0	16653.0
326.0	16752.0
327.0	16382.0
328.0	17041.0
329.0	16524.0
330.0	16576.0
331.0	16589.0
332.0	16688.0
333.0	16379.0
334.0	16582.0
335.0	16009.0
336.0	16347.0
337.0	16488.0
338.0	16660.0
339.0	16524.0
340.0	16454.0
341.0	15963.0
342.0	15637.0
343.0	17286.0
344.0	16400.0
345.0	17002.0
346.0	16791.0
347.0	16267.0
348.0	16071.0
349.0	16803.0
350.0	16643.0
351.0	16634.0
352.0	16108.0
353.0	16471.0
354.0	16559.0
355.0	16511.0
356.0	16447.0
357.0	16611.0
358.0	16191.0
359.0	16217.0
360.0	15994.0
361.0	16613.0
362.0	16573.0
363.0	16275.0
364.0	16899.0
365.0	16559.0
366.0	16578.0
367.0	16370.0
368.0	16311.0
369.0	16536.0
370.0	15948.0
371.0	16167.0
372.0	16819.0
373.0	16301.0
374.0	16365.0
375.0	16531.0
376.0	16557.0
377.0	16592.0
378.0	16033.0
379.0	16363.0
380.0	16412.0
381.0	16366.0
382.0	16263.0
383.0	16117.0
384.0	16210.0
385.0	16351.0
386.0	16327.0
387.0	16424.0
388.0	16569.0
389.0	16423.0
390.0	16593.0
391.0	15868.0
392.0	16666.0
393.0	16191.0
394.0	15833.0
395.0	15849.0
396.0	16031.0
397.0	16343.0
398.0	16082.0
399.0	17181.0
400.0	16353.0
401.0	16663.0
402.0	16396.0
403.0	16213.0
404.0	16400.0
405.0	16670.0
406.0	16422.0
407.0	16046.0
408.0	16286.0
409.0	17174.0
410.0	16364.0
411.0	16344.0
412.0	16864.0
413.0	16570.0
414.0	16280.0
415.0	16941.0
416.0	16338.0
417.0	16229.0
418.0	16587.0
419.0	16267.0
420.0	16794.0
421.0	16311.0
422.0	16844.0
423.0	17086.0
424.0	16699.0
425.0	16176.0
426.0	16709.0
427.0	16659.0
428.0	16475.0
429.0	16890.0
430.0	16222.0
431.0	16670.0
432.0	16561.0
433.0	16291.0
434.0	16197.0
435.0	16329.0
436.0	16263.0
437.0	16708.0
438.0	16268.0
439.0	16773.0
440.0	16382.0
441.0	15657.0
442.0	16509.0
443.0	16285.0
444.0	16771.0
445.0	16491.0
446.0	16285.0
447.0	16424.0
448.0	16419.0
449.0	16383.0
450.0	16277.0
451.0	16280.0
452.0	16367.0
453.0	16683.0
454.0	16684.0
455.0	16658.0
456.0	16368.0
457.0	16177.0
458.0	15900.0
459.0	16525.0
460.0	16495.0
461.0	16958.0
462.0	16045.0
463.0	16322.0
464.0	16399.0
465.0	15963.0
466.0	16613.0
467.0	16316.0
468.0	16292.0
469.0	16419.0
470.0	16241.0
471.0	16543.0
472.0	16682.0
473.0	16185.0
474.0	16285.0
475.0	16442.0
476.0	16578.0
477.0	16339.0
478.0	16226.0
479.0	17204.0
480.0	16504.0
481.0	16754.0
482.0	16581.0
483.0	16592.0
484.0	16093.0
485.0	16588.0
486.0	16533.0
487.0	16495.0
488.0	16947.0
489.0	16582.0
490.0	16123.0
491.0	16433.0
492.0	16734.0
493.0	16429.0
494.0	17000.0
495.0	16535.0
496.0	16343.0
497.0	17097.0
498.0	16512.0
499.0	16556.0
500.0	17142.0
501.0	16686.0
502.0	16698.0
503.0	16408.0
504.0	16570.0
505.0	16431.0
506.0	16372.0
507.0	16684.0
508.0	16106.0
509.0	17038.0
510.0	16756.0
511.0	16561.0
512.0	16008.0
513.0	17089.0
514.0	16065.0
515.0	16530.0
516.0	16793.0
517.0	16643.0
518.0	16353.0
519.0	17310.0
520.0	16274.0
521.0	16692.0
522.0	16866.0
523.0	16051.0
524.0	16732.0
525.0	16144.0
526.0	16569.0
527.0	17453.0
528.0	16659.0
529.0	16543.0
530.0	16966.0
531.0	16645.0
532.0	16536.0
533.0	16567.0
534.0	16168.0
535.0	16053.0
536.0	16804.0
537.0	16582.0
538.0	16085.0
539.0	16776.0
540.0	16258.0
541.0	16541.0
542.0	16267.0
543.0	16752.0
544.0	16329.0
545.0	16681.0
546.0	16317.0
547.0	15893.0
548.0	16740.0
549.0	16954.0
550.0	17175.0
551.0	16274.0
552.0	17032.0
553.0	17074.0
554.0	16026.0
555.0	16589.0
556.0	16600.0
557.0	17115.0
558.0	16535.0
559.0	16414.0
560.0	16640.0
561.0	16973.0
562.0	16983.0
563.0	16251.0
564.0	16776.0
565.0	16594.0
566.0	16389.0
567.0	16357.0
568.0	16839.0
569.0	16344.0
570.0	16924.0
571.0	16980.0
572.0	17140.0
573.0	16284.0
574.0	16263.0
575.0	17129.0
576.0	16736.0
577.0	16491.0
578.0	16622.0
579.0	16669.0
580.0	16708.0
581.0	16326.0
582.0	16629.0
583.0	17008.0
584.0	16627.0
585.0	16328.0
586.0	16786.0
587.0	16616.0
588.0	16813.0
589.0	16434.0
590.0	16522.0
591.0	17227.0
592.0	16408.0
593.0	16732.0
594.0	16650.0
595.0	16228.0
596.0	16241.0
597.0	16549.0
598.0	17248.0
599.0	16970.0
600.0	16378.0
601.0	16905.0
602.0	16302.0
603.0	16255.0
604.0	16326.0
605.0	16580.0
606.0	16698.0
607.0	16560.0
608.0	16179.0
609.0	16656.0
610.0	16568.0
611.0	16547.0
612.0	16626.0
613.0	15892.0
614.0	16558.0
615.0	16652.0
616.0	16155.0
617.0	16683.0
618.0	16474.0
619.0	16075.0
620.0	16262.0
621.0	16711.0
622.0	16266.0
623.0	16588.0
624.0	16713.0
625.0	16758.0
626.0	17020.0
627.0	16400.0
628.0	16453.0
629.0	16378.0
630.0	16632.0
631.0	16655.0
632.0	16284.0
633.0	16792.0
634.0	16505.0
635.0	16479.0
636.0	16505.0
637.0	16478.0
638.0	16669.0
639.0	16758.0
640.0	16568.0
641.0	16909.0
642.0	17057.0
643.0	16001.0
644.0	16219.0
645.0	15932.0
646.0	16477.0
647.0	16185.0
648.0	16354.0
649.0	16876.0
650.0	16723.0
651.0	16546.0
652.0	16083.0
653.0	16719.0
654.0	16807.0
655.0	17051.0
656.0	17854.0
657.0	17287.0
658.0	17547.0
659.0	18403.0
660.0	18314.0
661.0	17692.0
662.0	18594.0
663.0	18190.0
664.0	17607.0
665.0	17856.0
666.0	17124.0
667.0	17059.0
668.0	17747.0
669.0	18079.0
670.0	17307.0
671.0	17342.0
672.0	17626.0
673.0	17672.0
674.0	17318.0
675.0	17054.0
676.0	17504.0
677.0	17274.0
678.0	17024.0
679.0	17025.0
680.0	16806.0
681.0	16654.0
682.0	17090.0
683.0	17063.0
684.0	16860.0
685.0	16715.0
686.0	16319.0
687.0	16415.0
688.0	17011.0
689.0	16723.0
690.0	17213.0
691.0	17074.0
692.0	16576.0
693.0	15879.0
694.0	16584.0
695.0	16279.0
696.0	15801.0
697.0	16167.0
698.0	16262.0
699.0	16253.0
700.0	16187.0
701.0	16565.0
702.0	16838.0
703.0	16768.0
704.0	16915.0
705.0	16842.0
706.0	15959.0
707.0	16579.0
708.0	17202.0
709.0	16078.0
710.0	16888.0
711.0	16056.0
712.0	16776.0
713.0	16610.0
714.0	16615.0
715.0	16422.0
716.0	16576.0
717.0	16748.0
718.0	16802.0
719.0	16440.0
720.0	16680.0
721.0	16191.0
722.0	15996.0
723.0	16488.0
724.0	16437.0
725.0	16690.0
726.0	16757.0
727.0	16791.0
728.0	16288.0
729.0	17029.0
730.0	16551.0
731.0	16799.0
732.0	16205.0
733.0	16161.0
734.0	16330.0
735.0	16657.0
736.0	16599.0
737.0	16355.0
738.0	16245.0
739.0	16595.0
740.0	16877.0
741.0	17060.0
742.0	16036.0
743.0	15826.0
744.0	16812.0
745.0	16505.0
746.0	17137.0
747.0	16324.0
748.0	16928.0
749.0	16723.0
750.0	16477.0
751.0	16396.0
752.0	16606.0
753.0	16690.0
754.0	16329.0
755.0	16384.0
756.0	15853.0
757.0	16262.0
758.0	16150.0
759.0	16321.0
760.0	16400.0
761.0	16411.0
762.0	16248.0
763.0	15566.0
764.0	16486.0
765.0	16267.0
766.0	17032.0
767.0	16936.0
768.0	16846.0
769.0	16747.0
770.0	16455.0
771.0	15575.0
772.0	16557.0
773.0	16742.0
774.0	16743.0
775.0	16110.0
776.0	16509.0
777.0	16053.0
778.0	16190.0
779.0	16740.0
780.0	16606.0
781.0	16146.0
782.0	16596.0
783.0	16425.0
784.0	16741.0
785.0	16482.0
786.0	16665.0
787.0	16342.0
788.0	17183.0
789.0	16238.0
790.0	16477.0
791.0	16848.0
792.0	16667.0
793.0	16031.0
794.0	16799.0
795.0	16552.0
796.0	17048.0
797.0	16901.0
798.0	16702.0
799.0	16483.0
800.0	16919.0
