$itime = 500
$wv_start = 190.0
$hv = 1000
$grating = 2 1200 g/mm BLZ= 500  nm
$x_amps = 10
$x_volts = 45
$sample = DB2340
$date = 2023-07-05
$temp = 292.0
$wv_stop = 800.0
$time = 12:22:08.536000
$wv_step = 1.0
190.0	13262.0
191.0	13554.0
192.0	13384.0
193.0	13375.0
194.0	12963.0
195.0	13174.0
196.0	14421.0
197.0	12899.0
198.0	13831.0
199.0	12629.0
200.0	13198.0
201.0	13073.0
202.0	12935.0
203.0	13189.0
204.0	13302.0
205.0	13092.0
206.0	13470.0
207.0	13445.0
208.0	12899.0
209.0	13395.0
210.0	13552.0
211.0	13106.0
212.0	13201.0
213.0	13432.0
214.0	13658.0
215.0	13745.0
216.0	13424.0
217.0	13562.0
218.0	13562.0
219.0	13298.0
220.0	13435.0
221.0	13567.0
222.0	13360.0
223.0	13325.0
224.0	13380.0
225.0	13316.0
226.0	13728.0
227.0	12959.0
228.0	12469.0
229.0	13587.0
230.0	12851.0
231.0	12776.0
232.0	13274.0
233.0	13532.0
234.0	13091.0
235.0	13095.0
236.0	13278.0
237.0	13567.0
238.0	13362.0
239.0	13789.0
240.0	12775.0
241.0	13272.0
242.0	13103.0
243.0	13241.0
244.0	13209.0
245.0	13554.0
246.0	13836.0
247.0	13584.0
248.0	13375.0
249.0	13380.0
250.0	13723.0
251.0	13526.0
252.0	13683.0
253.0	13972.0
254.0	13415.0
255.0	12737.0
256.0	13072.0
257.0	13827.0
258.0	13423.0
259.0	12961.0
260.0	13735.0
261.0	13019.0
262.0	13041.0
263.0	13169.0
264.0	13384.0
265.0	13278.0
266.0	13818.0
267.0	13273.0
268.0	13475.0
269.0	13661.0
270.0	13235.0
271.0	13455.0
272.0	13173.0
273.0	13434.0
274.0	13861.0
275.0	13108.0
276.0	13161.0
277.0	13329.0
278.0	13463.0
279.0	13065.0
280.0	12938.0
281.0	13584.0
282.0	13317.0
283.0	13623.0
284.0	12875.0
285.0	12824.0
286.0	13476.0
287.0	13475.0
288.0	13189.0
289.0	13194.0
290.0	13193.0
291.0	13528.0
292.0	13366.0
293.0	13455.0
294.0	13391.0
295.0	13935.0
296.0	13549.0
297.0	13767.0
298.0	13726.0
299.0	13320.0
300.0	13644.0
301.0	13136.0
302.0	13743.0
303.0	13643.0
304.0	12928.0
305.0	13423.0
306.0	13644.0
307.0	13233.0
308.0	13455.0
309.0	13146.0
310.0	13178.0
311.0	13287.0
312.0	13333.0
313.0	13336.0
314.0	13424.0
315.0	13817.0
316.0	13125.0
317.0	12840.0
318.0	13278.0
319.0	13502.0
320.0	13723.0
321.0	13129.0
322.0	13332.0
323.0	13545.0
324.0	13732.0
325.0	12897.0
326.0	13149.0
327.0	13298.0
328.0	13195.0
329.0	13352.0
330.0	13387.0
331.0	13473.0
332.0	13479.0
333.0	13357.0
334.0	13307.0
335.0	13743.0
336.0	12959.0
337.0	13280.0
338.0	12953.0
339.0	13384.0
340.0	13216.0
341.0	12910.0
342.0	13487.0
343.0	13262.0
344.0	13962.0
345.0	13589.0
346.0	13163.0
347.0	13024.0
348.0	13205.0
349.0	13184.0
350.0	12906.0
351.0	13810.0
352.0	13645.0
353.0	13000.0
354.0	13535.0
355.0	13085.0
356.0	13486.0
357.0	13402.0
358.0	13399.0
359.0	12935.0
360.0	12839.0
361.0	13863.0
362.0	13083.0
363.0	13255.0
364.0	13280.0
365.0	13126.0
366.0	13376.0
367.0	13501.0
368.0	13041.0
369.0	13164.0
370.0	13418.0
371.0	13525.0
372.0	12850.0
373.0	12824.0
374.0	12935.0
375.0	13593.0
376.0	12646.0
377.0	13167.0
378.0	13721.0
379.0	13416.0
380.0	13473.0
381.0	12931.0
382.0	13028.0
383.0	13610.0
384.0	12840.0
385.0	13367.0
386.0	13586.0
387.0	13763.0
388.0	13274.0
389.0	13380.0
390.0	13057.0
391.0	13610.0
392.0	12864.0
393.0	13147.0
394.0	13206.0
395.0	13470.0
396.0	13413.0
397.0	13128.0
398.0	13580.0
399.0	13683.0
400.0	13402.0
401.0	13532.0
402.0	12705.0
403.0	13785.0
404.0	13225.0
405.0	13271.0
406.0	13201.0
407.0	13729.0
408.0	12830.0
409.0	12872.0
410.0	13644.0
411.0	13387.0
412.0	13354.0
413.0	12614.0
414.0	12596.0
415.0	13898.0
416.0	12708.0
417.0	13635.0
418.0	13336.0
419.0	13600.0
420.0	13292.0
421.0	13204.0
422.0	13679.0
423.0	13205.0
424.0	12971.0
425.0	13329.0
426.0	13041.0
427.0	13255.0
428.0	13305.0
429.0	13148.0
430.0	12487.0
431.0	13063.0
432.0	13468.0
433.0	13286.0
434.0	13364.0
435.0	13359.0
436.0	13508.0
437.0	13152.0
438.0	13390.0
439.0	13965.0
440.0	13013.0
441.0	13456.0
442.0	13281.0
443.0	13432.0
444.0	13281.0
445.0	13156.0
446.0	13378.0
447.0	13436.0
448.0	13475.0
449.0	13759.0
450.0	12899.0
451.0	13325.0
452.0	13522.0
453.0	13113.0
454.0	12919.0
455.0	13506.0
456.0	12732.0
457.0	13287.0
458.0	13439.0
459.0	13113.0
460.0	13469.0
461.0	13521.0
462.0	13381.0
463.0	13129.0
464.0	13247.0
465.0	13373.0
466.0	13659.0
467.0	13340.0
468.0	13912.0
469.0	13091.0
470.0	13276.0
471.0	13075.0
472.0	13413.0
473.0	13288.0
474.0	13201.0
475.0	13216.0
476.0	13659.0
477.0	13398.0
478.0	13514.0
479.0	13479.0
480.0	13360.0
481.0	13288.0
482.0	13610.0
483.0	13476.0
484.0	13413.0
485.0	13175.0
486.0	13152.0
487.0	13481.0
488.0	13121.0
489.0	13610.0
490.0	13589.0
491.0	13769.0
492.0	13034.0
493.0	13426.0
494.0	13363.0
495.0	13735.0
496.0	13363.0
497.0	13104.0
498.0	12770.0
499.0	13584.0
500.0	13423.0
501.0	13359.0
502.0	13523.0
503.0	13221.0
504.0	13278.0
505.0	13651.0
506.0	13263.0
507.0	13019.0
508.0	13366.0
509.0	13639.0
510.0	13555.0
511.0	13656.0
512.0	12920.0
513.0	13427.0
514.0	13358.0
515.0	13368.0
516.0	13478.0
517.0	13423.0
518.0	12547.0
519.0	13328.0
520.0	13433.0
521.0	13253.0
522.0	13091.0
523.0	14000.0
524.0	12957.0
525.0	12973.0
526.0	13657.0
527.0	13399.0
528.0	13255.0
529.0	14012.0
530.0	13539.0
531.0	13299.0
532.0	13379.0
533.0	13193.0
534.0	14143.0
535.0	13485.0
536.0	13019.0
537.0	13785.0
538.0	13313.0
539.0	13568.0
540.0	13035.0
541.0	13278.0
542.0	12793.0
543.0	13577.0
544.0	13679.0
545.0	13925.0
546.0	13527.0
547.0	13330.0
548.0	13095.0
549.0	13377.0
550.0	13104.0
551.0	13436.0
552.0	13034.0
553.0	13366.0
554.0	13143.0
555.0	13218.0
556.0	13187.0
557.0	13381.0
558.0	13143.0
559.0	13746.0
560.0	13860.0
561.0	13506.0
562.0	13145.0
563.0	13689.0
564.0	12929.0
565.0	13487.0
566.0	13287.0
567.0	13195.0
568.0	13457.0
569.0	14120.0
570.0	13697.0
571.0	13568.0
572.0	13257.0
573.0	13505.0
574.0	13668.0
575.0	13488.0
576.0	13604.0
577.0	13830.0
578.0	13379.0
579.0	13211.0
580.0	13688.0
581.0	13342.0
582.0	13095.0
583.0	13085.0
584.0	13351.0
585.0	13544.0
586.0	13797.0
587.0	13645.0
588.0	13293.0
589.0	13405.0
590.0	13375.0
591.0	13147.0
592.0	13854.0
593.0	13726.0
594.0	12932.0
595.0	13498.0
596.0	12794.0
597.0	13522.0
598.0	13409.0
599.0	13054.0
600.0	13700.0
601.0	13806.0
602.0	13353.0
603.0	13584.0
604.0	12979.0
605.0	13367.0
606.0	13278.0
607.0	13653.0
608.0	13668.0
609.0	12863.0
610.0	13092.0
611.0	13644.0
612.0	13387.0
613.0	13943.0
614.0	13522.0
615.0	13255.0
616.0	13064.0
617.0	13035.0
618.0	12977.0
619.0	13206.0
620.0	13023.0
621.0	13375.0
622.0	13729.0
623.0	13629.0
624.0	13191.0
625.0	13513.0
626.0	13527.0
627.0	13260.0
628.0	13437.0
629.0	13664.0
630.0	12937.0
631.0	13477.0
632.0	13790.0
633.0	13147.0
634.0	13640.0
635.0	13657.0
636.0	13205.0
637.0	13520.0
638.0	13246.0
639.0	13363.0
640.0	13093.0
641.0	13455.0
642.0	13612.0
643.0	13346.0
644.0	13391.0
645.0	13852.0
646.0	13298.0
647.0	13580.0
648.0	13457.0
649.0	13255.0
650.0	13203.0
651.0	13766.0
652.0	13026.0
653.0	13012.0
654.0	13174.0
655.0	13216.0
656.0	13485.0
657.0	13255.0
658.0	13115.0
659.0	13809.0
660.0	13264.0
661.0	13440.0
662.0	13647.0
663.0	13326.0
664.0	13585.0
665.0	13176.0
666.0	13525.0
667.0	13280.0
668.0	13091.0
669.0	13347.0
670.0	13422.0
671.0	13026.0
672.0	13288.0
673.0	13258.0
674.0	13603.0
675.0	13661.0
676.0	12928.0
677.0	13496.0
678.0	13584.0
679.0	13147.0
680.0	13160.0
681.0	13018.0
682.0	13466.0
683.0	13380.0
684.0	13161.0
685.0	13504.0
686.0	13531.0
687.0	13022.0
688.0	13291.0
689.0	13649.0
690.0	13666.0
691.0	13404.0
692.0	13218.0
693.0	13224.0
694.0	13343.0
695.0	13298.0
696.0	13698.0
697.0	13023.0
698.0	13461.0
699.0	13539.0
700.0	13553.0
701.0	12979.0
702.0	13074.0
703.0	13648.0
704.0	13635.0
705.0	13034.0
706.0	13273.0
707.0	13181.0
708.0	13465.0
709.0	13163.0
710.0	13382.0
711.0	13540.0
712.0	13305.0
713.0	12966.0
714.0	13495.0
715.0	13573.0
716.0	13601.0
717.0	13926.0
718.0	13264.0
719.0	12912.0
720.0	13506.0
721.0	13350.0
722.0	13391.0
723.0	13305.0
724.0	13527.0
725.0	13485.0
726.0	13275.0
727.0	13387.0
728.0	13424.0
729.0	13362.0
730.0	13268.0
731.0	12938.0
732.0	13228.0
733.0	13522.0
734.0	12755.0
735.0	13730.0
736.0	13463.0
737.0	12758.0
738.0	13666.0
739.0	13138.0
740.0	13244.0
741.0	13888.0
742.0	13287.0
743.0	13726.0
744.0	13572.0
745.0	13408.0
746.0	13446.0
747.0	13124.0
748.0	13082.0
749.0	13408.0
750.0	13759.0
751.0	12675.0
752.0	13322.0
753.0	13336.0
754.0	13140.0
755.0	13442.0
756.0	13689.0
757.0	13435.0
758.0	13498.0
759.0	13351.0
760.0	13091.0
761.0	13354.0
762.0	13400.0
763.0	13867.0
764.0	13325.0
765.0	13292.0
766.0	13475.0
767.0	13561.0
768.0	13584.0
769.0	13199.0
770.0	13375.0
771.0	13203.0
772.0	13350.0
773.0	12460.0
774.0	13515.0
775.0	13066.0
776.0	13048.0
777.0	13164.0
778.0	13271.0
779.0	13423.0
780.0	13173.0
781.0	13168.0
782.0	13568.0
783.0	13551.0
784.0	13474.0
785.0	13712.0
786.0	13123.0
787.0	12929.0
788.0	13388.0
789.0	13174.0
790.0	13300.0
791.0	13028.0
792.0	13315.0
793.0	12626.0
794.0	13578.0
795.0	13232.0
796.0	13399.0
797.0	13526.0
798.0	14000.0
799.0	13769.0
800.0	13555.0
