$itime = 500
$wv_start = 190.0
$hv = 1000
$grating = 2 1200 g/mm BLZ= 500  nm
$x_amps = 10
$x_volts = 45
$sample = DB2340
$date = 2023-07-05
$temp = 312.0
$wv_stop = 800.0
$time = 12:22:08.536000
$wv_step = 1.0
190.0	12840.0
191.0	12899.0
192.0	13711.0
193.0	12938.0
194.0	12660.0
195.0	12815.0
196.0	12867.0
197.0	12968.0
198.0	12384.0
199.0	13388.0
200.0	13552.0
201.0	12704.0
202.0	12969.0
203.0	13278.0
204.0	13287.0
205.0	13485.0
206.0	13389.0
207.0	12922.0
208.0	12853.0
209.0	12894.0
210.0	13343.0
211.0	13026.0
212.0	13197.0
213.0	13177.0
214.0	13750.0
215.0	13212.0
216.0	12818.0
217.0	13032.0
218.0	13200.0
219.0	13174.0
220.0	12872.0
221.0	12660.0
222.0	12944.0
223.0	12763.0
224.0	13302.0
225.0	13254.0
226.0	12944.0
227.0	12905.0
228.0	12784.0
229.0	13637.0
230.0	12576.0
231.0	13194.0
232.0	12697.0
233.0	13255.0
234.0	13285.0
235.0	13081.0
236.0	13313.0
237.0	13109.0
238.0	13056.0
239.0	13249.0
240.0	12602.0
241.0	13274.0
242.0	13399.0
243.0	13746.0
244.0	13677.0
245.0	13287.0
246.0	13191.0
247.0	12936.0
248.0	13310.0
249.0	12665.0
250.0	13149.0
251.0	13329.0
252.0	12822.0
253.0	12869.0
254.0	12941.0
255.0	13334.0
256.0	12676.0
257.0	13531.0
258.0	13271.0
259.0	13234.0
260.0	13439.0
261.0	13541.0
262.0	13275.0
263.0	13097.0
264.0	12927.0
265.0	13336.0
266.0	13018.0
267.0	13494.0
268.0	13285.0
269.0	13200.0
270.0	13411.0
271.0	13501.0
272.0	13392.0
273.0	12831.0
274.0	12951.0
275.0	13343.0
276.0	13555.0
277.0	12990.0
278.0	13164.0
279.0	12922.0
280.0	13261.0
281.0	13007.0
282.0	12946.0
283.0	12900.0
284.0	12968.0
285.0	13323.0
286.0	13254.0
287.0	12890.0
288.0	13525.0
289.0	13769.0
290.0	13035.0
291.0	13059.0
292.0	13770.0
293.0	13244.0
294.0	13433.0
295.0	12971.0
296.0	13181.0
297.0	13442.0
298.0	13405.0
299.0	13023.0
300.0	13292.0
301.0	13940.0
302.0	13626.0
303.0	13149.0
304.0	12840.0
305.0	13647.0
306.0	13472.0
307.0	13132.0
308.0	13420.0
309.0	13271.0
310.0	13588.0
311.0	13259.0
312.0	13490.0
313.0	12732.0
314.0	13170.0
315.0	13526.0
316.0	13003.0
317.0	13396.0
318.0	13156.0
319.0	13365.0
320.0	12905.0
321.0	13018.0
322.0	13109.0
323.0	13338.0
324.0	13167.0
325.0	13438.0
326.0	13466.0
327.0	13192.0
328.0	13567.0
329.0	13515.0
330.0	13030.0
331.0	13307.0
332.0	13281.0
333.0	12875.0
334.0	13595.0
335.0	12624.0
336.0	12767.0
337.0	13275.0
338.0	12684.0
339.0	13070.0
340.0	13393.0
341.0	12901.0
342.0	13145.0
343.0	13388.0
344.0	13393.0
345.0	13804.0
346.0	12848.0
347.0	13397.0
348.0	13282.0
349.0	12959.0
350.0	12983.0
351.0	13241.0
352.0	13224.0
353.0	13359.0
354.0	13280.0
355.0	12782.0
356.0	13138.0
357.0	13291.0
358.0	13276.0
359.0	13251.0
360.0	13286.0
361.0	13015.0
362.0	13387.0
363.0	12684.0
364.0	13096.0
365.0	13138.0
366.0	12898.0
367.0	13140.0
368.0	13559.0
369.0	12845.0
370.0	13558.0
371.0	12912.0
372.0	13666.0
373.0	13139.0
374.0	12801.0
375.0	13175.0
376.0	13018.0
377.0	13083.0
378.0	13033.0
379.0	12769.0
380.0	13260.0
381.0	12671.0
382.0	12898.0
383.0	13087.0
384.0	13057.0
385.0	12574.0
386.0	12856.0
387.0	13151.0
388.0	13105.0
389.0	13186.0
390.0	13605.0
391.0	12877.0
392.0	12788.0
393.0	13460.0
394.0	13165.0
395.0	13043.0
396.0	13055.0
397.0	13030.0
398.0	12405.0
399.0	13119.0
400.0	13143.0
401.0	13364.0
402.0	13606.0
403.0	12871.0
404.0	13057.0
405.0	12603.0
406.0	12895.0
407.0	13439.0
408.0	13002.0
409.0	13679.0
410.0	13374.0
411.0	13310.0
412.0	13100.0
413.0	13647.0
414.0	13119.0
415.0	13694.0
416.0	13007.0
417.0	13199.0
418.0	12725.0
419.0	13304.0
420.0	13160.0
421.0	13191.0
422.0	13522.0
423.0	12985.0
424.0	13582.0
425.0	13308.0
426.0	12966.0
427.0	13523.0
428.0	13191.0
429.0	13584.0
430.0	12676.0
431.0	13454.0
432.0	13040.0
433.0	12948.0
434.0	13124.0
435.0	13276.0
436.0	13475.0
437.0	13095.0
438.0	13464.0
439.0	13129.0
440.0	13070.0
441.0	12758.0
442.0	13135.0
443.0	13099.0
444.0	13281.0
445.0	12981.0
446.0	12749.0
447.0	12959.0
448.0	12186.0
449.0	13487.0
450.0	13389.0
451.0	13633.0
452.0	13078.0
453.0	12897.0
454.0	13466.0
455.0	13389.0
456.0	12929.0
457.0	13166.0
458.0	13112.0
459.0	13420.0
460.0	13671.0
461.0	13226.0
462.0	12840.0
463.0	12931.0
464.0	12745.0
465.0	13263.0
466.0	13096.0
467.0	13039.0
468.0	13063.0
469.0	13497.0
470.0	13564.0
471.0	13280.0
472.0	12828.0
473.0	12676.0
474.0	12758.0
475.0	13117.0
476.0	12897.0
477.0	13010.0
478.0	13553.0
479.0	13533.0
480.0	12541.0
481.0	13126.0
482.0	13228.0
483.0	13010.0
484.0	13391.0
485.0	13162.0
486.0	13301.0
487.0	13073.0
488.0	13490.0
489.0	13032.0
490.0	12937.0
491.0	13120.0
492.0	13308.0
493.0	13067.0
494.0	13562.0
495.0	12758.0
496.0	13406.0
497.0	12949.0
498.0	13573.0
499.0	12573.0
500.0	13347.0
501.0	13460.0
502.0	13831.0
503.0	13654.0
504.0	13184.0
505.0	13099.0
506.0	13397.0
507.0	13687.0
508.0	13026.0
509.0	13031.0
510.0	13328.0
511.0	13072.0
512.0	13186.0
513.0	13609.0
514.0	13088.0
515.0	13738.0
516.0	13028.0
517.0	13491.0
518.0	13128.0
519.0	13156.0
520.0	13260.0
521.0	13123.0
522.0	13072.0
523.0	13255.0
524.0	13095.0
525.0	13704.0
526.0	13240.0
527.0	13262.0
528.0	13277.0
529.0	13017.0
530.0	13520.0
531.0	12979.0
532.0	13364.0
533.0	13283.0
534.0	13278.0
535.0	12707.0
536.0	13129.0
537.0	13552.0
538.0	12875.0
539.0	13298.0
540.0	13100.0
541.0	13284.0
542.0	12895.0
543.0	14073.0
544.0	13231.0
545.0	13204.0
546.0	12748.0
547.0	13017.0
548.0	13514.0
549.0	13534.0
550.0	13011.0
551.0	12949.0
552.0	13209.0
553.0	13626.0
554.0	13503.0
555.0	13674.0
556.0	13271.0
557.0	12963.0
558.0	12844.0
559.0	13559.0
560.0	13193.0
561.0	13301.0
562.0	13292.0
563.0	13245.0
564.0	13693.0
565.0	13236.0
566.0	13153.0
567.0	13138.0
568.0	13125.0
569.0	13356.0
570.0	13031.0
571.0	13455.0
572.0	13454.0
573.0	13126.0
574.0	12871.0
575.0	12947.0
576.0	13646.0
577.0	13134.0
578.0	13377.0
579.0	13102.0
580.0	13607.0
581.0	13176.0
582.0	13146.0
583.0	13567.0
584.0	13520.0
585.0	12768.0
586.0	13249.0
587.0	13303.0
588.0	13693.0
589.0	13286.0
590.0	13673.0
591.0	13211.0
592.0	12941.0
593.0	12959.0
594.0	13291.0
595.0	13505.0
596.0	13129.0
597.0	13424.0
598.0	13505.0
599.0	13272.0
600.0	13420.0
601.0	13410.0
602.0	13282.0
603.0	13145.0
604.0	13218.0
605.0	14126.0
606.0	13654.0
607.0	13496.0
608.0	13315.0
609.0	13178.0
610.0	13332.0
611.0	13578.0
612.0	13018.0
613.0	12959.0
614.0	12756.0
615.0	13345.0
616.0	13224.0
617.0	13636.0
618.0	13378.0
619.0	13171.0
620.0	13367.0
621.0	13147.0
622.0	12703.0
623.0	13030.0
624.0	12932.0
625.0	13403.0
626.0	13546.0
627.0	13541.0
628.0	13201.0
629.0	13041.0
630.0	13861.0
631.0	13420.0
632.0	13173.0
633.0	12811.0
634.0	13197.0
635.0	13532.0
636.0	13128.0
637.0	13172.0
638.0	13087.0
639.0	13391.0
640.0	13565.0
641.0	13509.0
642.0	13018.0
643.0	13174.0
644.0	12523.0
645.0	13571.0
646.0	13347.0
647.0	13408.0
648.0	13070.0
649.0	13137.0
650.0	13642.0
651.0	13287.0
652.0	12872.0
653.0	13126.0
654.0	13087.0
655.0	12837.0
656.0	13399.0
657.0	12936.0
658.0	13365.0
659.0	13542.0
660.0	13280.0
661.0	13244.0
662.0	13496.0
663.0	13230.0
664.0	12790.0
665.0	13637.0
666.0	12743.0
667.0	13528.0
668.0	13367.0
669.0	13457.0
670.0	13323.0
671.0	13178.0
672.0	13091.0
673.0	13352.0
674.0	12761.0
675.0	13351.0
676.0	13200.0
677.0	13179.0
678.0	12854.0
679.0	13246.0
680.0	13506.0
681.0	12943.0
682.0	13553.0
683.0	13436.0
684.0	13393.0
685.0	13264.0
686.0	13283.0
687.0	13340.0
688.0	13413.0
689.0	13541.0
690.0	12757.0
691.0	13462.0
692.0	13177.0
693.0	13520.0
694.0	13240.0
695.0	13005.0
696.0	12948.0
697.0	13544.0
698.0	13456.0
699.0	13638.0
700.0	13554.0
701.0	13291.0
702.0	12930.0
703.0	13690.0
704.0	13203.0
705.0	13040.0
706.0	13212.0
707.0	13086.0
708.0	13373.0
709.0	13218.0
710.0	13543.0
711.0	13402.0
712.0	13152.0
713.0	13034.0
714.0	13201.0
715.0	13041.0
716.0	13375.0
717.0	13173.0
718.0	13493.0
719.0	12872.0
720.0	12935.0
721.0	13100.0
722.0	13200.0
723.0	12680.0
724.0	13222.0
725.0	13031.0
726.0	13067.0
727.0	13569.0
728.0	13125.0
729.0	12911.0
730.0	13246.0
731.0	13041.0
732.0	13128.0
733.0	13414.0
734.0	13361.0
735.0	12749.0
736.0	12998.0
737.0	13464.0
738.0	13374.0
739.0	13473.0
740.0	13079.0
741.0	13735.0
742.0	13314.0
743.0	12674.0
744.0	13293.0
745.0	13012.0
746.0	13051.0
747.0	13276.0
748.0	13822.0
749.0	13384.0
750.0	13383.0
751.0	13662.0
752.0	12899.0
753.0	13665.0
754.0	13030.0
755.0	12949.0
756.0	12777.0
757.0	12866.0
758.0	13389.0
759.0	12876.0
760.0	13381.0
761.0	13584.0
762.0	12979.0
763.0	12793.0
764.0	12986.0
765.0	13046.0
766.0	13323.0
767.0	12705.0
768.0	13361.0
769.0	13028.0
770.0	13187.0
771.0	13648.0
772.0	12923.0
773.0	12571.0
774.0	13342.0
775.0	12651.0
776.0	13381.0
777.0	12983.0
778.0	13067.0
779.0	13305.0
780.0	12946.0
781.0	12867.0
782.0	13225.0
783.0	13247.0
784.0	13046.0
785.0	13373.0
786.0	12793.0
787.0	13421.0
788.0	13660.0
789.0	13277.0
790.0	13165.0
791.0	13457.0
792.0	13217.0
793.0	13156.0
794.0	12932.0
795.0	13388.0
796.0	13271.0
797.0	13398.0
798.0	13397.0
799.0	13279.0
800.0	13123.0
