$itime = 500
$wv_start = 190.0
$hv = 1000
$grating = 2 1200 g/mm BLZ= 500  nm
$x_amps = 10
$x_volts = 45
$sample = DB2340
$date = 2023-07-05
$temp = 332.0
$wv_stop = 800.0
$time = 12:22:08.536000
$wv_step = 1.0
190.0	12754.0
191.0	13153.0
192.0	13027.0
193.0	13223.0
194.0	12554.0
195.0	13310.0
196.0	13373.0
197.0	13396.0
198.0	12562.0
199.0	13015.0
200.0	13079.0
201.0	13129.0
202.0	13374.0
203.0	13475.0
204.0	12885.0
205.0	12873.0
206.0	13315.0
207.0	12578.0
208.0	13137.0
209.0	13423.0
210.0	12760.0
211.0	12576.0
212.0	13441.0
213.0	13345.0
214.0	12778.0
215.0	13172.0
216.0	13289.0
217.0	13333.0
218.0	13103.0
219.0	12957.0
220.0	13151.0
221.0	13271.0
222.0	13398.0
223.0	13262.0
224.0	13274.0
225.0	13262.0
226.0	13188.0
227.0	13147.0
228.0	13190.0
229.0	13378.0
230.0	13725.0
231.0	12918.0
232.0	13029.0
233.0	13136.0
234.0	13236.0
235.0	12759.0
236.0	12660.0
237.0	12898.0
238.0	13357.0
239.0	13191.0
240.0	13271.0
241.0	12637.0
242.0	13019.0
243.0	12900.0
244.0	12901.0
245.0	13391.0
246.0	12649.0
247.0	12976.0
248.0	13217.0
249.0	12979.0
250.0	13017.0
251.0	12990.0
252.0	12828.0
253.0	13452.0
254.0	13123.0
255.0	12988.0
256.0	13092.0
257.0	13487.0
258.0	13338.0
259.0	12775.0
260.0	13491.0
261.0	12951.0
262.0	13293.0
263.0	12998.0
264.0	12598.0
265.0	13114.0
266.0	13139.0
267.0	13385.0
268.0	13147.0
269.0	13136.0
270.0	13202.0
271.0	12859.0
272.0	13023.0
273.0	13434.0
274.0	12551.0
275.0	13059.0
276.0	12549.0
277.0	12627.0
278.0	13206.0
279.0	13095.0
280.0	13100.0
281.0	12878.0
282.0	13516.0
283.0	12976.0
284.0	13300.0
285.0	13860.0
286.0	13295.0
287.0	13314.0
288.0	12862.0
289.0	13004.0
290.0	13080.0
291.0	12633.0
292.0	13134.0
293.0	13273.0
294.0	13142.0
295.0	12923.0
296.0	12756.0
297.0	13258.0
298.0	12693.0
299.0	13008.0
300.0	13139.0
301.0	13333.0
302.0	13278.0
303.0	12660.0
304.0	13755.0
305.0	12925.0
306.0	13095.0
307.0	13131.0
308.0	13351.0
309.0	13452.0
310.0	13915.0
311.0	13103.0
312.0	12951.0
313.0	13056.0
314.0	12962.0
315.0	13442.0
316.0	12771.0
317.0	13876.0
318.0	12708.0
319.0	13190.0
320.0	13077.0
321.0	13404.0
322.0	12859.0
323.0	12410.0
324.0	13638.0
325.0	13353.0
326.0	13100.0
327.0	13175.0
328.0	13041.0
329.0	12829.0
330.0	12955.0
331.0	12756.0
332.0	13374.0
333.0	13388.0
334.0	13589.0
335.0	13436.0
336.0	13804.0
337.0	12947.0
338.0	13216.0
339.0	12814.0
340.0	13536.0
341.0	13389.0
342.0	13096.0
343.0	13116.0
344.0	13547.0
345.0	13419.0
346.0	13188.0
347.0	13723.0
348.0	13169.0
349.0	13154.0
350.0	13406.0
351.0	13437.0
352.0	12575.0
353.0	13099.0
354.0	13611.0
355.0	13409.0
356.0	13713.0
357.0	13054.0
358.0	13443.0
359.0	13103.0
360.0	12986.0
361.0	13247.0
362.0	13212.0
363.0	12894.0
364.0	13160.0
365.0	13372.0
366.0	13550.0
367.0	12822.0
368.0	12963.0
369.0	12684.0
370.0	13274.0
371.0	13107.0
372.0	12682.0
373.0	13564.0
374.0	12961.0
375.0	12714.0
376.0	12836.0
377.0	13027.0
378.0	12541.0
379.0	13176.0
380.0	13352.0
381.0	12881.0
382.0	13424.0
383.0	12632.0
384.0	13041.0
385.0	13792.0
386.0	13469.0
387.0	12600.0
388.0	13311.0
389.0	12969.0
390.0	13315.0
391.0	13396.0
392.0	12619.0
393.0	12611.0
394.0	13096.0
395.0	12773.0
396.0	13160.0
397.0	13277.0
398.0	13041.0
399.0	13420.0
400.0	13370.0
401.0	12983.0
402.0	12938.0
403.0	12779.0
404.0	12979.0
405.0	13342.0
406.0	13236.0
407.0	12864.0
408.0	13374.0
409.0	13420.0
410.0	13200.0
411.0	12997.0
412.0	13177.0
413.0	13152.0
414.0	12956.0
415.0	13152.0
416.0	12600.0
417.0	13192.0
418.0	12765.0
419.0	13232.0
420.0	12565.0
421.0	13743.0
422.0	12578.0
423.0	13278.0
424.0	13236.0
425.0	13533.0
426.0	13149.0
427.0	13555.0
428.0	13100.0
429.0	13504.0
430.0	12728.0
431.0	13408.0
432.0	12956.0
433.0	13128.0
434.0	13100.0
435.0	13045.0
436.0	12875.0
437.0	12857.0
438.0	13178.0
439.0	13278.0
440.0	12959.0
441.0	13039.0
442.0	13169.0
443.0	13212.0
444.0	13060.0
445.0	13244.0
446.0	13242.0
447.0	13427.0
448.0	13341.0
449.0	12960.0
450.0	13057.0
451.0	13121.0
452.0	12913.0
453.0	12940.0
454.0	13553.0
455.0	13236.0
456.0	13392.0
457.0	12901.0
458.0	12802.0
459.0	13128.0
460.0	12753.0
461.0	13031.0
462.0	13100.0
463.0	13147.0
464.0	12923.0
465.0	13423.0
466.0	13278.0
467.0	13868.0
468.0	13169.0
469.0	13468.0
470.0	13368.0
471.0	12884.0
472.0	13560.0
473.0	12936.0
474.0	13147.0
475.0	13277.0
476.0	13197.0
477.0	13228.0
478.0	13308.0
479.0	13881.0
480.0	13368.0
481.0	13177.0
482.0	13145.0
483.0	13173.0
484.0	12923.0
485.0	13221.0
486.0	13404.0
487.0	12770.0
488.0	12691.0
489.0	12725.0
490.0	13498.0
491.0	12879.0
492.0	12226.0
493.0	12708.0
494.0	13041.0
495.0	13439.0
496.0	12988.0
497.0	13369.0
498.0	13092.0
499.0	13276.0
500.0	13154.0
501.0	13257.0
502.0	12910.0
503.0	13296.0
504.0	12732.0
505.0	13195.0
506.0	12942.0
507.0	12732.0
508.0	13195.0
509.0	13489.0
510.0	12911.0
511.0	13338.0
512.0	12663.0
513.0	13971.0
514.0	13009.0
515.0	13555.0
516.0	12950.0
517.0	13151.0
518.0	13495.0
519.0	13068.0
520.0	13230.0
521.0	13010.0
522.0	12770.0
523.0	13173.0
524.0	12597.0
525.0	13156.0
526.0	13028.0
527.0	13429.0
528.0	13228.0
529.0	13081.0
530.0	13013.0
531.0	13207.0
532.0	13244.0
533.0	13271.0
534.0	13299.0
535.0	13312.0
536.0	12986.0
537.0	13225.0
538.0	13477.0
539.0	12924.0
540.0	13787.0
541.0	13179.0
542.0	12740.0
543.0	13206.0
544.0	12649.0
545.0	13774.0
546.0	13498.0
547.0	13269.0
548.0	12985.0
549.0	13552.0
550.0	13759.0
551.0	13269.0
552.0	13281.0
553.0	13475.0
554.0	13086.0
555.0	13347.0
556.0	13425.0
557.0	13437.0
558.0	12925.0
559.0	12878.0
560.0	13296.0
561.0	13192.0
562.0	12738.0
563.0	13637.0
564.0	13064.0
565.0	13163.0
566.0	12872.0
567.0	12561.0
568.0	13097.0
569.0	13292.0
570.0	12700.0
571.0	13489.0
572.0	12785.0
573.0	13270.0
574.0	13211.0
575.0	12955.0
576.0	13306.0
577.0	13565.0
578.0	13131.0
579.0	13178.0
580.0	13403.0
581.0	12684.0
582.0	13002.0
583.0	13199.0
584.0	13145.0
585.0	12840.0
586.0	12999.0
587.0	13495.0
588.0	13176.0
589.0	13024.0
590.0	13036.0
591.0	12469.0
592.0	13324.0
593.0	13308.0
594.0	13158.0
595.0	13096.0
596.0	13473.0
597.0	13060.0
598.0	12923.0
599.0	13082.0
600.0	13255.0
601.0	12876.0
602.0	13441.0
603.0	13561.0
604.0	12840.0
605.0	14083.0
606.0	12832.0
607.0	13352.0
608.0	13036.0
609.0	13268.0
610.0	13415.0
611.0	12621.0
612.0	13065.0
613.0	13168.0
614.0	13308.0
615.0	13035.0
616.0	13646.0
617.0	13147.0
618.0	13015.0
619.0	12847.0
620.0	13338.0
621.0	13289.0
622.0	13164.0
623.0	13088.0
624.0	13664.0
625.0	12766.0
626.0	13739.0
627.0	13552.0
628.0	13136.0
629.0	12792.0
630.0	12700.0
631.0	12609.0
632.0	12931.0
633.0	12954.0
634.0	13262.0
635.0	12979.0
636.0	13349.0
637.0	13608.0
638.0	13438.0
639.0	13400.0
640.0	12922.0
641.0	12793.0
642.0	13396.0
643.0	12891.0
644.0	13243.0
645.0	12770.0
646.0	13251.0
647.0	12481.0
648.0	12808.0
649.0	12868.0
650.0	13856.0
651.0	13528.0
652.0	13121.0
653.0	13422.0
654.0	12906.0
655.0	13149.0
656.0	13320.0
657.0	12436.0
658.0	13604.0
659.0	13276.0
660.0	12822.0
661.0	13577.0
662.0	13342.0
663.0	12667.0
664.0	13548.0
665.0	13529.0
666.0	13202.0
667.0	12856.0
668.0	13104.0
669.0	13012.0
670.0	13378.0
671.0	13092.0
672.0	12839.0
673.0	13391.0
674.0	13338.0
675.0	13446.0
676.0	13279.0
677.0	13179.0
678.0	13393.0
679.0	13244.0
680.0	12527.0
681.0	13107.0
682.0	12859.0
683.0	13501.0
684.0	13063.0
685.0	13036.0
686.0	13415.0
687.0	13075.0
688.0	13324.0
689.0	13748.0
690.0	13487.0
691.0	12950.0
692.0	13216.0
693.0	12705.0
694.0	12813.0
695.0	12734.0
696.0	13530.0
697.0	13425.0
698.0	13105.0
699.0	12659.0
700.0	12868.0
701.0	12799.0
702.0	12811.0
703.0	13031.0
704.0	13115.0
705.0	13421.0
706.0	13399.0
707.0	12549.0
708.0	12638.0
709.0	13039.0
710.0	12684.0
711.0	13208.0
712.0	12922.0
713.0	12991.0
714.0	13568.0
715.0	12782.0
716.0	12885.0
717.0	13164.0
718.0	13188.0
719.0	12629.0
720.0	12956.0
721.0	13276.0
722.0	13209.0
723.0	13191.0
724.0	13192.0
725.0	13292.0
726.0	13657.0
727.0	13049.0
728.0	13031.0
729.0	13051.0
730.0	12875.0
731.0	12569.0
732.0	12833.0
733.0	12960.0
734.0	13216.0
735.0	13105.0
736.0	12774.0
737.0	12932.0
738.0	13042.0
739.0	13129.0
740.0	13121.0
741.0	13045.0
742.0	13114.0
743.0	12886.0
744.0	12594.0
745.0	12859.0
746.0	13278.0
747.0	13045.0
748.0	13069.0
749.0	13347.0
750.0	12973.0
751.0	12961.0
752.0	13016.0
753.0	13312.0
754.0	12874.0
755.0	12540.0
756.0	13026.0
757.0	12725.0
758.0	13070.0
759.0	13520.0
760.0	12833.0
761.0	12646.0
762.0	12783.0
763.0	12938.0
764.0	12892.0
765.0	13145.0
766.0	13315.0
767.0	12941.0
768.0	13224.0
769.0	13262.0
770.0	13187.0
771.0	13547.0
772.0	12814.0
773.0	13179.0
774.0	12634.0
775.0	12884.0
776.0	12732.0
777.0	13314.0
778.0	12677.0
779.0	13120.0
780.0	13750.0
781.0	13142.0
782.0	12772.0
783.0	12562.0
784.0	13396.0
785.0	13048.0
786.0	12764.0
787.0	12533.0
788.0	13101.0
789.0	12766.0
790.0	13538.0
791.0	13278.0
792.0	13081.0
793.0	13233.0
794.0	12525.0
795.0	13178.0
796.0	12875.0
797.0	13545.0
798.0	13471.0
799.0	12859.0
800.0	13248.0
