$itime = 500
$wv_start = 190.0
$hv = 1000
$grating = 2 1200 g/mm BLZ= 500  nm
$x_amps = 10
$x_volts = 45
$sample = DB2340
$date = 2023-07-05
$temp = 161.99
$wv_stop = 800.0
$time = 16:24:21.883000
$wv_step = 1.0
190.0	16205.0
191.0	15792.0
192.0	15716.0
193.0	16284.0
194.0	15760.0
195.0	15786.0
196.0	15764.0
197.0	15687.0
198.0	15746.0
199.0	15878.0
200.0	15682.0
201.0	15108.0
202.0	15340.0
203.0	15671.0
204.0	16107.0
205.0	15165.0
206.0	16031.0
207.0	15903.0
208.0	16060.0
209.0	16294.0
210.0	15438.0
211.0	15401.0
212.0	15745.0
213.0	16063.0
214.0	15586.0
215.0	15932.0
216.0	15941.0
217.0	16249.0
218.0	15651.0
219.0	15799.0
220.0	15477.0
221.0	15820.0
222.0	16023.0
223.0	15829.0
224.0	15680.0
225.0	16534.0
226.0	15406.0
227.0	15758.0
228.0	15466.0
229.0	15478.0
230.0	15295.0
231.0	15667.0
232.0	16001.0
233.0	15624.0
234.0	16026.0
235.0	15524.0
236.0	15520.0
237.0	15993.0
238.0	15649.0
239.0	16046.0
240.0	15526.0
241.0	16128.0
242.0	15192.0
243.0	14777.0
244.0	15430.0
245.0	15786.0
246.0	16171.0
247.0	15781.0
248.0	16094.0
249.0	15983.0
250.0	15903.0
251.0	15403.0
252.0	15770.0
253.0	16118.0
254.0	15300.0
255.0	16261.0
256.0	16147.0
257.0	15742.0
258.0	15760.0
259.0	15621.0
260.0	15766.0
261.0	15764.0
262.0	15897.0
263.0	15792.0
264.0	15721.0
265.0	16373.0
266.0	15677.0
267.0	15623.0
268.0	16090.0
269.0	16235.0
270.0	15590.0
271.0	15887.0
272.0	15900.0
273.0	15967.0
274.0	15904.0
275.0	16029.0
276.0	15807.0
277.0	15385.0
278.0	15875.0
279.0	15660.0
280.0	15514.0
281.0	16144.0
282.0	16240.0
283.0	15993.0
284.0	15946.0
285.0	15409.0
286.0	15892.0
287.0	15577.0
288.0	16743.0
289.0	16145.0
290.0	15978.0
291.0	15437.0
292.0	15781.0
293.0	15990.0
294.0	16123.0
295.0	16000.0
296.0	16118.0
297.0	16629.0
298.0	16586.0
299.0	15773.0
300.0	15959.0
301.0	15950.0
302.0	15761.0
303.0	15858.0
304.0	15941.0
305.0	16366.0
306.0	15938.0
307.0	16266.0
308.0	15869.0
309.0	16078.0
310.0	16304.0
311.0	15784.0
312.0	15770.0
313.0	15909.0
314.0	15863.0
315.0	16134.0
316.0	15772.0
317.0	15787.0
318.0	15317.0
319.0	16020.0
320.0	15633.0
321.0	15579.0
322.0	15941.0
323.0	15845.0
324.0	15986.0
325.0	15700.0
326.0	16289.0
327.0	15635.0
328.0	15963.0
329.0	16293.0
330.0	16072.0
331.0	15315.0
332.0	16236.0
333.0	16098.0
334.0	15607.0
335.0	15558.0
336.0	15344.0
337.0	15859.0
338.0	16204.0
339.0	15553.0
340.0	16101.0
341.0	15418.0
342.0	15615.0
343.0	16069.0
344.0	16159.0
345.0	16033.0
346.0	15088.0
347.0	15420.0
348.0	16069.0
349.0	15376.0
350.0	15548.0
351.0	15344.0
352.0	15699.0
353.0	16269.0
354.0	15545.0
355.0	15792.0
356.0	15915.0
357.0	16231.0
358.0	15913.0
359.0	16571.0
360.0	15795.0
361.0	15917.0
362.0	15698.0
363.0	16041.0
364.0	15652.0
365.0	15874.0
366.0	16145.0
367.0	15928.0
368.0	15807.0
369.0	15064.0
370.0	15264.0
371.0	16133.0
372.0	15860.0
373.0	15614.0
374.0	15786.0
375.0	15803.0
376.0	15576.0
377.0	16179.0
378.0	16049.0
379.0	15754.0
380.0	16107.0
381.0	15501.0
382.0	16383.0
383.0	15811.0
384.0	15747.0
385.0	15857.0
386.0	15747.0
387.0	16018.0
388.0	16193.0
389.0	16268.0
390.0	16249.0
391.0	15583.0
392.0	15486.0
393.0	15355.0
394.0	15706.0
395.0	16013.0
396.0	16043.0
397.0	16030.0
398.0	15341.0
399.0	15166.0
400.0	15863.0
401.0	15165.0
402.0	15664.0
403.0	16031.0
404.0	15586.0
405.0	16146.0
406.0	15193.0
407.0	15527.0
408.0	16153.0
409.0	15794.0
410.0	15777.0
411.0	16012.0
412.0	15407.0
413.0	16273.0
414.0	15849.0
415.0	15502.0
416.0	15684.0
417.0	15641.0
418.0	16215.0
419.0	15996.0
420.0	15282.0
421.0	15782.0
422.0	16266.0
423.0	15800.0
424.0	15276.0
425.0	15912.0
426.0	15554.0
427.0	15823.0
428.0	15783.0
429.0	15471.0
430.0	16125.0
431.0	15423.0
432.0	15413.0
433.0	15983.0
434.0	15276.0
435.0	15836.0
436.0	16205.0
437.0	16346.0
438.0	16136.0
439.0	16236.0
440.0	15323.0
441.0	15770.0
442.0	16340.0
443.0	15764.0
444.0	15805.0
445.0	15870.0
446.0	15456.0
447.0	16036.0
448.0	15640.0
449.0	15825.0
450.0	16264.0
451.0	16241.0
452.0	16008.0
453.0	15986.0
454.0	15878.0
455.0	15548.0
456.0	15715.0
457.0	16179.0
458.0	15953.0
459.0	15990.0
460.0	16063.0
461.0	15718.0
462.0	15901.0
463.0	15505.0
464.0	15490.0
465.0	15444.0
466.0	15773.0
467.0	15526.0
468.0	15488.0
469.0	16023.0
470.0	15658.0
471.0	16264.0
472.0	16309.0
473.0	16043.0
474.0	15664.0
475.0	15532.0
476.0	15755.0
477.0	15361.0
478.0	16219.0
479.0	15913.0
480.0	16179.0
481.0	16054.0
482.0	15897.0
483.0	15640.0
484.0	16397.0
485.0	16236.0
486.0	16281.0
487.0	15682.0
488.0	15518.0
489.0	15818.0
490.0	16275.0
491.0	16163.0
492.0	16188.0
493.0	15692.0
494.0	15769.0
495.0	16446.0
496.0	15975.0
497.0	15385.0
498.0	16145.0
499.0	15810.0
500.0	16436.0
501.0	15733.0
502.0	16222.0
503.0	15660.0
504.0	15827.0
505.0	15324.0
506.0	15467.0
507.0	15378.0
508.0	15529.0
509.0	16307.0
510.0	15560.0
511.0	16179.0
512.0	15566.0
513.0	16299.0
514.0	15769.0
515.0	16155.0
516.0	16523.0
517.0	16361.0
518.0	15948.0
519.0	15824.0
520.0	16030.0
521.0	15288.0
522.0	16247.0
523.0	16179.0
524.0	16005.0
525.0	15967.0
526.0	16028.0
527.0	16243.0
528.0	15576.0
529.0	15852.0
530.0	16302.0
531.0	15780.0
532.0	16100.0
533.0	15817.0
534.0	15633.0
535.0	16155.0
536.0	15602.0
537.0	15576.0
538.0	15921.0
539.0	15661.0
540.0	16209.0
541.0	15582.0
542.0	16241.0
543.0	15943.0
544.0	16563.0
545.0	15736.0
546.0	16503.0
547.0	16437.0
548.0	15952.0
549.0	15132.0
550.0	16088.0
551.0	15535.0
552.0	16033.0
553.0	15689.0
554.0	15912.0
555.0	15545.0
556.0	16274.0
557.0	16264.0
558.0	15973.0
559.0	15856.0
560.0	15415.0
561.0	15996.0
562.0	15439.0
563.0	16177.0
564.0	15482.0
565.0	15775.0
566.0	15799.0
567.0	15900.0
568.0	16249.0
569.0	15562.0
570.0	15966.0
571.0	16411.0
572.0	16049.0
573.0	16151.0
574.0	16011.0
575.0	16031.0
576.0	15665.0
577.0	15989.0
578.0	15459.0
579.0	15744.0
580.0	16061.0
581.0	16246.0
582.0	15768.0
583.0	15598.0
584.0	15564.0
585.0	15570.0
586.0	15842.0
587.0	15892.0
588.0	15875.0
589.0	16179.0
590.0	16033.0
591.0	15411.0
592.0	15733.0
593.0	15510.0
594.0	15734.0
595.0	15156.0
596.0	15662.0
597.0	16097.0
598.0	15781.0
599.0	15522.0
600.0	15510.0
601.0	15388.0
602.0	16068.0
603.0	15802.0
604.0	15955.0
605.0	15818.0
606.0	15546.0
607.0	15938.0
608.0	15716.0
609.0	16167.0
610.0	15933.0
611.0	15486.0
612.0	15658.0
613.0	16100.0
614.0	15652.0
615.0	15897.0
616.0	15651.0
617.0	15777.0
618.0	16169.0
619.0	15857.0
620.0	16105.0
621.0	15651.0
622.0	15722.0
623.0	16178.0
624.0	15674.0
625.0	16220.0
626.0	16028.0
627.0	15684.0
628.0	16228.0
629.0	15292.0
630.0	15974.0
631.0	15547.0
632.0	15583.0
633.0	16070.0
634.0	16025.0
635.0	15662.0
636.0	15460.0
637.0	15607.0
638.0	15455.0
639.0	16229.0
640.0	15357.0
641.0	16031.0
642.0	15484.0
643.0	16409.0
644.0	15734.0
645.0	15775.0
646.0	15731.0
647.0	15972.0
648.0	15907.0
649.0	16008.0
650.0	16280.0
651.0	15988.0
652.0	15951.0
653.0	16253.0
654.0	15913.0
655.0	16345.0
656.0	16333.0
657.0	16144.0
658.0	16200.0
659.0	15760.0
660.0	16209.0
661.0	16153.0
662.0	16386.0
663.0	16367.0
664.0	16177.0
665.0	15980.0
666.0	16251.0
667.0	15909.0
668.0	15801.0
669.0	16384.0
670.0	16095.0
671.0	16131.0
672.0	16015.0
673.0	15627.0
674.0	17105.0
675.0	15721.0
676.0	15763.0
677.0	16154.0
678.0	15664.0
679.0	15937.0
680.0	15859.0
681.0	15890.0
682.0	16185.0
683.0	16371.0
684.0	15575.0
685.0	15312.0
686.0	15731.0
687.0	15771.0
688.0	15346.0
689.0	15473.0
690.0	15977.0
691.0	15947.0
692.0	16362.0
693.0	16191.0
694.0	15806.0
695.0	15972.0
696.0	15684.0
697.0	16101.0
698.0	15641.0
699.0	16133.0
700.0	15220.0
701.0	15624.0
702.0	15598.0
703.0	15428.0
704.0	15847.0
705.0	16075.0
706.0	15863.0
707.0	15641.0
708.0	15577.0
709.0	16311.0
710.0	15831.0
711.0	15421.0
712.0	15677.0
713.0	15657.0
714.0	16076.0
715.0	15766.0
716.0	15640.0
717.0	15706.0
718.0	15839.0
719.0	15016.0
720.0	15178.0
721.0	15686.0
722.0	15855.0
723.0	15703.0
724.0	16106.0
725.0	15702.0
726.0	15781.0
727.0	15301.0
728.0	15856.0
729.0	15791.0
730.0	15399.0
731.0	15583.0
732.0	16209.0
733.0	16001.0
734.0	15762.0
735.0	15879.0
736.0	16677.0
737.0	15933.0
738.0	15844.0
739.0	15967.0
740.0	15145.0
741.0	16058.0
742.0	16145.0
743.0	15879.0
744.0	15273.0
745.0	16026.0
746.0	16174.0
747.0	16121.0
748.0	15950.0
749.0	15775.0
750.0	15648.0
751.0	15564.0
752.0	15953.0
753.0	15392.0
754.0	16013.0
755.0	15505.0
756.0	16037.0
757.0	15852.0
758.0	15766.0
759.0	16026.0
760.0	15357.0
761.0	15981.0
762.0	16244.0
763.0	15599.0
764.0	15550.0
765.0	15505.0
766.0	16107.0
767.0	16227.0
768.0	15145.0
769.0	16043.0
770.0	15661.0
771.0	16083.0
772.0	15592.0
773.0	15775.0
774.0	15580.0
775.0	15480.0
776.0	16049.0
777.0	15833.0
778.0	15576.0
779.0	15416.0
780.0	15659.0
781.0	15875.0
782.0	15567.0
783.0	15953.0
784.0	15886.0
785.0	15703.0
786.0	15792.0
787.0	15525.0
788.0	16251.0
789.0	15887.0
790.0	15775.0
791.0	15444.0
792.0	15092.0
793.0	15813.0
794.0	15808.0
795.0	15633.0
796.0	15733.0
797.0	15540.0
798.0	15417.0
799.0	15535.0
800.0	15120.0
