$itime = 500
$wv_start = 190.0
$hv = 1000
$grating = 2 1200 g/mm BLZ= 500  nm
$x_amps = 10
$x_volts = 45
$sample = DB2340
$date = 2023-07-05
$temp = 92.0
$wv_stop = 800.0
$time = 16:24:21.883000
$wv_step = 1.0
190.0	15937.0
191.0	15665.0
192.0	15860.0
193.0	16537.0
194.0	15729.0
195.0	16041.0
196.0	15901.0
197.0	16105.0
198.0	16008.0
199.0	16504.0
200.0	15910.0
201.0	16429.0
202.0	16285.0
203.0	15968.0
204.0	16229.0
205.0	16432.0
206.0	16219.0
207.0	15606.0
208.0	16275.0
209.0	15919.0
210.0	16147.0
211.0	16262.0
212.0	16181.0
213.0	16425.0
214.0	16240.0
215.0	15938.0
216.0	16043.0
217.0	16212.0
218.0	15997.0
219.0	16237.0
220.0	15836.0
221.0	16418.0
222.0	16281.0
223.0	16558.0
224.0	16031.0
225.0	16496.0
226.0	16129.0
227.0	15999.0
228.0	16101.0
229.0	15697.0
230.0	17143.0
231.0	16218.0
232.0	15973.0
233.0	16210.0
234.0	16585.0
235.0	15956.0
236.0	16012.0
237.0	15831.0
238.0	16437.0
239.0	16284.0
240.0	16547.0
241.0	16316.0
242.0	16070.0
243.0	16255.0
244.0	16167.0
245.0	15708.0
246.0	16095.0
247.0	16329.0
248.0	15673.0
249.0	16260.0
250.0	16175.0
251.0	16082.0
252.0	16437.0
253.0	16470.0
254.0	16298.0
255.0	16349.0
256.0	16100.0
257.0	15836.0
258.0	16238.0
259.0	16083.0
260.0	16208.0
261.0	15939.0
262.0	16222.0
263.0	16366.0
264.0	16208.0
265.0	15754.0
266.0	16731.0
267.0	16246.0
268.0	16284.0
269.0	16078.0
270.0	16111.0
271.0	16253.0
272.0	16440.0
273.0	16108.0
274.0	16129.0
275.0	15968.0
276.0	16615.0
277.0	16085.0
278.0	16677.0
279.0	15857.0
280.0	16748.0
281.0	16067.0
282.0	16803.0
283.0	16266.0
284.0	16232.0
285.0	16306.0
286.0	16529.0
287.0	16188.0
288.0	16314.0
289.0	16692.0
290.0	16493.0
291.0	16228.0
292.0	16904.0
293.0	15959.0
294.0	16186.0
295.0	16592.0
296.0	16691.0
297.0	16270.0
298.0	16251.0
299.0	16567.0
300.0	16419.0
301.0	16267.0
302.0	16292.0
303.0	16264.0
304.0	15956.0
305.0	16618.0
306.0	16369.0
307.0	16541.0
308.0	16677.0
309.0	15745.0
310.0	16838.0
311.0	16659.0
312.0	16328.0
313.0	16447.0
314.0	16384.0
315.0	16404.0
316.0	16381.0
317.0	16182.0
318.0	16483.0
319.0	16188.0
320.0	16070.0
321.0	16441.0
322.0	17175.0
323.0	16216.0
324.0	16033.0
325.0	16205.0
326.0	16268.0
327.0	16390.0
328.0	16629.0
329.0	16571.0
330.0	16076.0
331.0	16581.0
332.0	16272.0
333.0	16273.0
334.0	16263.0
335.0	16382.0
336.0	16512.0
337.0	15506.0
338.0	16529.0
339.0	16364.0
340.0	15773.0
341.0	16190.0
342.0	15669.0
343.0	15922.0
344.0	16358.0
345.0	16331.0
346.0	16605.0
347.0	16385.0
348.0	16145.0
349.0	16402.0
350.0	16354.0
351.0	16952.0
352.0	16590.0
353.0	16240.0
354.0	15920.0
355.0	16085.0
356.0	16677.0
357.0	16759.0
358.0	16496.0
359.0	16436.0
360.0	16705.0
361.0	16504.0
362.0	16516.0
363.0	15918.0
364.0	16608.0
365.0	15522.0
366.0	16223.0
367.0	16564.0
368.0	16155.0
369.0	16096.0
370.0	16842.0
371.0	16280.0
372.0	16228.0
373.0	16569.0
374.0	16399.0
375.0	16575.0
376.0	15862.0
377.0	15977.0
378.0	16078.0
379.0	15939.0
380.0	16315.0
381.0	15707.0
382.0	16555.0
383.0	16790.0
384.0	17108.0
385.0	16560.0
386.0	16263.0
387.0	16269.0
388.0	16294.0
389.0	16542.0
390.0	16713.0
391.0	16411.0
392.0	15929.0
393.0	16351.0
394.0	16406.0
395.0	16126.0
396.0	16426.0
397.0	16426.0
398.0	16058.0
399.0	15916.0
400.0	15900.0
401.0	16144.0
402.0	16224.0
403.0	16720.0
404.0	16508.0
405.0	16179.0
406.0	16443.0
407.0	16564.0
408.0	16661.0
409.0	16077.0
410.0	15664.0
411.0	16443.0
412.0	15861.0
413.0	16508.0
414.0	16804.0
415.0	16096.0
416.0	16260.0
417.0	16296.0
418.0	16494.0
419.0	15929.0
420.0	16207.0
421.0	16160.0
422.0	16179.0
423.0	16378.0
424.0	15907.0
425.0	15889.0
426.0	16551.0
427.0	15769.0
428.0	15690.0
429.0	16579.0
430.0	16593.0
431.0	16124.0
432.0	16591.0
433.0	15790.0
434.0	15718.0
435.0	16619.0
436.0	15903.0
437.0	16168.0
438.0	16346.0
439.0	16464.0
440.0	16107.0
441.0	16271.0
442.0	16413.0
443.0	16711.0
444.0	15549.0
445.0	16797.0
446.0	16362.0
447.0	16231.0
448.0	16441.0
449.0	16246.0
450.0	16208.0
451.0	16583.0
452.0	16317.0
453.0	16172.0
454.0	16444.0
455.0	16643.0
456.0	16390.0
457.0	16426.0
458.0	15713.0
459.0	16857.0
460.0	16036.0
461.0	16198.0
462.0	16242.0
463.0	16527.0
464.0	16032.0
465.0	16827.0
466.0	16068.0
467.0	16520.0
468.0	16463.0
469.0	16624.0
470.0	16145.0
471.0	16384.0
472.0	16291.0
473.0	16474.0
474.0	16001.0
475.0	16068.0
476.0	16682.0
477.0	15927.0
478.0	16123.0
479.0	16168.0
480.0	16091.0
481.0	16419.0
482.0	16284.0
483.0	15847.0
484.0	15990.0
485.0	16196.0
486.0	15831.0
487.0	16758.0
488.0	15671.0
489.0	16443.0
490.0	16314.0
491.0	16425.0
492.0	16657.0
493.0	16030.0
494.0	16549.0
495.0	16397.0
496.0	15965.0
497.0	16589.0
498.0	16107.0
499.0	16582.0
500.0	16626.0
501.0	16229.0
502.0	16759.0
503.0	16111.0
504.0	16443.0
505.0	15722.0
506.0	16205.0
507.0	16250.0
508.0	16148.0
509.0	15842.0
510.0	16748.0
511.0	16496.0
512.0	16263.0
513.0	15856.0
514.0	16009.0
515.0	16343.0
516.0	16295.0
517.0	15630.0
518.0	16410.0
519.0	16397.0
520.0	15998.0
521.0	16054.0
522.0	16464.0
523.0	15743.0
524.0	15822.0
525.0	16620.0
526.0	16264.0
527.0	16291.0
528.0	16426.0
529.0	16396.0
530.0	15906.0
531.0	16848.0
532.0	16524.0
533.0	16264.0
534.0	16505.0
535.0	16654.0
536.0	16341.0
537.0	16450.0
538.0	16222.0
539.0	16562.0
540.0	16401.0
541.0	15934.0
542.0	15566.0
543.0	16161.0
544.0	16224.0
545.0	16697.0
546.0	16592.0
547.0	16335.0
548.0	15847.0
549.0	16591.0
550.0	16839.0
551.0	17260.0
552.0	15955.0
553.0	16421.0
554.0	16402.0
555.0	16740.0
556.0	16061.0
557.0	16369.0
558.0	16707.0
559.0	16130.0
560.0	16453.0
561.0	16549.0
562.0	15859.0
563.0	16264.0
564.0	16569.0
565.0	16954.0
566.0	16519.0
567.0	16063.0
568.0	15853.0
569.0	16430.0
570.0	16316.0
571.0	16256.0
572.0	16412.0
573.0	16643.0
574.0	15859.0
575.0	16270.0
576.0	16397.0
577.0	16315.0
578.0	16558.0
579.0	16360.0
580.0	15780.0
581.0	16048.0
582.0	16399.0
583.0	16420.0
584.0	16668.0
585.0	16316.0
586.0	16161.0
587.0	16547.0
588.0	16612.0
589.0	15792.0
590.0	16471.0
591.0	16499.0
592.0	16399.0
593.0	16419.0
594.0	16260.0
595.0	16062.0
596.0	15818.0
597.0	16334.0
598.0	16227.0
599.0	16668.0
600.0	15487.0
601.0	16320.0
602.0	16515.0
603.0	16263.0
604.0	16705.0
605.0	16647.0
606.0	16442.0
607.0	16411.0
608.0	15894.0
609.0	16647.0
610.0	16238.0
611.0	16509.0
612.0	16277.0
613.0	15952.0
614.0	16268.0
615.0	16436.0
616.0	16063.0
617.0	16837.0
618.0	16068.0
619.0	16002.0
620.0	15656.0
621.0	16315.0
622.0	16251.0
623.0	16711.0
624.0	16306.0
625.0	16454.0
626.0	15575.0
627.0	16184.0
628.0	16150.0
629.0	16056.0
630.0	15917.0
631.0	16123.0
632.0	16496.0
633.0	16017.0
634.0	16945.0
635.0	15798.0
636.0	16402.0
637.0	16420.0
638.0	16267.0
639.0	16454.0
640.0	16436.0
641.0	16766.0
642.0	16207.0
643.0	16581.0
644.0	16271.0
645.0	16135.0
646.0	16369.0
647.0	16036.0
648.0	16321.0
649.0	16330.0
650.0	17048.0
651.0	16927.0
652.0	17174.0
653.0	16655.0
654.0	16715.0
655.0	16568.0
656.0	17044.0
657.0	17377.0
658.0	16966.0
659.0	16697.0
660.0	17472.0
661.0	17024.0
662.0	16742.0
663.0	16576.0
664.0	17091.0
665.0	17078.0
666.0	17091.0
667.0	16229.0
668.0	17357.0
669.0	17177.0
670.0	16046.0
671.0	16581.0
672.0	16915.0
673.0	16353.0
674.0	16561.0
675.0	16589.0
676.0	16403.0
677.0	17072.0
678.0	16222.0
679.0	16306.0
680.0	16341.0
681.0	16427.0
682.0	16469.0
683.0	15862.0
684.0	16570.0
685.0	16797.0
686.0	16347.0
687.0	16299.0
688.0	16599.0
689.0	16306.0
690.0	15826.0
691.0	15960.0
692.0	16281.0
693.0	16224.0
694.0	15737.0
695.0	16064.0
696.0	16569.0
697.0	15782.0
698.0	16621.0
699.0	16366.0
700.0	16482.0
701.0	16847.0
702.0	15664.0
703.0	16191.0
704.0	16681.0
705.0	16353.0
706.0	16462.0
707.0	16267.0
708.0	15981.0
709.0	15934.0
710.0	15862.0
711.0	16187.0
712.0	16148.0
713.0	16390.0
714.0	16709.0
715.0	16062.0
716.0	16385.0
717.0	16180.0
718.0	16536.0
719.0	16439.0
720.0	16179.0
721.0	16422.0
722.0	15918.0
723.0	15953.0
724.0	16083.0
725.0	16654.0
726.0	16167.0
727.0	16060.0
728.0	16036.0
729.0	16342.0
730.0	16079.0
731.0	16231.0
732.0	16666.0
733.0	15697.0
734.0	16147.0
735.0	16475.0
736.0	16509.0
737.0	16452.0
738.0	15905.0
739.0	16569.0
740.0	16624.0
741.0	16386.0
742.0	16083.0
743.0	16160.0
744.0	16502.0
745.0	15666.0
746.0	16664.0
747.0	15967.0
748.0	15813.0
749.0	16249.0
750.0	15920.0
751.0	16205.0
752.0	15955.0
753.0	16234.0
754.0	15552.0
755.0	16812.0
756.0	16151.0
757.0	16327.0
758.0	16414.0
759.0	16525.0
760.0	16311.0
761.0	16464.0
762.0	16655.0
763.0	16322.0
764.0	16246.0
765.0	16234.0
766.0	16438.0
767.0	16193.0
768.0	16068.0
769.0	16461.0
770.0	16515.0
771.0	16441.0
772.0	16353.0
773.0	15818.0
774.0	16266.0
775.0	15916.0
776.0	16742.0
777.0	15982.0
778.0	16313.0
779.0	16294.0
780.0	16008.0
781.0	15757.0
782.0	15934.0
783.0	16656.0
784.0	16071.0
785.0	16046.0
786.0	16316.0
787.0	15978.0
788.0	16276.0
789.0	16059.0
790.0	15954.0
791.0	16179.0
792.0	16256.0
793.0	16753.0
794.0	16137.0
795.0	15803.0
796.0	16068.0
797.0	16179.0
798.0	15724.0
799.0	16111.0
800.0	16146.0
