$itime = 500
$wv_start = 190.0
$hv = 1000
$grating = 2 1200 g/mm BLZ= 500  nm
$x_amps = 10
$x_volts = 45
$sample = DB2340_010
$date = 2023-07-05
$temp = 25.08
$wv_stop = 800.0
$time = 20:36:10.574000
$wv_step = 1.0
190.0	16424.0
191.0	16522.0
192.0	16844.0
193.0	16939.0
194.0	16503.0
195.0	16691.0
196.0	16232.0
197.0	16638.0
198.0	16383.0
199.0	16765.0
200.0	17199.0
201.0	16884.0
202.0	17057.0
203.0	16770.0
204.0	16944.0
205.0	16726.0
206.0	17153.0
207.0	16712.0
208.0	16723.0
209.0	17266.0
210.0	16917.0
211.0	17371.0
212.0	16933.0
213.0	16304.0
214.0	16874.0
215.0	17061.0
216.0	17817.0
217.0	16612.0
218.0	16597.0
219.0	16740.0
220.0	16595.0
221.0	16792.0
222.0	16213.0
223.0	17237.0
224.0	16613.0
225.0	16401.0
226.0	16822.0
227.0	16830.0
228.0	16861.0
229.0	16564.0
230.0	16204.0
231.0	16799.0
232.0	16263.0
233.0	16602.0
234.0	16718.0
235.0	16662.0
236.0	16492.0
237.0	16085.0
238.0	16954.0
239.0	16521.0
240.0	16438.0
241.0	17407.0
242.0	17020.0
243.0	16880.0
244.0	16666.0
245.0	16241.0
246.0	16719.0
247.0	16541.0
248.0	16545.0
249.0	16811.0
250.0	16367.0
251.0	17079.0
252.0	16359.0
253.0	16449.0
254.0	17205.0
255.0	16790.0
256.0	16622.0
257.0	16786.0
258.0	15968.0
259.0	16288.0
260.0	16982.0
261.0	16224.0
262.0	17204.0
263.0	16998.0
264.0	16562.0
265.0	16284.0
266.0	16432.0
267.0	16893.0
268.0	16826.0
269.0	16575.0
270.0	17003.0
271.0	17080.0
272.0	16979.0
273.0	16723.0
274.0	16705.0
275.0	16511.0
276.0	17076.0
277.0	16577.0
278.0	16817.0
279.0	16859.0
280.0	16432.0
281.0	16653.0
282.0	17080.0
283.0	16925.0
284.0	16584.0
285.0	16445.0
286.0	16539.0
287.0	16437.0
288.0	17175.0
289.0	17432.0
290.0	17279.0
291.0	16518.0
292.0	16337.0
293.0	17060.0
294.0	16859.0
295.0	16597.0
296.0	17061.0
297.0	17027.0
298.0	17206.0
299.0	16397.0
300.0	16725.0
301.0	16593.0
302.0	17581.0
303.0	16931.0
304.0	16862.0
305.0	16277.0
306.0	16222.0
307.0	16532.0
308.0	16946.0
309.0	16441.0
310.0	16938.0
311.0	17132.0
312.0	16582.0
313.0	17036.0
314.0	16662.0
315.0	16565.0
316.0	16735.0
317.0	15988.0
318.0	16906.0
319.0	17198.0
320.0	16817.0
321.0	16293.0
322.0	16686.0
323.0	16853.0
324.0	16210.0
325.0	16997.0
326.0	16393.0
327.0	17145.0
328.0	17118.0
329.0	16917.0
330.0	16703.0
331.0	16972.0
332.0	17193.0
333.0	16839.0
334.0	16382.0
335.0	16592.0
336.0	17517.0
337.0	16171.0
338.0	16838.0
339.0	16830.0
340.0	16848.0
341.0	17001.0
342.0	16113.0
343.0	16473.0
344.0	16735.0
345.0	16986.0
346.0	16214.0
347.0	16612.0
348.0	16618.0
349.0	16756.0
350.0	17157.0
351.0	16511.0
352.0	16890.0
353.0	16992.0
354.0	16378.0
355.0	16585.0
356.0	16885.0
357.0	17148.0
358.0	16530.0
359.0	16354.0
360.0	17004.0
361.0	16553.0
362.0	16615.0
363.0	16506.0
364.0	17097.0
365.0	16787.0
366.0	16692.0
367.0	16537.0
368.0	16725.0
369.0	16999.0
370.0	16261.0
371.0	17050.0
372.0	17158.0
373.0	16881.0
374.0	17355.0
375.0	16421.0
376.0	16375.0
377.0	16663.0
378.0	16956.0
379.0	16868.0
380.0	16556.0
381.0	16934.0
382.0	16291.0
383.0	16645.0
384.0	16769.0
385.0	17428.0
386.0	16984.0
387.0	17292.0
388.0	16565.0
389.0	16880.0
390.0	16779.0
391.0	16774.0
392.0	16963.0
393.0	16851.0
394.0	16907.0
395.0	17035.0
396.0	16747.0
397.0	16605.0
398.0	16697.0
399.0	16878.0
400.0	17247.0
401.0	16709.0
402.0	16745.0
403.0	16488.0
404.0	16716.0
405.0	16900.0
406.0	16747.0
407.0	16293.0
408.0	16339.0
409.0	16742.0
410.0	17072.0
411.0	16608.0
412.0	16517.0
413.0	16696.0
414.0	16671.0
415.0	16586.0
416.0	16773.0
417.0	16525.0
418.0	16583.0
419.0	16326.0
420.0	17263.0
421.0	16263.0
422.0	16764.0
423.0	16724.0
424.0	16765.0
425.0	16735.0
426.0	16395.0
427.0	16582.0
428.0	16624.0
429.0	16402.0
430.0	15997.0
431.0	16888.0
432.0	17003.0
433.0	16759.0
434.0	17331.0
435.0	16850.0
436.0	16929.0
437.0	16934.0
438.0	16176.0
439.0	17454.0
440.0	16264.0
441.0	16535.0
442.0	16284.0
443.0	16471.0
444.0	16430.0
445.0	16744.0
446.0	17531.0
447.0	16753.0
448.0	16906.0
449.0	16076.0
450.0	16958.0
451.0	16535.0
452.0	16447.0
453.0	16726.0
454.0	16663.0
455.0	16770.0
456.0	16840.0
457.0	16550.0
458.0	17015.0
459.0	16839.0
460.0	16613.0
461.0	16675.0
462.0	16236.0
463.0	16618.0
464.0	16926.0
465.0	16726.0
466.0	16749.0
467.0	16543.0
468.0	16716.0
469.0	17218.0
470.0	16447.0
471.0	17043.0
472.0	16346.0
473.0	16538.0
474.0	16621.0
475.0	16432.0
476.0	16723.0
477.0	17094.0
478.0	16645.0
479.0	17103.0
480.0	17064.0
481.0	16667.0
482.0	16880.0
483.0	16347.0
484.0	17246.0
485.0	16764.0
486.0	16457.0
487.0	17230.0
488.0	16006.0
489.0	16424.0
490.0	16691.0
491.0	17015.0
492.0	16913.0
493.0	16586.0
494.0	16695.0
495.0	16850.0
496.0	16500.0
497.0	16358.0
498.0	16634.0
499.0	16462.0
500.0	15999.0
501.0	16548.0
502.0	17094.0
503.0	17151.0
504.0	17070.0
505.0	16668.0
506.0	16471.0
507.0	17204.0
508.0	16725.0
509.0	16728.0
510.0	16901.0
511.0	16653.0
512.0	17018.0
513.0	16564.0
514.0	16583.0
515.0	16132.0
516.0	16757.0
517.0	16658.0
518.0	16303.0
519.0	16676.0
520.0	16971.0
521.0	16570.0
522.0	16877.0
523.0	16722.0
524.0	16634.0
525.0	17147.0
526.0	16965.0
527.0	16458.0
528.0	17038.0
529.0	16768.0
530.0	16648.0
531.0	16557.0
532.0	16545.0
533.0	17084.0
534.0	16645.0
535.0	16498.0
536.0	16151.0
537.0	16670.0
538.0	16334.0
539.0	17036.0
540.0	16661.0
541.0	16917.0
542.0	17494.0
543.0	16673.0
544.0	16860.0
545.0	16905.0
546.0	17020.0
547.0	17203.0
548.0	16913.0
549.0	17303.0
550.0	16658.0
551.0	17029.0
552.0	16468.0
553.0	16956.0
554.0	16770.0
555.0	16809.0
556.0	16864.0
557.0	16508.0
558.0	16966.0
559.0	16418.0
560.0	17098.0
561.0	17293.0
562.0	16788.0
563.0	17099.0
564.0	16790.0
565.0	16791.0
566.0	16781.0
567.0	16562.0
568.0	16589.0
569.0	16931.0
570.0	17119.0
571.0	16912.0
572.0	16761.0
573.0	16497.0
574.0	16801.0
575.0	16231.0
576.0	16906.0
577.0	17384.0
578.0	17040.0
579.0	16953.0
580.0	16707.0
581.0	16431.0
582.0	16877.0
583.0	16860.0
584.0	17272.0
585.0	17061.0
586.0	16569.0
587.0	17305.0
588.0	16870.0
589.0	16454.0
590.0	16960.0
591.0	16496.0
592.0	16817.0
593.0	16699.0
594.0	16688.0
595.0	17185.0
596.0	16422.0
597.0	17264.0
598.0	16882.0
599.0	16812.0
600.0	15986.0
601.0	16736.0
602.0	17259.0
603.0	16293.0
604.0	17260.0
605.0	16803.0
606.0	17001.0
607.0	16750.0
608.0	16570.0
609.0	16364.0
610.0	16165.0
611.0	16857.0
612.0	17097.0
613.0	16696.0
614.0	16888.0
615.0	16296.0
616.0	16747.0
617.0	16930.0
618.0	16986.0
619.0	16850.0
620.0	16458.0
621.0	16972.0
622.0	16765.0
623.0	15806.0
624.0	16411.0
625.0	16453.0
626.0	16594.0
627.0	16532.0
628.0	17271.0
629.0	17065.0
630.0	16709.0
631.0	16281.0
632.0	17150.0
633.0	17024.0
634.0	17097.0
635.0	17107.0
636.0	16917.0
637.0	16888.0
638.0	16772.0
639.0	16416.0
640.0	16791.0
641.0	17244.0
642.0	16280.0
643.0	16720.0
644.0	16822.0
645.0	16334.0
646.0	16362.0
647.0	16407.0
648.0	16890.0
649.0	16336.0
650.0	16192.0
651.0	16581.0
652.0	16746.0
653.0	16667.0
654.0	16988.0
655.0	16928.0
656.0	17097.0
657.0	16705.0
658.0	17098.0
659.0	17588.0
660.0	19252.0
661.0	19657.0
662.0	19787.0
663.0	19587.0
664.0	18963.0
665.0	19695.0
666.0	18237.0
667.0	17977.0
668.0	18943.0
669.0	18019.0
670.0	18787.0
671.0	18791.0
672.0	18950.0
673.0	18110.0
674.0	18906.0
675.0	18405.0
676.0	18333.0
677.0	18508.0
678.0	17643.0
679.0	17531.0
680.0	17232.0
681.0	17750.0
682.0	17271.0
683.0	17503.0
684.0	17113.0
685.0	17237.0
686.0	16878.0
687.0	17052.0
688.0	17057.0
689.0	17101.0
690.0	16819.0
691.0	16683.0
692.0	16218.0
693.0	16890.0
694.0	16663.0
695.0	16589.0
696.0	16300.0
697.0	16630.0
698.0	16202.0
699.0	16626.0
700.0	17278.0
701.0	16538.0
702.0	16538.0
703.0	16804.0
704.0	16954.0
705.0	16972.0
706.0	17466.0
707.0	17202.0
708.0	16415.0
709.0	16827.0
710.0	17175.0
711.0	17209.0
712.0	16958.0
713.0	16598.0
714.0	16601.0
715.0	16677.0
716.0	16591.0
717.0	16634.0
718.0	16575.0
719.0	16799.0
720.0	16517.0
721.0	16673.0
722.0	16582.0
723.0	16784.0
724.0	15977.0
725.0	16268.0
726.0	16198.0
727.0	17139.0
728.0	16820.0
729.0	16227.0
730.0	17430.0
731.0	17161.0
732.0	16205.0
733.0	17344.0
734.0	16002.0
735.0	16705.0
736.0	16765.0
737.0	16896.0
738.0	16035.0
739.0	16927.0
740.0	16811.0
741.0	17315.0
742.0	16229.0
743.0	16732.0
744.0	16894.0
745.0	16805.0
746.0	16498.0
747.0	16788.0
748.0	16486.0
749.0	16669.0
750.0	17025.0
751.0	16804.0
752.0	16813.0
753.0	16744.0
754.0	16661.0
755.0	17109.0
756.0	16570.0
757.0	16484.0
758.0	16826.0
759.0	16764.0
760.0	16235.0
761.0	17209.0
762.0	16772.0
763.0	16447.0
764.0	16932.0
765.0	16791.0
766.0	16058.0
767.0	16886.0
768.0	16725.0
769.0	16786.0
770.0	16576.0
771.0	16868.0
772.0	16421.0
773.0	16816.0
774.0	16780.0
775.0	17046.0
776.0	16984.0
777.0	17569.0
778.0	17153.0
779.0	16587.0
780.0	16825.0
781.0	17085.0
782.0	16297.0
783.0	16324.0
784.0	16176.0
785.0	17090.0
786.0	16663.0
787.0	17466.0
788.0	16691.0
789.0	16932.0
790.0	16804.0
791.0	16725.0
792.0	16375.0
793.0	16422.0
794.0	16432.0
795.0	16855.0
796.0	17064.0
797.0	16263.0
798.0	17082.0
799.0	16494.0
800.0	17082.0
