$itime = 500
$wv_start = 190.0
$hv = 1000
$grating = 2 1200 g/mm BLZ= 500  nm
$x_amps = 10
$x_volts = 45
$sample = DB2340
$date = 2023-07-05
$temp = 132.0
$wv_stop = 800.0
$time = 16:24:21.883000
$wv_step = 1.0
190.0	15743.0
191.0	15602.0
192.0	16249.0
193.0	16383.0
194.0	15122.0
195.0	15709.0
196.0	16226.0
197.0	15845.0
198.0	16380.0
199.0	15948.0
200.0	16098.0
201.0	16118.0
202.0	15607.0
203.0	16063.0
204.0	15490.0
205.0	15382.0
206.0	16378.0
207.0	15799.0
208.0	16018.0
209.0	15576.0
210.0	15577.0
211.0	15924.0
212.0	15534.0
213.0	15724.0
214.0	15804.0
215.0	15787.0
216.0	15732.0
217.0	15747.0
218.0	15792.0
219.0	16086.0
220.0	16007.0
221.0	16001.0
222.0	16692.0
223.0	16244.0
224.0	15875.0
225.0	16421.0
226.0	15663.0
227.0	16202.0
228.0	16267.0
229.0	15793.0
230.0	15776.0
231.0	15359.0
232.0	16491.0
233.0	15962.0
234.0	15862.0
235.0	16269.0
236.0	16279.0
237.0	16306.0
238.0	15599.0
239.0	16158.0
240.0	15558.0
241.0	16194.0
242.0	15781.0
243.0	15963.0
244.0	16476.0
245.0	15684.0
246.0	16146.0
247.0	16191.0
248.0	15852.0
249.0	16111.0
250.0	15815.0
251.0	16640.0
252.0	15896.0
253.0	16029.0
254.0	15947.0
255.0	15999.0
256.0	15792.0
257.0	15794.0
258.0	16139.0
259.0	15491.0
260.0	15923.0
261.0	16073.0
262.0	16275.0
263.0	15881.0
264.0	16233.0
265.0	16124.0
266.0	15932.0
267.0	16043.0
268.0	15729.0
269.0	16294.0
270.0	16225.0
271.0	16722.0
272.0	16068.0
273.0	15711.0
274.0	15683.0
275.0	15724.0
276.0	15786.0
277.0	16091.0
278.0	16191.0
279.0	16219.0
280.0	16233.0
281.0	16669.0
282.0	15933.0
283.0	16188.0
284.0	16057.0
285.0	16573.0
286.0	15994.0
287.0	15951.0
288.0	16547.0
289.0	15786.0
290.0	16195.0
291.0	16125.0
292.0	16205.0
293.0	16063.0
294.0	16037.0
295.0	16123.0
296.0	16137.0
297.0	16155.0
298.0	16435.0
299.0	16091.0
300.0	15892.0
301.0	16175.0
302.0	16264.0
303.0	15785.0
304.0	16049.0
305.0	16119.0
306.0	16551.0
307.0	15748.0
308.0	15793.0
309.0	16158.0
310.0	16404.0
311.0	15734.0
312.0	15961.0
313.0	16432.0
314.0	16204.0
315.0	16351.0
316.0	16534.0
317.0	16675.0
318.0	16116.0
319.0	15903.0
320.0	16024.0
321.0	16229.0
322.0	16037.0
323.0	16249.0
324.0	16270.0
325.0	16508.0
326.0	16333.0
327.0	16401.0
328.0	16351.0
329.0	15357.0
330.0	15754.0
331.0	16324.0
332.0	15838.0
333.0	16380.0
334.0	15838.0
335.0	15959.0
336.0	15935.0
337.0	15793.0
338.0	16464.0
339.0	15555.0
340.0	15907.0
341.0	16001.0
342.0	16009.0
343.0	16472.0
344.0	16192.0
345.0	16216.0
346.0	16006.0
347.0	16118.0
348.0	16341.0
349.0	16285.0
350.0	16646.0
351.0	16026.0
352.0	15765.0
353.0	16077.0
354.0	15160.0
355.0	16542.0
356.0	16160.0
357.0	15882.0
358.0	16443.0
359.0	15698.0
360.0	16107.0
361.0	16411.0
362.0	16039.0
363.0	16143.0
364.0	15419.0
365.0	15510.0
366.0	15753.0
367.0	16017.0
368.0	15973.0
369.0	15838.0
370.0	15581.0
371.0	16795.0
372.0	15616.0
373.0	16191.0
374.0	16009.0
375.0	16330.0
376.0	15969.0
377.0	15682.0
378.0	15944.0
379.0	15784.0
380.0	16247.0
381.0	16017.0
382.0	15653.0
383.0	16724.0
384.0	16655.0
385.0	16039.0
386.0	15344.0
387.0	15777.0
388.0	15607.0
389.0	16679.0
390.0	15461.0
391.0	16078.0
392.0	15819.0
393.0	16252.0
394.0	16235.0
395.0	16218.0
396.0	15384.0
397.0	16254.0
398.0	15716.0
399.0	16179.0
400.0	16504.0
401.0	15753.0
402.0	15811.0
403.0	15766.0
404.0	15602.0
405.0	16018.0
406.0	16035.0
407.0	15899.0
408.0	15968.0
409.0	15641.0
410.0	16315.0
411.0	16104.0
412.0	15884.0
413.0	16488.0
414.0	16288.0
415.0	15511.0
416.0	16661.0
417.0	16735.0
418.0	16264.0
419.0	16205.0
420.0	16037.0
421.0	15866.0
422.0	15941.0
423.0	16047.0
424.0	15873.0
425.0	15783.0
426.0	16083.0
427.0	16071.0
428.0	15681.0
429.0	15223.0
430.0	15850.0
431.0	16060.0
432.0	15915.0
433.0	15991.0
434.0	16322.0
435.0	15862.0
436.0	15640.0
437.0	15701.0
438.0	16028.0
439.0	15464.0
440.0	16351.0
441.0	16291.0
442.0	15929.0
443.0	15497.0
444.0	15498.0
445.0	15943.0
446.0	15562.0
447.0	16179.0
448.0	16076.0
449.0	16061.0
450.0	16224.0
451.0	15902.0
452.0	15778.0
453.0	16035.0
454.0	16232.0
455.0	15738.0
456.0	16306.0
457.0	16265.0
458.0	15730.0
459.0	16083.0
460.0	16126.0
461.0	16167.0
462.0	16813.0
463.0	15990.0
464.0	15528.0
465.0	15884.0
466.0	16068.0
467.0	15875.0
468.0	16811.0
469.0	16209.0
470.0	15706.0
471.0	15844.0
472.0	16058.0
473.0	16004.0
474.0	15935.0
475.0	15938.0
476.0	16609.0
477.0	15907.0
478.0	16278.0
479.0	16256.0
480.0	16008.0
481.0	16204.0
482.0	15521.0
483.0	16251.0
484.0	15817.0
485.0	15688.0
486.0	15824.0
487.0	16441.0
488.0	16584.0
489.0	16353.0
490.0	16809.0
491.0	16561.0
492.0	15718.0
493.0	16128.0
494.0	16191.0
495.0	16260.0
496.0	16650.0
497.0	16091.0
498.0	16107.0
499.0	16046.0
500.0	16189.0
501.0	15990.0
502.0	16391.0
503.0	16475.0
504.0	15884.0
505.0	16383.0
506.0	16191.0
507.0	16733.0
508.0	16671.0
509.0	16691.0
510.0	15785.0
511.0	15729.0
512.0	15435.0
513.0	16164.0
514.0	16262.0
515.0	16210.0
516.0	15855.0
517.0	16396.0
518.0	16167.0
519.0	15467.0
520.0	15778.0
521.0	16545.0
522.0	16266.0
523.0	16161.0
524.0	16415.0
525.0	16015.0
526.0	15603.0
527.0	15910.0
528.0	15861.0
529.0	16143.0
530.0	16048.0
531.0	15783.0
532.0	16311.0
533.0	16175.0
534.0	16696.0
535.0	16071.0
536.0	15944.0
537.0	16065.0
538.0	16296.0
539.0	16531.0
540.0	16199.0
541.0	16076.0
542.0	15817.0
543.0	15952.0
544.0	15929.0
545.0	16185.0
546.0	16346.0
547.0	16068.0
548.0	16531.0
549.0	16323.0
550.0	15901.0
551.0	16182.0
552.0	16089.0
553.0	16067.0
554.0	15483.0
555.0	15940.0
556.0	16456.0
557.0	15954.0
558.0	15984.0
559.0	16026.0
560.0	16033.0
561.0	15983.0
562.0	16323.0
563.0	16029.0
564.0	16536.0
565.0	16270.0
566.0	15527.0
567.0	16418.0
568.0	15818.0
569.0	16053.0
570.0	16621.0
571.0	15993.0
572.0	16179.0
573.0	15935.0
574.0	15878.0
575.0	16340.0
576.0	16365.0
577.0	16349.0
578.0	16263.0
579.0	16780.0
580.0	17124.0
581.0	15959.0
582.0	16195.0
583.0	16264.0
584.0	16260.0
585.0	16155.0
586.0	16167.0
587.0	16185.0
588.0	16240.0
589.0	16425.0
590.0	15845.0
591.0	16011.0
592.0	16384.0
593.0	15844.0
594.0	16034.0
595.0	15787.0
596.0	15937.0
597.0	16063.0
598.0	15833.0
599.0	15456.0
600.0	16557.0
601.0	16101.0
602.0	15768.0
603.0	16076.0
604.0	15043.0
605.0	15806.0
606.0	15943.0
607.0	15680.0
608.0	15846.0
609.0	16428.0
610.0	15737.0
611.0	16595.0
612.0	15762.0
613.0	16098.0
614.0	16272.0
615.0	16188.0
616.0	16118.0
617.0	16009.0
618.0	16331.0
619.0	15792.0
620.0	15437.0
621.0	15979.0
622.0	15957.0
623.0	15567.0
624.0	15579.0
625.0	16440.0
626.0	16199.0
627.0	16125.0
628.0	15473.0
629.0	16582.0
630.0	15901.0
631.0	16604.0
632.0	16040.0
633.0	16257.0
634.0	16031.0
635.0	16027.0
636.0	16797.0
637.0	15916.0
638.0	15347.0
639.0	16275.0
640.0	15983.0
641.0	16145.0
642.0	15703.0
643.0	16388.0
644.0	16393.0
645.0	16440.0
646.0	16247.0
647.0	16123.0
648.0	16089.0
649.0	16719.0
650.0	16879.0
651.0	16391.0
652.0	16479.0
653.0	16571.0
654.0	16557.0
655.0	16481.0
656.0	16408.0
657.0	16504.0
658.0	16736.0
659.0	16546.0
660.0	17532.0
661.0	16575.0
662.0	16599.0
663.0	17170.0
664.0	17125.0
665.0	16450.0
666.0	16799.0
667.0	16415.0
668.0	16061.0
669.0	16676.0
670.0	16582.0
671.0	16100.0
672.0	15740.0
673.0	16532.0
674.0	16118.0
675.0	16411.0
676.0	15796.0
677.0	16266.0
678.0	16820.0
679.0	15909.0
680.0	15488.0
681.0	16257.0
682.0	15637.0
683.0	15974.0
684.0	16818.0
685.0	16387.0
686.0	16356.0
687.0	16658.0
688.0	16081.0
689.0	16248.0
690.0	15757.0
691.0	15984.0
692.0	16276.0
693.0	16422.0
694.0	16123.0
695.0	15811.0
696.0	16066.0
697.0	15652.0
698.0	15960.0
699.0	16240.0
700.0	15926.0
701.0	15827.0
702.0	16016.0
703.0	15995.0
704.0	15936.0
705.0	16121.0
706.0	15691.0
707.0	16582.0
708.0	15531.0
709.0	16241.0
710.0	15883.0
711.0	16184.0
712.0	15805.0
713.0	16068.0
714.0	16035.0
715.0	16378.0
716.0	15720.0
717.0	15380.0
718.0	16291.0
719.0	16654.0
720.0	16191.0
721.0	15669.0
722.0	16570.0
723.0	16107.0
724.0	16247.0
725.0	15675.0
726.0	15471.0
727.0	15912.0
728.0	15926.0
729.0	15947.0
730.0	16365.0
731.0	16104.0
732.0	16064.0
733.0	16068.0
734.0	15939.0
735.0	16275.0
736.0	15607.0
737.0	15555.0
738.0	15951.0
739.0	15464.0
740.0	15871.0
741.0	15880.0
742.0	15814.0
743.0	15787.0
744.0	16179.0
745.0	16374.0
746.0	16101.0
747.0	15656.0
748.0	16799.0
749.0	15667.0
750.0	15814.0
751.0	16311.0
752.0	15572.0
753.0	16330.0
754.0	16213.0
755.0	16441.0
756.0	15880.0
757.0	16054.0
758.0	16033.0
759.0	16263.0
760.0	16582.0
761.0	16120.0
762.0	15727.0
763.0	16359.0
764.0	15609.0
765.0	15484.0
766.0	15601.0
767.0	16183.0
768.0	16052.0
769.0	16100.0
770.0	15773.0
771.0	15782.0
772.0	15910.0
773.0	15715.0
774.0	15308.0
775.0	16374.0
776.0	15985.0
777.0	16041.0
778.0	16752.0
779.0	16063.0
780.0	16058.0
781.0	15838.0
782.0	16640.0
783.0	16083.0
784.0	16135.0
785.0	15805.0
786.0	16073.0
787.0	15419.0
788.0	16719.0
789.0	16031.0
790.0	16035.0
791.0	15993.0
792.0	16143.0
793.0	16026.0
794.0	16228.0
795.0	16082.0
796.0	16008.0
797.0	15761.0
798.0	16247.0
799.0	15995.0
800.0	16184.0
