$itime = 500
$wv_start = 190.0
$hv = 1000
$grating = 2 1200 g/mm BLZ= 500  nm
$x_amps = 10
$x_volts = 45
$sample = DB2340
$date = 2023-07-05
$temp = 52.0
$wv_stop = 800.0
$time = 16:24:21.883000
$wv_step = 1.0
190.0	16435.0
191.0	16411.0
192.0	16152.0
193.0	16167.0
194.0	16276.0
195.0	16113.0
196.0	16661.0
197.0	16191.0
198.0	16361.0
199.0	16818.0
200.0	16541.0
201.0	16233.0
202.0	16067.0
203.0	16089.0
204.0	16280.0
205.0	16128.0
206.0	16404.0
207.0	16407.0
208.0	16108.0
209.0	16509.0
210.0	16205.0
211.0	16797.0
212.0	16791.0
213.0	16605.0
214.0	16775.0
215.0	16399.0
216.0	17243.0
217.0	16750.0
218.0	16101.0
219.0	16402.0
220.0	16274.0
221.0	16719.0
222.0	16580.0
223.0	16216.0
224.0	16894.0
225.0	16537.0
226.0	16488.0
227.0	16275.0
228.0	16215.0
229.0	16229.0
230.0	16446.0
231.0	16317.0
232.0	16525.0
233.0	16544.0
234.0	16604.0
235.0	16411.0
236.0	16292.0
237.0	16656.0
238.0	16384.0
239.0	16489.0
240.0	16788.0
241.0	16972.0
242.0	15793.0
243.0	16401.0
244.0	16299.0
245.0	16570.0
246.0	16374.0
247.0	16441.0
248.0	15864.0
249.0	16367.0
250.0	16485.0
251.0	16274.0
252.0	17115.0
253.0	16009.0
254.0	16468.0
255.0	16323.0
256.0	16537.0
257.0	16214.0
258.0	16256.0
259.0	16291.0
260.0	16418.0
261.0	16437.0
262.0	16421.0
263.0	16406.0
264.0	16352.0
265.0	16194.0
266.0	16344.0
267.0	16678.0
268.0	16913.0
269.0	16339.0
270.0	16209.0
271.0	16183.0
272.0	16578.0
273.0	16582.0
274.0	16453.0
275.0	16009.0
276.0	16306.0
277.0	16230.0
278.0	16662.0
279.0	16757.0
280.0	16397.0
281.0	16171.0
282.0	16303.0
283.0	16182.0
284.0	16646.0
285.0	16832.0
286.0	16411.0
287.0	17276.0
288.0	17003.0
289.0	16837.0
290.0	16888.0
291.0	16509.0
292.0	16316.0
293.0	16775.0
294.0	16186.0
295.0	16867.0
296.0	16440.0
297.0	16321.0
298.0	16286.0
299.0	16160.0
300.0	16525.0
301.0	16622.0
302.0	16112.0
303.0	15937.0
304.0	16776.0
305.0	16885.0
306.0	15792.0
307.0	16409.0
308.0	15917.0
309.0	16960.0
310.0	16817.0
311.0	16085.0
312.0	16398.0
313.0	16659.0
314.0	16799.0
315.0	16415.0
316.0	16925.0
317.0	16265.0
318.0	16786.0
319.0	16666.0
320.0	17152.0
321.0	15862.0
322.0	16568.0
323.0	16231.0
324.0	16323.0
325.0	16404.0
326.0	16373.0
327.0	17107.0
328.0	16512.0
329.0	16913.0
330.0	16724.0
331.0	16839.0
332.0	16657.0
333.0	16581.0
334.0	16051.0
335.0	16351.0
336.0	16709.0
337.0	16405.0
338.0	16575.0
339.0	16378.0
340.0	16273.0
341.0	16653.0
342.0	16835.0
343.0	16705.0
344.0	16290.0
345.0	16358.0
346.0	16070.0
347.0	16495.0
348.0	16368.0
349.0	16394.0
350.0	16058.0
351.0	16899.0
352.0	15927.0
353.0	16192.0
354.0	16788.0
355.0	16623.0
356.0	16988.0
357.0	16988.0
358.0	16118.0
359.0	16553.0
360.0	16437.0
361.0	15990.0
362.0	16569.0
363.0	16228.0
364.0	16486.0
365.0	16233.0
366.0	15824.0
367.0	17071.0
368.0	15957.0
369.0	16685.0
370.0	16569.0
371.0	16437.0
372.0	17166.0
373.0	16574.0
374.0	16561.0
375.0	16703.0
376.0	16309.0
377.0	16010.0
378.0	16265.0
379.0	15853.0
380.0	16798.0
381.0	16853.0
382.0	16391.0
383.0	15995.0
384.0	16220.0
385.0	16272.0
386.0	16284.0
387.0	16415.0
388.0	16054.0
389.0	16515.0
390.0	16434.0
391.0	15755.0
392.0	16713.0
393.0	17183.0
394.0	16260.0
395.0	16405.0
396.0	16508.0
397.0	16160.0
398.0	16879.0
399.0	15949.0
400.0	16681.0
401.0	16379.0
402.0	16703.0
403.0	16838.0
404.0	16804.0
405.0	16203.0
406.0	16272.0
407.0	16879.0
408.0	16271.0
409.0	15855.0
410.0	16159.0
411.0	16576.0
412.0	16804.0
413.0	16204.0
414.0	16802.0
415.0	16023.0
416.0	16663.0
417.0	16377.0
418.0	16123.0
419.0	16164.0
420.0	16271.0
421.0	15882.0
422.0	16465.0
423.0	16531.0
424.0	16518.0
425.0	15878.0
426.0	16409.0
427.0	16668.0
428.0	16659.0
429.0	16733.0
430.0	16662.0
431.0	16344.0
432.0	16828.0
433.0	16095.0
434.0	16074.0
435.0	16411.0
436.0	16729.0
437.0	16262.0
438.0	16454.0
439.0	16644.0
440.0	16286.0
441.0	16886.0
442.0	16693.0
443.0	16211.0
444.0	16576.0
445.0	16124.0
446.0	16069.0
447.0	16789.0
448.0	16100.0
449.0	16257.0
450.0	16098.0
451.0	16427.0
452.0	16579.0
453.0	16765.0
454.0	16316.0
455.0	16523.0
456.0	16722.0
457.0	16772.0
458.0	16101.0
459.0	16239.0
460.0	16299.0
461.0	16809.0
462.0	16655.0
463.0	16649.0
464.0	16506.0
465.0	16481.0
466.0	16223.0
467.0	16263.0
468.0	16664.0
469.0	16226.0
470.0	16207.0
471.0	16639.0
472.0	17157.0
473.0	16096.0
474.0	15971.0
475.0	16678.0
476.0	16040.0
477.0	16252.0
478.0	16321.0
479.0	15799.0
480.0	16340.0
481.0	16643.0
482.0	16949.0
483.0	16389.0
484.0	17005.0
485.0	16571.0
486.0	16676.0
487.0	16632.0
488.0	16697.0
489.0	16560.0
490.0	16543.0
491.0	16589.0
492.0	16459.0
493.0	16498.0
494.0	15832.0
495.0	16573.0
496.0	16577.0
497.0	16490.0
498.0	16562.0
499.0	16295.0
500.0	16524.0
501.0	16483.0
502.0	16535.0
503.0	16003.0
504.0	16663.0
505.0	16647.0
506.0	17108.0
507.0	16200.0
508.0	16576.0
509.0	17084.0
510.0	16165.0
511.0	16664.0
512.0	16548.0
513.0	16626.0
514.0	16654.0
515.0	16752.0
516.0	16606.0
517.0	16211.0
518.0	16918.0
519.0	16733.0
520.0	16252.0
521.0	16685.0
522.0	16432.0
523.0	16313.0
524.0	17206.0
525.0	16571.0
526.0	16358.0
527.0	15987.0
528.0	16788.0
529.0	16296.0
530.0	16593.0
531.0	16321.0
532.0	16146.0
533.0	15977.0
534.0	16133.0
535.0	16531.0
536.0	17228.0
537.0	16280.0
538.0	16926.0
539.0	16295.0
540.0	16554.0
541.0	16426.0
542.0	16555.0
543.0	16559.0
544.0	16200.0
545.0	17263.0
546.0	16442.0
547.0	16771.0
548.0	16143.0
549.0	16435.0
550.0	16436.0
551.0	16498.0
552.0	16660.0
553.0	16782.0
554.0	16728.0
555.0	15899.0
556.0	16789.0
557.0	16412.0
558.0	16692.0
559.0	16692.0
560.0	16579.0
561.0	15730.0
562.0	16351.0
563.0	16044.0
564.0	16681.0
565.0	16382.0
566.0	16298.0
567.0	16826.0
568.0	16059.0
569.0	16558.0
570.0	17039.0
571.0	16824.0
572.0	16805.0
573.0	16489.0
574.0	17186.0
575.0	16487.0
576.0	16572.0
577.0	16650.0
578.0	16273.0
579.0	17019.0
580.0	16664.0
581.0	16546.0
582.0	16255.0
583.0	16626.0
584.0	16768.0
585.0	16314.0
586.0	16369.0
587.0	16083.0
588.0	15817.0
589.0	16055.0
590.0	16262.0
591.0	16187.0
592.0	16387.0
593.0	16191.0
594.0	16065.0
595.0	16145.0
596.0	16530.0
597.0	16520.0
598.0	16400.0
599.0	16630.0
600.0	16686.0
601.0	16280.0
602.0	16535.0
603.0	16557.0
604.0	16946.0
605.0	16225.0
606.0	16058.0
607.0	17413.0
608.0	16589.0
609.0	16084.0
610.0	16647.0
611.0	16600.0
612.0	16582.0
613.0	16661.0
614.0	16437.0
615.0	16985.0
616.0	16504.0
617.0	16517.0
618.0	16724.0
619.0	16657.0
620.0	16447.0
621.0	15987.0
622.0	16571.0
623.0	16592.0
624.0	16187.0
625.0	16624.0
626.0	16730.0
627.0	16582.0
628.0	16207.0
629.0	16214.0
630.0	16683.0
631.0	16333.0
632.0	16798.0
633.0	16288.0
634.0	17138.0
635.0	16274.0
636.0	16274.0
637.0	15963.0
638.0	15799.0
639.0	16525.0
640.0	16581.0
641.0	16397.0
642.0	16235.0
643.0	16309.0
644.0	16660.0
645.0	16070.0
646.0	17115.0
647.0	17635.0
648.0	16068.0
649.0	16577.0
650.0	16477.0
651.0	16612.0
652.0	16688.0
653.0	16551.0
654.0	17393.0
655.0	17287.0
656.0	16892.0
657.0	17690.0
658.0	18236.0
659.0	17490.0
660.0	17990.0
661.0	17637.0
662.0	16795.0
663.0	17108.0
664.0	17318.0
665.0	17003.0
666.0	17824.0
667.0	17725.0
668.0	17342.0
669.0	17639.0
670.0	17978.0
671.0	17599.0
672.0	17433.0
673.0	17119.0
674.0	17333.0
675.0	16898.0
676.0	17004.0
677.0	16650.0
678.0	16816.0
679.0	16338.0
680.0	17067.0
681.0	17250.0
682.0	16167.0
683.0	16599.0
684.0	16386.0
685.0	16210.0
686.0	16236.0
687.0	16420.0
688.0	16225.0
689.0	16419.0
690.0	16509.0
691.0	16143.0
692.0	16432.0
693.0	16311.0
694.0	16554.0
695.0	16738.0
696.0	16056.0
697.0	16916.0
698.0	16877.0
699.0	17066.0
700.0	16675.0
701.0	16168.0
702.0	15814.0
703.0	16344.0
704.0	15643.0
705.0	16162.0
706.0	16572.0
707.0	15897.0
708.0	16600.0
709.0	16500.0
710.0	16402.0
711.0	16344.0
712.0	16487.0
713.0	16599.0
714.0	16725.0
715.0	16110.0
716.0	15773.0
717.0	17017.0
718.0	16495.0
719.0	16539.0
720.0	16313.0
721.0	16411.0
722.0	16432.0
723.0	16288.0
724.0	16387.0
725.0	17016.0
726.0	16023.0
727.0	16439.0
728.0	15944.0
729.0	16557.0
730.0	16280.0
731.0	16330.0
732.0	16048.0
733.0	16143.0
734.0	16339.0
735.0	16373.0
736.0	16185.0
737.0	16505.0
738.0	16402.0
739.0	15960.0
740.0	16539.0
741.0	15982.0
742.0	16582.0
743.0	16382.0
744.0	16775.0
745.0	16464.0
746.0	16263.0
747.0	16068.0
748.0	16688.0
749.0	16564.0
750.0	16476.0
751.0	16133.0
752.0	16411.0
753.0	16575.0
754.0	16132.0
755.0	16189.0
756.0	16455.0
757.0	16657.0
758.0	16485.0
759.0	16365.0
760.0	15993.0
761.0	16202.0
762.0	16044.0
763.0	16600.0
764.0	16475.0
765.0	15800.0
766.0	17160.0
767.0	16362.0
768.0	16339.0
769.0	16956.0
770.0	16668.0
771.0	16036.0
772.0	16343.0
773.0	16247.0
774.0	15967.0
775.0	16495.0
776.0	16408.0
777.0	16285.0
778.0	16647.0
779.0	16160.0
780.0	16206.0
781.0	16203.0
782.0	16454.0
783.0	16282.0
784.0	16162.0
785.0	16694.0
786.0	16490.0
787.0	16226.0
788.0	16557.0
789.0	15771.0
790.0	16921.0
791.0	16665.0
792.0	16327.0
793.0	15826.0
794.0	16941.0
795.0	17127.0
796.0	16929.0
797.0	15973.0
798.0	16658.0
799.0	16411.0
800.0	15818.0
