$itime = 500
$wv_start = 190.0
$hv = 1000
$grating = 2 1200 g/mm BLZ= 500  nm
$x_amps = 10
$x_volts = 45
$sample = DB2340
$date = 2023-07-05
$temp = 192.0
$wv_stop = 800.0
$time = 16:24:21.883000
$wv_step = 1.0
190.0	15865.0
191.0	15887.0
192.0	15478.0
193.0	15726.0
194.0	16148.0
195.0	15505.0
196.0	15831.0
197.0	15412.0
198.0	15334.0
199.0	15404.0
200.0	15555.0
201.0	15550.0
202.0	14959.0
203.0	15802.0
204.0	15154.0
205.0	15358.0
206.0	15404.0
207.0	15324.0
208.0	15999.0
209.0	15673.0
210.0	15795.0
211.0	15384.0
212.0	15632.0
213.0	15434.0
214.0	15557.0
215.0	15770.0
216.0	15563.0
217.0	15502.0
218.0	15733.0
219.0	15202.0
220.0	15328.0
221.0	15404.0
222.0	15535.0
223.0	15734.0
224.0	15898.0
225.0	15163.0
226.0	15271.0
227.0	15991.0
228.0	15198.0
229.0	15531.0
230.0	15519.0
231.0	15776.0
232.0	15518.0
233.0	15698.0
234.0	15550.0
235.0	15677.0
236.0	15524.0
237.0	15572.0
238.0	15243.0
239.0	15795.0
240.0	15532.0
241.0	14955.0
242.0	15793.0
243.0	15460.0
244.0	15658.0
245.0	15745.0
246.0	15313.0
247.0	15637.0
248.0	15195.0
249.0	15705.0
250.0	15373.0
251.0	15457.0
252.0	15376.0
253.0	15745.0
254.0	15455.0
255.0	15717.0
256.0	16228.0
257.0	15530.0
258.0	15244.0
259.0	15675.0
260.0	15133.0
261.0	15720.0
262.0	15423.0
263.0	15206.0
264.0	15265.0
265.0	15641.0
266.0	16095.0
267.0	15076.0
268.0	15994.0
269.0	15632.0
270.0	15719.0
271.0	16006.0
272.0	16128.0
273.0	15422.0
274.0	15464.0
275.0	16029.0
276.0	15688.0
277.0	15765.0
278.0	15394.0
279.0	15636.0
280.0	16202.0
281.0	15516.0
282.0	16065.0
283.0	15488.0
284.0	15545.0
285.0	15647.0
286.0	15647.0
287.0	15651.0
288.0	15600.0
289.0	16095.0
290.0	15844.0
291.0	15777.0
292.0	15753.0
293.0	15278.0
294.0	15810.0
295.0	15438.0
296.0	15529.0
297.0	15404.0
298.0	15606.0
299.0	15452.0
300.0	15696.0
301.0	16043.0
302.0	15783.0
303.0	15794.0
304.0	15996.0
305.0	15777.0
306.0	15834.0
307.0	14990.0
308.0	15615.0
309.0	15599.0
310.0	15319.0
311.0	15813.0
312.0	15713.0
313.0	15429.0
314.0	15835.0
315.0	15525.0
316.0	15757.0
317.0	16292.0
318.0	15954.0
319.0	15917.0
320.0	15560.0
321.0	15505.0
322.0	16238.0
323.0	16251.0
324.0	15639.0
325.0	15671.0
326.0	15248.0
327.0	15757.0
328.0	15781.0
329.0	15662.0
330.0	16147.0
331.0	15629.0
332.0	15967.0
333.0	15825.0
334.0	15426.0
335.0	15523.0
336.0	15481.0
337.0	15624.0
338.0	15434.0
339.0	15527.0
340.0	16088.0
341.0	16101.0
342.0	15756.0
343.0	15273.0
344.0	15794.0
345.0	16091.0
346.0	15431.0
347.0	15394.0
348.0	16359.0
349.0	15785.0
350.0	16248.0
351.0	15356.0
352.0	15197.0
353.0	15294.0
354.0	15835.0
355.0	15110.0
356.0	15353.0
357.0	15777.0
358.0	15776.0
359.0	15623.0
360.0	15813.0
361.0	15452.0
362.0	15416.0
363.0	15242.0
364.0	15814.0
365.0	15703.0
366.0	16065.0
367.0	15775.0
368.0	15838.0
369.0	15736.0
370.0	15750.0
371.0	15831.0
372.0	16079.0
373.0	15559.0
374.0	15253.0
375.0	15171.0
376.0	16113.0
377.0	15806.0
378.0	15151.0
379.0	15765.0
380.0	15819.0
381.0	15621.0
382.0	15892.0
383.0	15542.0
384.0	15132.0
385.0	15666.0
386.0	15943.0
387.0	15412.0
388.0	15325.0
389.0	15239.0
390.0	15621.0
391.0	15362.0
392.0	15959.0
393.0	15627.0
394.0	15927.0
395.0	15305.0
396.0	15334.0
397.0	15722.0
398.0	15473.0
399.0	15053.0
400.0	15598.0
401.0	15704.0
402.0	15372.0
403.0	15021.0
404.0	15820.0
405.0	15581.0
406.0	15323.0
407.0	15946.0
408.0	15510.0
409.0	16030.0
410.0	15615.0
411.0	15443.0
412.0	16158.0
413.0	15889.0
414.0	15555.0
415.0	15649.0
416.0	16253.0
417.0	14377.0
418.0	14865.0
419.0	15680.0
420.0	15778.0
421.0	15502.0
422.0	15876.0
423.0	15778.0
424.0	15602.0
425.0	15592.0
426.0	16071.0
427.0	14980.0
428.0	16040.0
429.0	15484.0
430.0	15777.0
431.0	15881.0
432.0	14645.0
433.0	15955.0
434.0	16288.0
435.0	15400.0
436.0	15869.0
437.0	15208.0
438.0	15527.0
439.0	15609.0
440.0	15680.0
441.0	15657.0
442.0	15538.0
443.0	15626.0
444.0	15792.0
445.0	15142.0
446.0	15404.0
447.0	15382.0
448.0	15555.0
449.0	15768.0
450.0	15689.0
451.0	15281.0
452.0	15972.0
453.0	15440.0
454.0	16109.0
455.0	14987.0
456.0	15543.0
457.0	16044.0
458.0	15411.0
459.0	15875.0
460.0	15512.0
461.0	16426.0
462.0	15640.0
463.0	15670.0
464.0	15295.0
465.0	16150.0
466.0	15699.0
467.0	16140.0
468.0	15364.0
469.0	15306.0
470.0	15897.0
471.0	15406.0
472.0	15407.0
473.0	15386.0
474.0	16144.0
475.0	15394.0
476.0	15525.0
477.0	15273.0
478.0	15779.0
479.0	16026.0
480.0	16207.0
481.0	15693.0
482.0	15584.0
483.0	15927.0
484.0	15286.0
485.0	15878.0
486.0	15516.0
487.0	15284.0
488.0	15675.0
489.0	15833.0
490.0	16159.0
491.0	15635.0
492.0	15763.0
493.0	16177.0
494.0	15890.0
495.0	16197.0
496.0	15614.0
497.0	15264.0
498.0	15518.0
499.0	15980.0
500.0	15757.0
501.0	15607.0
502.0	15183.0
503.0	15410.0
504.0	15835.0
505.0	16041.0
506.0	15838.0
507.0	15286.0
508.0	15975.0
509.0	15993.0
510.0	15782.0
511.0	15686.0
512.0	15746.0
513.0	15687.0
514.0	15485.0
515.0	16116.0
516.0	16368.0
517.0	15848.0
518.0	16065.0
519.0	15765.0
520.0	15055.0
521.0	15632.0
522.0	15871.0
523.0	15401.0
524.0	15277.0
525.0	15450.0
526.0	16167.0
527.0	15382.0
528.0	15814.0
529.0	15349.0
530.0	15562.0
531.0	15408.0
532.0	15800.0
533.0	15834.0
534.0	15699.0
535.0	16038.0
536.0	15745.0
537.0	15871.0
538.0	15827.0
539.0	15965.0
540.0	16339.0
541.0	16353.0
542.0	15679.0
543.0	15050.0
544.0	15400.0
545.0	15499.0
546.0	15843.0
547.0	16223.0
548.0	15633.0
549.0	16192.0
550.0	15390.0
551.0	15500.0
552.0	15072.0
553.0	16068.0
554.0	15684.0
555.0	15552.0
556.0	15054.0
557.0	15682.0
558.0	15843.0
559.0	16189.0
560.0	15362.0
561.0	16061.0
562.0	15729.0
563.0	15873.0
564.0	15953.0
565.0	15902.0
566.0	15679.0
567.0	15610.0
568.0	15449.0
569.0	15632.0
570.0	15737.0
571.0	16060.0
572.0	16209.0
573.0	15828.0
574.0	15471.0
575.0	15935.0
576.0	15560.0
577.0	15941.0
578.0	15460.0
579.0	15847.0
580.0	16576.0
581.0	15853.0
582.0	15373.0
583.0	15775.0
584.0	15800.0
585.0	15873.0
586.0	15325.0
587.0	15084.0
588.0	15041.0
589.0	15449.0
590.0	15811.0
591.0	15595.0
592.0	16091.0
593.0	15358.0
594.0	16276.0
595.0	16188.0
596.0	15752.0
597.0	14988.0
598.0	15277.0
599.0	15926.0
600.0	15661.0
601.0	15785.0
602.0	15510.0
603.0	15786.0
604.0	15929.0
605.0	15329.0
606.0	15805.0
607.0	15772.0
608.0	15586.0
609.0	15951.0
610.0	15707.0
611.0	15636.0
612.0	15427.0
613.0	16211.0
614.0	15420.0
615.0	15686.0
616.0	15596.0
617.0	15792.0
618.0	15549.0
619.0	15242.0
620.0	15714.0
621.0	15402.0
622.0	15498.0
623.0	15600.0
624.0	15748.0
625.0	15986.0
626.0	15563.0
627.0	15657.0
628.0	15562.0
629.0	15591.0
630.0	15863.0
631.0	15733.0
632.0	15846.0
633.0	15697.0
634.0	15930.0
635.0	15820.0
636.0	14579.0
637.0	15615.0
638.0	15473.0
639.0	15710.0
640.0	15906.0
641.0	15801.0
642.0	16101.0
643.0	15647.0
644.0	16008.0
645.0	15586.0
646.0	15765.0
647.0	16179.0
648.0	15514.0
649.0	15766.0
650.0	15877.0
651.0	16060.0
652.0	15682.0
653.0	15992.0
654.0	15093.0
655.0	15836.0
656.0	15916.0
657.0	16062.0
658.0	15910.0
659.0	16100.0
660.0	16281.0
661.0	15700.0
662.0	15650.0
663.0	15515.0
664.0	16145.0
665.0	16317.0
666.0	15390.0
667.0	15916.0
668.0	15954.0
669.0	15969.0
670.0	15928.0
671.0	15729.0
672.0	15198.0
673.0	15896.0
674.0	15820.0
675.0	16103.0
676.0	15927.0
677.0	15771.0
678.0	15863.0
679.0	15378.0
680.0	16273.0
681.0	15431.0
682.0	15684.0
683.0	15609.0
684.0	16365.0
685.0	15267.0
686.0	15426.0
687.0	15524.0
688.0	15720.0
689.0	15654.0
690.0	16266.0
691.0	15653.0
692.0	15554.0
693.0	15953.0
694.0	15632.0
695.0	15582.0
696.0	15926.0
697.0	15555.0
698.0	15315.0
699.0	15251.0
700.0	14702.0
701.0	16621.0
702.0	15966.0
703.0	15587.0
704.0	15456.0
705.0	15404.0
706.0	15483.0
707.0	15408.0
708.0	15729.0
709.0	15402.0
710.0	15647.0
711.0	16040.0
712.0	15709.0
713.0	15453.0
714.0	15960.0
715.0	16078.0
716.0	15302.0
717.0	15729.0
718.0	15760.0
719.0	15516.0
720.0	15560.0
721.0	16092.0
722.0	15510.0
723.0	15392.0
724.0	15826.0
725.0	15267.0
726.0	15907.0
727.0	15645.0
728.0	15194.0
729.0	15518.0
730.0	15429.0
731.0	15546.0
732.0	15202.0
733.0	15779.0
734.0	15939.0
735.0	15986.0
736.0	15143.0
737.0	16080.0
738.0	16280.0
739.0	15261.0
740.0	15517.0
741.0	15651.0
742.0	15651.0
743.0	15755.0
744.0	15225.0
745.0	15141.0
746.0	15449.0
747.0	15868.0
748.0	14908.0
749.0	15619.0
750.0	15544.0
751.0	15781.0
752.0	15791.0
753.0	15045.0
754.0	15400.0
755.0	15547.0
756.0	15581.0
757.0	15847.0
758.0	16025.0
759.0	15632.0
760.0	15918.0
761.0	15067.0
762.0	15445.0
763.0	15442.0
764.0	15317.0
765.0	15560.0
766.0	15835.0
767.0	15439.0
768.0	16108.0
769.0	14998.0
770.0	16013.0
771.0	15422.0
772.0	15775.0
773.0	15866.0
774.0	15510.0
775.0	15514.0
776.0	16085.0
777.0	15471.0
778.0	15843.0
779.0	15409.0
780.0	15940.0
781.0	15737.0
782.0	15115.0
783.0	15769.0
784.0	16038.0
785.0	15766.0
786.0	15028.0
787.0	16026.0
788.0	15413.0
789.0	15983.0
790.0	15552.0
791.0	15645.0
792.0	15394.0
793.0	16185.0
794.0	15256.0
795.0	16086.0
796.0	14993.0
797.0	15938.0
798.0	16294.0
799.0	15770.0
800.0	15510.0
