$itime = 500
$wv_start = 190.0
$hv = 1000
$grating = 2 1200 g/mm BLZ= 500  nm
$x_amps = 10
$x_volts = 45
$sample = DB2340
$date = 2023-07-05
$temp = 102.0
$wv_stop = 800.0
$time = 16:24:21.883000
$wv_step = 1.0
190.0	16283.0
191.0	16624.0
192.0	16298.0
193.0	16735.0
194.0	16666.0
195.0	15826.0
196.0	16058.0
197.0	16012.0
198.0	16248.0
199.0	15392.0
200.0	16429.0
201.0	16078.0
202.0	16829.0
203.0	16009.0
204.0	16150.0
205.0	16329.0
206.0	16393.0
207.0	16537.0
208.0	16238.0
209.0	16709.0
210.0	16001.0
211.0	15645.0
212.0	16539.0
213.0	16115.0
214.0	15960.0
215.0	15938.0
216.0	15668.0
217.0	16183.0
218.0	16362.0
219.0	16558.0
220.0	16154.0
221.0	15775.0
222.0	15866.0
223.0	15948.0
224.0	16116.0
225.0	15554.0
226.0	15931.0
227.0	16068.0
228.0	16306.0
229.0	16191.0
230.0	16250.0
231.0	16261.0
232.0	16317.0
233.0	16105.0
234.0	16369.0
235.0	15502.0
236.0	16276.0
237.0	16032.0
238.0	16703.0
239.0	16391.0
240.0	16191.0
241.0	15762.0
242.0	16621.0
243.0	16709.0
244.0	16224.0
245.0	16117.0
246.0	15803.0
247.0	16559.0
248.0	16685.0
249.0	16419.0
250.0	16285.0
251.0	16535.0
252.0	16190.0
253.0	16264.0
254.0	16573.0
255.0	16630.0
256.0	16133.0
257.0	16260.0
258.0	16139.0
259.0	16284.0
260.0	16343.0
261.0	16530.0
262.0	16079.0
263.0	16220.0
264.0	16018.0
265.0	15857.0
266.0	16144.0
267.0	16058.0
268.0	16415.0
269.0	16125.0
270.0	16401.0
271.0	16884.0
272.0	16775.0
273.0	15937.0
274.0	15727.0
275.0	16133.0
276.0	16441.0
277.0	15933.0
278.0	16281.0
279.0	16650.0
280.0	16677.0
281.0	16000.0
282.0	16849.0
283.0	15848.0
284.0	16082.0
285.0	16145.0
286.0	16060.0
287.0	15719.0
288.0	16214.0
289.0	16670.0
290.0	16302.0
291.0	16556.0
292.0	16228.0
293.0	16268.0
294.0	15817.0
295.0	16540.0
296.0	16143.0
297.0	15988.0
298.0	16570.0
299.0	16281.0
300.0	16437.0
301.0	16209.0
302.0	16339.0
303.0	16260.0
304.0	16365.0
305.0	16437.0
306.0	16058.0
307.0	16570.0
308.0	16191.0
309.0	16104.0
310.0	16101.0
311.0	16075.0
312.0	16367.0
313.0	15816.0
314.0	16552.0
315.0	15523.0
316.0	16378.0
317.0	16505.0
318.0	16140.0
319.0	16545.0
320.0	16486.0
321.0	15875.0
322.0	16027.0
323.0	16734.0
324.0	16684.0
325.0	16149.0
326.0	16476.0
327.0	16571.0
328.0	16394.0
329.0	16365.0
330.0	15945.0
331.0	16619.0
332.0	16133.0
333.0	16799.0
334.0	16430.0
335.0	16238.0
336.0	16546.0
337.0	15975.0
338.0	16416.0
339.0	15906.0
340.0	16963.0
341.0	16242.0
342.0	16352.0
343.0	15675.0
344.0	16649.0
345.0	16300.0
346.0	16176.0
347.0	16100.0
348.0	16723.0
349.0	16873.0
350.0	15918.0
351.0	16437.0
352.0	15785.0
353.0	15767.0
354.0	15912.0
355.0	16527.0
356.0	15532.0
357.0	15845.0
358.0	16012.0
359.0	16317.0
360.0	16906.0
361.0	15986.0
362.0	16184.0
363.0	16331.0
364.0	16060.0
365.0	16053.0
366.0	16241.0
367.0	16083.0
368.0	16238.0
369.0	16773.0
370.0	16109.0
371.0	16771.0
372.0	16188.0
373.0	15879.0
374.0	15917.0
375.0	16223.0
376.0	16612.0
377.0	16325.0
378.0	16443.0
379.0	16701.0
380.0	16118.0
381.0	15929.0
382.0	16131.0
383.0	16356.0
384.0	15943.0
385.0	16515.0
386.0	16261.0
387.0	15967.0
388.0	16600.0
389.0	16179.0
390.0	15904.0
391.0	16569.0
392.0	15951.0
393.0	16437.0
394.0	16046.0
395.0	16236.0
396.0	16237.0
397.0	16656.0
398.0	16171.0
399.0	16040.0
400.0	16191.0
401.0	16707.0
402.0	15902.0
403.0	16266.0
404.0	16719.0
405.0	16242.0
406.0	16908.0
407.0	16261.0
408.0	16086.0
409.0	15896.0
410.0	16142.0
411.0	16082.0
412.0	16093.0
413.0	16162.0
414.0	15748.0
415.0	16030.0
416.0	16065.0
417.0	15750.0
418.0	16620.0
419.0	16000.0
420.0	16486.0
421.0	16138.0
422.0	16223.0
423.0	16266.0
424.0	16123.0
425.0	16442.0
426.0	16115.0
427.0	15620.0
428.0	16429.0
429.0	15875.0
430.0	16553.0
431.0	15426.0
432.0	16247.0
433.0	16676.0
434.0	16136.0
435.0	15977.0
436.0	16286.0
437.0	15782.0
438.0	16171.0
439.0	16552.0
440.0	16332.0
441.0	15213.0
442.0	16335.0
443.0	16287.0
444.0	17029.0
445.0	15378.0
446.0	15914.0
447.0	16263.0
448.0	15699.0
449.0	16332.0
450.0	15794.0
451.0	15680.0
452.0	16083.0
453.0	16509.0
454.0	16489.0
455.0	16558.0
456.0	16036.0
457.0	15772.0
458.0	16512.0
459.0	15626.0
460.0	16564.0
461.0	16437.0
462.0	16329.0
463.0	16575.0
464.0	16067.0
465.0	16230.0
466.0	15587.0
467.0	15906.0
468.0	16110.0
469.0	16916.0
470.0	16344.0
471.0	16069.0
472.0	15760.0
473.0	16712.0
474.0	16406.0
475.0	16297.0
476.0	16058.0
477.0	16415.0
478.0	15852.0
479.0	16424.0
480.0	16195.0
481.0	16369.0
482.0	16046.0
483.0	16316.0
484.0	16503.0
485.0	15586.0
486.0	16410.0
487.0	16036.0
488.0	16571.0
489.0	16192.0
490.0	16630.0
491.0	16717.0
492.0	16370.0
493.0	16126.0
494.0	16368.0
495.0	16263.0
496.0	15932.0
497.0	15726.0
498.0	15960.0
499.0	16047.0
500.0	15899.0
501.0	16532.0
502.0	16351.0
503.0	16118.0
504.0	16262.0
505.0	16187.0
506.0	16050.0
507.0	16089.0
508.0	16644.0
509.0	16135.0
510.0	16294.0
511.0	15899.0
512.0	16411.0
513.0	16231.0
514.0	16496.0
515.0	16406.0
516.0	15893.0
517.0	16280.0
518.0	16302.0
519.0	16411.0
520.0	16316.0
521.0	16274.0
522.0	15769.0
523.0	16345.0
524.0	16580.0
525.0	16599.0
526.0	16319.0
527.0	15949.0
528.0	16188.0
529.0	16788.0
530.0	16672.0
531.0	16505.0
532.0	16432.0
533.0	16438.0
534.0	15735.0
535.0	16406.0
536.0	16345.0
537.0	16421.0
538.0	16432.0
539.0	16073.0
540.0	16435.0
541.0	16061.0
542.0	15858.0
543.0	16442.0
544.0	16199.0
545.0	15941.0
546.0	16226.0
547.0	16360.0
548.0	16443.0
549.0	16198.0
550.0	16225.0
551.0	16216.0
552.0	16451.0
553.0	17074.0
554.0	16647.0
555.0	15902.0
556.0	16197.0
557.0	16465.0
558.0	16210.0
559.0	16622.0
560.0	16369.0
561.0	15842.0
562.0	16555.0
563.0	16330.0
564.0	15977.0
565.0	15833.0
566.0	16574.0
567.0	16296.0
568.0	16284.0
569.0	16194.0
570.0	16526.0
571.0	16108.0
572.0	16026.0
573.0	16671.0
574.0	16210.0
575.0	16264.0
576.0	16232.0
577.0	16668.0
578.0	16546.0
579.0	16281.0
580.0	16101.0
581.0	16146.0
582.0	16326.0
583.0	15797.0
584.0	16266.0
585.0	16311.0
586.0	16311.0
587.0	16913.0
588.0	16534.0
589.0	15927.0
590.0	15978.0
591.0	16251.0
592.0	16089.0
593.0	16600.0
594.0	16172.0
595.0	16546.0
596.0	15955.0
597.0	15702.0
598.0	15660.0
599.0	16344.0
600.0	15720.0
601.0	16528.0
602.0	15917.0
603.0	15987.0
604.0	15607.0
605.0	15592.0
606.0	16523.0
607.0	16179.0
608.0	16254.0
609.0	16429.0
610.0	15509.0
611.0	16057.0
612.0	15729.0
613.0	15932.0
614.0	16146.0
615.0	16579.0
616.0	15895.0
617.0	16130.0
618.0	16522.0
619.0	15584.0
620.0	16342.0
621.0	16154.0
622.0	16452.0
623.0	15693.0
624.0	16026.0
625.0	16102.0
626.0	16518.0
627.0	16016.0
628.0	16540.0
629.0	16267.0
630.0	16838.0
631.0	16535.0
632.0	15786.0
633.0	16419.0
634.0	16525.0
635.0	15854.0
636.0	16390.0
637.0	15779.0
638.0	15590.0
639.0	15889.0
640.0	16092.0
641.0	16247.0
642.0	16111.0
643.0	16270.0
644.0	16253.0
645.0	16323.0
646.0	15874.0
647.0	16378.0
648.0	16960.0
649.0	16612.0
650.0	16963.0
651.0	16709.0
652.0	16763.0
653.0	16632.0
654.0	16800.0
655.0	17164.0
656.0	17335.0
657.0	17063.0
658.0	17112.0
659.0	17208.0
660.0	16562.0
661.0	16762.0
662.0	17186.0
663.0	16897.0
664.0	17297.0
665.0	16694.0
666.0	16926.0
667.0	16465.0
668.0	16668.0
669.0	16238.0
670.0	16649.0
671.0	16694.0
672.0	16375.0
673.0	16673.0
674.0	16767.0
675.0	16348.0
676.0	16759.0
677.0	16874.0
678.0	16536.0
679.0	15831.0
680.0	16185.0
681.0	16163.0
682.0	16076.0
683.0	16401.0
684.0	15781.0
685.0	15880.0
686.0	16097.0
687.0	16587.0
688.0	16509.0
689.0	16881.0
690.0	16388.0
691.0	16434.0
692.0	15933.0
693.0	15783.0
694.0	15851.0
695.0	15747.0
696.0	16095.0
697.0	15803.0
698.0	16569.0
699.0	16209.0
700.0	16426.0
701.0	16505.0
702.0	15881.0
703.0	16643.0
704.0	16378.0
705.0	16479.0
706.0	16210.0
707.0	16378.0
708.0	16423.0
709.0	16200.0
710.0	15903.0
711.0	16058.0
712.0	16210.0
713.0	16432.0
714.0	15702.0
715.0	16146.0
716.0	16493.0
717.0	16542.0
718.0	15823.0
719.0	16155.0
720.0	16294.0
721.0	16562.0
722.0	17049.0
723.0	15804.0
724.0	16453.0
725.0	16153.0
726.0	15660.0
727.0	16041.0
728.0	16130.0
729.0	16056.0
730.0	16624.0
731.0	16567.0
732.0	16006.0
733.0	16061.0
734.0	16415.0
735.0	16004.0
736.0	16601.0
737.0	16177.0
738.0	16335.0
739.0	16270.0
740.0	15967.0
741.0	16435.0
742.0	16132.0
743.0	15984.0
744.0	15917.0
745.0	15720.0
746.0	16808.0
747.0	16233.0
748.0	15456.0
749.0	16026.0
750.0	16411.0
751.0	16247.0
752.0	16154.0
753.0	15877.0
754.0	16111.0
755.0	16773.0
756.0	16140.0
757.0	16168.0
758.0	17020.0
759.0	16922.0
760.0	16178.0
761.0	16295.0
762.0	16204.0
763.0	16321.0
764.0	16809.0
765.0	16079.0
766.0	16459.0
767.0	16146.0
768.0	15945.0
769.0	15769.0
770.0	15950.0
771.0	15898.0
772.0	15922.0
773.0	16260.0
774.0	15787.0
775.0	15937.0
776.0	16002.0
777.0	16074.0
778.0	16307.0
779.0	16153.0
780.0	15921.0
781.0	16724.0
782.0	16251.0
783.0	16367.0
784.0	16082.0
785.0	16316.0
786.0	16330.0
787.0	16415.0
788.0	15948.0
789.0	16321.0
790.0	16240.0
791.0	16455.0
792.0	16133.0
793.0	16317.0
794.0	16710.0
795.0	16882.0
796.0	16789.0
797.0	16083.0
798.0	16400.0
799.0	15541.0
800.0	16230.0
