$itime = 500
$wv_start = 190.0
$hv = 1000
$grating = 2 1200 g/mm BLZ= 500  nm
$x_amps = 10
$x_volts = 45
$sample = DB2340_020
$date = 2023-07-05
$temp = 25.15
$wv_stop = 800.0
$time = 20:16:16.285000
$wv_step = 1.0
190.0	16102.0
191.0	16759.0
192.0	16430.0
193.0	16425.0
194.0	16887.0
195.0	16225.0
196.0	16765.0
197.0	16832.0
198.0	16738.0
199.0	16563.0
200.0	16574.0
201.0	17271.0
202.0	16602.0
203.0	16469.0
204.0	16624.0
205.0	16686.0
206.0	16968.0
207.0	17033.0
208.0	16395.0
209.0	16650.0
210.0	16007.0
211.0	16673.0
212.0	16801.0
213.0	17090.0
214.0	16682.0
215.0	16576.0
216.0	16852.0
217.0	16736.0
218.0	16992.0
219.0	16067.0
220.0	17583.0
221.0	16893.0
222.0	16939.0
223.0	17269.0
224.0	16373.0
225.0	16215.0
226.0	16894.0
227.0	16644.0
228.0	16350.0
229.0	17041.0
230.0	16867.0
231.0	16619.0
232.0	16807.0
233.0	16533.0
234.0	16790.0
235.0	16360.0
236.0	16725.0
237.0	16899.0
238.0	16426.0
239.0	16211.0
240.0	16563.0
241.0	16755.0
242.0	16686.0
243.0	16832.0
244.0	16658.0
245.0	17366.0
246.0	17106.0
247.0	16458.0
248.0	16685.0
249.0	16788.0
250.0	16095.0
251.0	16280.0
252.0	17357.0
253.0	16162.0
254.0	17121.0
255.0	16416.0
256.0	17018.0
257.0	16624.0
258.0	16758.0
259.0	16977.0
260.0	16249.0
261.0	17221.0
262.0	16744.0
263.0	16569.0
264.0	16439.0
265.0	16430.0
266.0	16586.0
267.0	17259.0
268.0	16915.0
269.0	17098.0
270.0	17175.0
271.0	16997.0
272.0	16469.0
273.0	16085.0
274.0	17100.0
275.0	16056.0
276.0	16269.0
277.0	16975.0
278.0	16814.0
279.0	16293.0
280.0	16887.0
281.0	17050.0
282.0	16954.0
283.0	16377.0
284.0	16678.0
285.0	16734.0
286.0	17324.0
287.0	16875.0
288.0	16752.0
289.0	16566.0
290.0	17054.0
291.0	16517.0
292.0	16575.0
293.0	16087.0
294.0	16658.0
295.0	17250.0
296.0	17028.0
297.0	16866.0
298.0	16630.0
299.0	16413.0
300.0	16429.0
301.0	16430.0
302.0	16291.0
303.0	17256.0
304.0	16485.0
305.0	16284.0
306.0	16441.0
307.0	16278.0
308.0	16735.0
309.0	16820.0
310.0	16269.0
311.0	17380.0
312.0	17057.0
313.0	16963.0
314.0	17383.0
315.0	16654.0
316.0	15949.0
317.0	17065.0
318.0	16986.0
319.0	16606.0
320.0	16624.0
321.0	16677.0
322.0	16375.0
323.0	15984.0
324.0	16245.0
325.0	16429.0
326.0	16311.0
327.0	17241.0
328.0	16781.0
329.0	16875.0
330.0	17019.0
331.0	16552.0
332.0	16338.0
333.0	16836.0
334.0	16742.0
335.0	16162.0
336.0	17026.0
337.0	16496.0
338.0	16642.0
339.0	16237.0
340.0	16633.0
341.0	17038.0
342.0	17131.0
343.0	16641.0
344.0	16637.0
345.0	16919.0
346.0	16684.0
347.0	16786.0
348.0	16426.0
349.0	17193.0
350.0	16831.0
351.0	16794.0
352.0	16339.0
353.0	16413.0
354.0	16867.0
355.0	16985.0
356.0	16577.0
357.0	16564.0
358.0	16200.0
359.0	16530.0
360.0	16895.0
361.0	16203.0
362.0	16586.0
363.0	16752.0
364.0	16357.0
365.0	17010.0
366.0	17215.0
367.0	16337.0
368.0	16553.0
369.0	16575.0
370.0	17058.0
371.0	16647.0
372.0	17085.0
373.0	16649.0
374.0	16703.0
375.0	16601.0
376.0	17196.0
377.0	16609.0
378.0	16626.0
379.0	16342.0
380.0	16194.0
381.0	16393.0
382.0	16666.0
383.0	16846.0
384.0	16579.0
385.0	15909.0
386.0	16768.0
387.0	17567.0
388.0	16265.0
389.0	16325.0
390.0	16742.0
391.0	16247.0
392.0	16514.0
393.0	16109.0
394.0	16755.0
395.0	16745.0
396.0	16862.0
397.0	16596.0
398.0	16935.0
399.0	16665.0
400.0	16487.0
401.0	16261.0
402.0	16142.0
403.0	16468.0
404.0	16686.0
405.0	16315.0
406.0	16506.0
407.0	16266.0
408.0	17256.0
409.0	17085.0
410.0	16571.0
411.0	16418.0
412.0	17349.0
413.0	16216.0
414.0	16726.0
415.0	16807.0
416.0	16764.0
417.0	16761.0
418.0	16836.0
419.0	16820.0
420.0	16949.0
421.0	16059.0
422.0	16551.0
423.0	16429.0
424.0	16605.0
425.0	16878.0
426.0	16795.0
427.0	17024.0
428.0	16876.0
429.0	16570.0
430.0	16621.0
431.0	16375.0
432.0	16482.0
433.0	16684.0
434.0	16382.0
435.0	16305.0
436.0	16431.0
437.0	16890.0
438.0	16418.0
439.0	17143.0
440.0	16276.0
441.0	16568.0
442.0	16931.0
443.0	16442.0
444.0	16384.0
445.0	16651.0
446.0	17055.0
447.0	17364.0
448.0	16705.0
449.0	16873.0
450.0	16357.0
451.0	16749.0
452.0	16893.0
453.0	16922.0
454.0	15968.0
455.0	17031.0
456.0	16869.0
457.0	16769.0
458.0	15912.0
459.0	16694.0
460.0	16985.0
461.0	17045.0
462.0	16807.0
463.0	17333.0
464.0	16821.0
465.0	17087.0
466.0	16052.0
467.0	16607.0
468.0	16587.0
469.0	16932.0
470.0	16814.0
471.0	16327.0
472.0	16799.0
473.0	16798.0
474.0	16902.0
475.0	16426.0
476.0	16631.0
477.0	16561.0
478.0	16647.0
479.0	16675.0
480.0	16052.0
481.0	17044.0
482.0	16546.0
483.0	16709.0
484.0	16558.0
485.0	16376.0
486.0	16425.0
487.0	16620.0
488.0	16873.0
489.0	16769.0
490.0	16368.0
491.0	17057.0
492.0	16719.0
493.0	16673.0
494.0	16613.0
495.0	16397.0
496.0	16561.0
497.0	16713.0
498.0	16663.0
499.0	16575.0
500.0	16245.0
501.0	16663.0
502.0	16557.0
503.0	16674.0
504.0	16821.0
505.0	17157.0
506.0	16750.0
507.0	16012.0
508.0	16269.0
509.0	17054.0
510.0	16869.0
511.0	16263.0
512.0	17105.0
513.0	17006.0
514.0	16686.0
515.0	16270.0
516.0	16762.0
517.0	16490.0
518.0	16655.0
519.0	16333.0
520.0	16570.0
521.0	17001.0
522.0	17193.0
523.0	16663.0
524.0	16860.0
525.0	16767.0
526.0	16938.0
527.0	16688.0
528.0	17116.0
529.0	17278.0
530.0	16405.0
531.0	17105.0
532.0	16469.0
533.0	16784.0
534.0	17186.0
535.0	16789.0
536.0	16256.0
537.0	16377.0
538.0	16754.0
539.0	16584.0
540.0	16649.0
541.0	16704.0
542.0	16563.0
543.0	16915.0
544.0	17046.0
545.0	16405.0
546.0	16791.0
547.0	16802.0
548.0	16586.0
549.0	16973.0
550.0	16781.0
551.0	16283.0
552.0	17310.0
553.0	16967.0
554.0	16511.0
555.0	16878.0
556.0	16707.0
557.0	16769.0
558.0	17178.0
559.0	15957.0
560.0	16899.0
561.0	16717.0
562.0	16877.0
563.0	16289.0
564.0	17132.0
565.0	17084.0
566.0	15820.0
567.0	16590.0
568.0	16433.0
569.0	16894.0
570.0	16593.0
571.0	17024.0
572.0	17179.0
573.0	16257.0
574.0	17469.0
575.0	16377.0
576.0	16501.0
577.0	16405.0
578.0	16805.0
579.0	16657.0
580.0	16634.0
581.0	17084.0
582.0	16604.0
583.0	16262.0
584.0	16823.0
585.0	16627.0
586.0	17165.0
587.0	16902.0
588.0	16922.0
589.0	16859.0
590.0	16396.0
591.0	16574.0
592.0	16399.0
593.0	16791.0
594.0	17037.0
595.0	16583.0
596.0	16393.0
597.0	16623.0
598.0	16323.0
599.0	16620.0
600.0	16388.0
601.0	16411.0
602.0	16359.0
603.0	16872.0
604.0	16250.0
605.0	16637.0
606.0	16236.0
607.0	16821.0
608.0	16885.0
609.0	17080.0
610.0	16995.0
611.0	17051.0
612.0	16965.0
613.0	16641.0
614.0	16459.0
615.0	16446.0
616.0	16280.0
617.0	16220.0
618.0	16147.0
619.0	17264.0
620.0	16805.0
621.0	16799.0
622.0	16178.0
623.0	17022.0
624.0	16645.0
625.0	17207.0
626.0	16798.0
627.0	16426.0
628.0	16909.0
629.0	16961.0
630.0	16746.0
631.0	16503.0
632.0	16679.0
633.0	17185.0
634.0	16935.0
635.0	17216.0
636.0	16851.0
637.0	16575.0
638.0	16717.0
639.0	17284.0
640.0	17038.0
641.0	16919.0
642.0	16325.0
643.0	17455.0
644.0	17080.0
645.0	15920.0
646.0	16709.0
647.0	16418.0
648.0	16077.0
649.0	16806.0
650.0	16460.0
651.0	16460.0
652.0	17063.0
653.0	16655.0
654.0	17020.0
655.0	17048.0
656.0	17218.0
657.0	17493.0
658.0	16791.0
659.0	17386.0
660.0	19060.0
661.0	19070.0
662.0	19457.0
663.0	19610.0
664.0	18595.0
665.0	18817.0
666.0	18252.0
667.0	18420.0
668.0	18296.0
669.0	18050.0
670.0	18102.0
671.0	18849.0
672.0	18328.0
673.0	18454.0
674.0	18394.0
675.0	17578.0
676.0	17969.0
677.0	18404.0
678.0	17360.0
679.0	17432.0
680.0	17427.0
681.0	17132.0
682.0	17387.0
683.0	16649.0
684.0	17616.0
685.0	17080.0
686.0	16501.0
687.0	16628.0
688.0	17386.0
689.0	16654.0
690.0	16647.0
691.0	16914.0
692.0	17261.0
693.0	16723.0
694.0	17098.0
695.0	17269.0
696.0	16475.0
697.0	16797.0
698.0	16400.0
699.0	17217.0
700.0	17098.0
701.0	16802.0
702.0	16499.0
703.0	16587.0
704.0	16791.0
705.0	16652.0
706.0	16637.0
707.0	17006.0
708.0	16252.0
709.0	17208.0
710.0	16570.0
711.0	16375.0
712.0	17043.0
713.0	16677.0
714.0	16213.0
715.0	17480.0
716.0	16658.0
717.0	16887.0
718.0	16704.0
719.0	16806.0
720.0	16598.0
721.0	16894.0
722.0	17246.0
723.0	16557.0
724.0	17014.0
725.0	16621.0
726.0	17033.0
727.0	16188.0
728.0	16368.0
729.0	16568.0
730.0	16778.0
731.0	16885.0
732.0	16703.0
733.0	17071.0
734.0	16567.0
735.0	16273.0
736.0	16935.0
737.0	17200.0
738.0	16264.0
739.0	17136.0
740.0	16783.0
741.0	16655.0
742.0	17044.0
743.0	16835.0
744.0	16799.0
745.0	16651.0
746.0	17184.0
747.0	17165.0
748.0	16658.0
749.0	16607.0
750.0	16887.0
751.0	16746.0
752.0	17239.0
753.0	16821.0
754.0	16822.0
755.0	16621.0
756.0	17203.0
757.0	16749.0
758.0	16898.0
759.0	16618.0
760.0	16596.0
761.0	16212.0
762.0	16664.0
763.0	16541.0
764.0	16799.0
765.0	17250.0
766.0	16659.0
767.0	16514.0
768.0	16502.0
769.0	17015.0
770.0	17255.0
771.0	16698.0
772.0	16721.0
773.0	16833.0
774.0	16884.0
775.0	16998.0
776.0	16482.0
777.0	16580.0
778.0	17244.0
779.0	16884.0
780.0	17226.0
781.0	16416.0
782.0	16561.0
783.0	16092.0
784.0	16960.0
785.0	17108.0
786.0	16773.0
787.0	16664.0
788.0	16709.0
789.0	16906.0
790.0	16766.0
791.0	16315.0
792.0	17016.0
793.0	16798.0
794.0	16059.0
795.0	17014.0
796.0	16623.0
797.0	16409.0
798.0	16242.0
799.0	16533.0
800.0	16737.0
