$itime = 500
$wv_start = 190.0
$hv = 1000
$grating = 2 1200 g/mm BLZ= 500  nm
$x_amps = 10
$x_volts = 45
$sample = DB2340
$date = 2023-07-05
$temp = 112.01
$wv_stop = 800.0
$time = 16:24:21.883000
$wv_step = 1.0
190.0	16207.0
191.0	16346.0
192.0	15818.0
193.0	15907.0
194.0	15920.0
195.0	16231.0
196.0	16210.0
197.0	16269.0
198.0	15893.0
199.0	16141.0
200.0	16097.0
201.0	16282.0
202.0	16264.0
203.0	16068.0
204.0	15561.0
205.0	16149.0
206.0	16210.0
207.0	16474.0
208.0	16083.0
209.0	16107.0
210.0	16280.0
211.0	15656.0
212.0	16210.0
213.0	15882.0
214.0	16111.0
215.0	15927.0
216.0	16018.0
217.0	16238.0
218.0	15917.0
219.0	16556.0
220.0	15884.0
221.0	16332.0
222.0	15933.0
223.0	16222.0
224.0	15955.0
225.0	15472.0
226.0	16268.0
227.0	16022.0
228.0	16142.0
229.0	16149.0
230.0	15841.0
231.0	15963.0
232.0	15869.0
233.0	16575.0
234.0	16120.0
235.0	15865.0
236.0	15587.0
237.0	15665.0
238.0	16615.0
239.0	15699.0
240.0	15927.0
241.0	16145.0
242.0	16015.0
243.0	15771.0
244.0	16394.0
245.0	16290.0
246.0	16343.0
247.0	15837.0
248.0	16744.0
249.0	15920.0
250.0	16031.0
251.0	15739.0
252.0	16651.0
253.0	15926.0
254.0	16381.0
255.0	16486.0
256.0	15985.0
257.0	16314.0
258.0	15890.0
259.0	15776.0
260.0	16083.0
261.0	16600.0
262.0	16068.0
263.0	16202.0
264.0	15944.0
265.0	16241.0
266.0	15777.0
267.0	15753.0
268.0	16411.0
269.0	16443.0
270.0	16224.0
271.0	16063.0
272.0	15839.0
273.0	16260.0
274.0	15955.0
275.0	15955.0
276.0	16217.0
277.0	15987.0
278.0	16719.0
279.0	16502.0
280.0	15836.0
281.0	16226.0
282.0	16265.0
283.0	16241.0
284.0	16012.0
285.0	15896.0
286.0	16393.0
287.0	16159.0
288.0	15829.0
289.0	16486.0
290.0	16665.0
291.0	16100.0
292.0	16110.0
293.0	15940.0
294.0	15305.0
295.0	16454.0
296.0	16495.0
297.0	16167.0
298.0	16054.0
299.0	16441.0
300.0	16525.0
301.0	16389.0
302.0	16039.0
303.0	16054.0
304.0	15981.0
305.0	16652.0
306.0	16369.0
307.0	16218.0
308.0	16179.0
309.0	16432.0
310.0	15815.0
311.0	15637.0
312.0	16436.0
313.0	16142.0
314.0	16105.0
315.0	16491.0
316.0	15833.0
317.0	16847.0
318.0	16509.0
319.0	16658.0
320.0	15904.0
321.0	15928.0
322.0	15795.0
323.0	15818.0
324.0	15864.0
325.0	15564.0
326.0	16210.0
327.0	15747.0
328.0	16680.0
329.0	16063.0
330.0	16133.0
331.0	16553.0
332.0	16263.0
333.0	16442.0
334.0	16419.0
335.0	16919.0
336.0	16692.0
337.0	15955.0
338.0	16085.0
339.0	16545.0
340.0	16028.0
341.0	16235.0
342.0	15782.0
343.0	16191.0
344.0	16666.0
345.0	15711.0
346.0	16240.0
347.0	16176.0
348.0	16555.0
349.0	16199.0
350.0	16079.0
351.0	16573.0
352.0	15946.0
353.0	15976.0
354.0	15583.0
355.0	15918.0
356.0	16053.0
357.0	16143.0
358.0	15797.0
359.0	16069.0
360.0	16061.0
361.0	16326.0
362.0	16237.0
363.0	15323.0
364.0	16179.0
365.0	16289.0
366.0	15505.0
367.0	16321.0
368.0	16336.0
369.0	16279.0
370.0	16411.0
371.0	15941.0
372.0	15579.0
373.0	16109.0
374.0	16246.0
375.0	16584.0
376.0	16256.0
377.0	15939.0
378.0	16170.0
379.0	16365.0
380.0	16443.0
381.0	15900.0
382.0	16369.0
383.0	16272.0
384.0	16411.0
385.0	16264.0
386.0	16008.0
387.0	16252.0
388.0	15570.0
389.0	16369.0
390.0	16132.0
391.0	15979.0
392.0	16245.0
393.0	16501.0
394.0	15880.0
395.0	15947.0
396.0	15804.0
397.0	16076.0
398.0	16636.0
399.0	16221.0
400.0	15963.0
401.0	16067.0
402.0	16699.0
403.0	15795.0
404.0	15953.0
405.0	16044.0
406.0	16727.0
407.0	16223.0
408.0	16222.0
409.0	16753.0
410.0	16211.0
411.0	15927.0
412.0	16187.0
413.0	16059.0
414.0	16310.0
415.0	16111.0
416.0	16376.0
417.0	16212.0
418.0	16068.0
419.0	16142.0
420.0	16415.0
421.0	15987.0
422.0	15980.0
423.0	15875.0
424.0	16595.0
425.0	15734.0
426.0	16582.0
427.0	15842.0
428.0	16330.0
429.0	16582.0
430.0	16235.0
431.0	16292.0
432.0	16138.0
433.0	15791.0
434.0	15989.0
435.0	15595.0
436.0	16629.0
437.0	16425.0
438.0	15922.0
439.0	15854.0
440.0	16098.0
441.0	16260.0
442.0	16068.0
443.0	16235.0
444.0	16033.0
445.0	15953.0
446.0	16256.0
447.0	15591.0
448.0	16662.0
449.0	16504.0
450.0	16022.0
451.0	15739.0
452.0	15751.0
453.0	16409.0
454.0	16378.0
455.0	16147.0
456.0	16751.0
457.0	15780.0
458.0	15665.0
459.0	16010.0
460.0	16325.0
461.0	16184.0
462.0	16187.0
463.0	15880.0
464.0	16432.0
465.0	16008.0
466.0	16542.0
467.0	15933.0
468.0	15785.0
469.0	16086.0
470.0	16068.0
471.0	15846.0
472.0	15932.0
473.0	15649.0
474.0	16267.0
475.0	16161.0
476.0	16253.0
477.0	15879.0
478.0	16166.0
479.0	16368.0
480.0	16864.0
481.0	16436.0
482.0	16440.0
483.0	16475.0
484.0	16303.0
485.0	16581.0
486.0	15802.0
487.0	15578.0
488.0	16055.0
489.0	16589.0
490.0	16394.0
491.0	15654.0
492.0	15917.0
493.0	15837.0
494.0	16437.0
495.0	16001.0
496.0	16528.0
497.0	16224.0
498.0	16143.0
499.0	15993.0
500.0	16591.0
501.0	16346.0
502.0	15982.0
503.0	16366.0
504.0	16286.0
505.0	16298.0
506.0	16133.0
507.0	15916.0
508.0	15997.0
509.0	16262.0
510.0	16238.0
511.0	16449.0
512.0	16511.0
513.0	16849.0
514.0	15748.0
515.0	15684.0
516.0	16250.0
517.0	16286.0
518.0	16249.0
519.0	16356.0
520.0	16241.0
521.0	16093.0
522.0	15965.0
523.0	15918.0
524.0	16756.0
525.0	16705.0
526.0	16268.0
527.0	16344.0
528.0	16122.0
529.0	16260.0
530.0	16190.0
531.0	16316.0
532.0	16643.0
533.0	16323.0
534.0	16891.0
535.0	16331.0
536.0	16519.0
537.0	15828.0
538.0	15991.0
539.0	15963.0
540.0	15834.0
541.0	16256.0
542.0	16640.0
543.0	16577.0
544.0	16635.0
545.0	16795.0
546.0	16155.0
547.0	16288.0
548.0	15510.0
549.0	16271.0
550.0	16448.0
551.0	15786.0
552.0	16123.0
553.0	16268.0
554.0	15739.0
555.0	15888.0
556.0	16269.0
557.0	15809.0
558.0	16263.0
559.0	16645.0
560.0	15752.0
561.0	16209.0
562.0	16411.0
563.0	15903.0
564.0	15494.0
565.0	16802.0
566.0	16480.0
567.0	16191.0
568.0	15879.0
569.0	16257.0
570.0	16366.0
571.0	16095.0
572.0	16306.0
573.0	16171.0
574.0	16898.0
575.0	16600.0
576.0	15792.0
577.0	16267.0
578.0	16270.0
579.0	15852.0
580.0	16110.0
581.0	16532.0
582.0	16045.0
583.0	15810.0
584.0	16488.0
585.0	15887.0
586.0	16166.0
587.0	16485.0
588.0	16345.0
589.0	15883.0
590.0	16696.0
591.0	16365.0
592.0	16078.0
593.0	16475.0
594.0	16043.0
595.0	16377.0
596.0	16209.0
597.0	16266.0
598.0	15677.0
599.0	16012.0
600.0	16800.0
601.0	16171.0
602.0	16108.0
603.0	15831.0
604.0	16577.0
605.0	16816.0
606.0	16449.0
607.0	16321.0
608.0	15990.0
609.0	16515.0
610.0	15699.0
611.0	16246.0
612.0	15632.0
613.0	16286.0
614.0	15766.0
615.0	15768.0
616.0	16238.0
617.0	16008.0
618.0	15845.0
619.0	16028.0
620.0	16726.0
621.0	15945.0
622.0	15671.0
623.0	15846.0
624.0	16568.0
625.0	15804.0
626.0	16571.0
627.0	16053.0
628.0	16107.0
629.0	15783.0
630.0	16248.0
631.0	16139.0
632.0	15331.0
633.0	16068.0
634.0	16112.0
635.0	15751.0
636.0	16319.0
637.0	16238.0
638.0	16617.0
639.0	16524.0
640.0	15698.0
641.0	16040.0
642.0	16378.0
643.0	16286.0
644.0	16104.0
645.0	16155.0
646.0	16274.0
647.0	16531.0
648.0	16803.0
649.0	16326.0
650.0	16910.0
651.0	16670.0
652.0	16576.0
653.0	16875.0
654.0	16767.0
655.0	16748.0
656.0	17119.0
657.0	17841.0
658.0	16597.0
659.0	16411.0
660.0	16647.0
661.0	17287.0
662.0	16382.0
663.0	16645.0
664.0	17019.0
665.0	17138.0
666.0	16421.0
667.0	16999.0
668.0	16459.0
669.0	16879.0
670.0	16869.0
671.0	16487.0
672.0	16819.0
673.0	16504.0
674.0	16069.0
675.0	16915.0
676.0	16774.0
677.0	16233.0
678.0	16509.0
679.0	16420.0
680.0	16402.0
681.0	16017.0
682.0	16551.0
683.0	16483.0
684.0	16404.0
685.0	16307.0
686.0	16332.0
687.0	16914.0
688.0	16247.0
689.0	16229.0
690.0	16032.0
691.0	15799.0
692.0	15855.0
693.0	15937.0
694.0	16211.0
695.0	16018.0
696.0	16226.0
697.0	16191.0
698.0	15968.0
699.0	16556.0
700.0	16036.0
701.0	15809.0
702.0	16023.0
703.0	16092.0
704.0	15923.0
705.0	16180.0
706.0	16257.0
707.0	15613.0
708.0	15918.0
709.0	16266.0
710.0	15775.0
711.0	15887.0
712.0	15895.0
713.0	16329.0
714.0	15807.0
715.0	15900.0
716.0	16191.0
717.0	16199.0
718.0	16559.0
719.0	16256.0
720.0	16344.0
721.0	16268.0
722.0	15824.0
723.0	16022.0
724.0	16294.0
725.0	16418.0
726.0	15910.0
727.0	16820.0
728.0	15550.0
729.0	16166.0
730.0	15810.0
731.0	16213.0
732.0	15985.0
733.0	15794.0
734.0	16333.0
735.0	16755.0
736.0	16109.0
737.0	16016.0
738.0	16490.0
739.0	15783.0
740.0	16151.0
741.0	15855.0
742.0	16299.0
743.0	16143.0
744.0	15977.0
745.0	16591.0
746.0	16360.0
747.0	15870.0
748.0	16326.0
749.0	15211.0
750.0	16321.0
751.0	15815.0
752.0	16357.0
753.0	16261.0
754.0	16253.0
755.0	15891.0
756.0	15597.0
757.0	16096.0
758.0	16608.0
759.0	15955.0
760.0	16355.0
761.0	15962.0
762.0	16171.0
763.0	15629.0
764.0	15445.0
765.0	16006.0
766.0	15793.0
767.0	16189.0
768.0	15315.0
769.0	15722.0
770.0	16702.0
771.0	15643.0
772.0	15928.0
773.0	15654.0
774.0	16476.0
775.0	16366.0
776.0	15988.0
777.0	15934.0
778.0	16068.0
779.0	15775.0
780.0	16061.0
781.0	15526.0
782.0	15425.0
783.0	16191.0
784.0	15854.0
785.0	16265.0
786.0	16073.0
787.0	16191.0
788.0	15533.0
789.0	16100.0
790.0	15840.0
791.0	16063.0
792.0	16082.0
793.0	16442.0
794.0	15981.0
795.0	16068.0
796.0	15873.0
797.0	15718.0
798.0	15813.0
799.0	16125.0
800.0	15833.0
