$itime = 500
$wv_start = 190.0
$hv = 1000
$grating = 2 1200 g/mm BLZ= 500  nm
$x_amps = 10
$x_volts = 45
$sample = DB2340
$date = 2023-07-05
$temp = 252.0
$wv_stop = 800.0
$time = 12:22:08.536000
$wv_step = 1.0
190.0	13700.0
191.0	13888.0
192.0	13362.0
193.0	13498.0
194.0	13451.0
195.0	13265.0
196.0	13281.0
197.0	13187.0
198.0	13396.0
199.0	13336.0
200.0	14171.0
201.0	13761.0
202.0	14036.0
203.0	13766.0
204.0	13666.0
205.0	13879.0
206.0	13666.0
207.0	13669.0
208.0	13391.0
209.0	13583.0
210.0	13898.0
211.0	14189.0
212.0	13350.0
213.0	13840.0
214.0	13901.0
215.0	13943.0
216.0	13600.0
217.0	14255.0
218.0	13560.0
219.0	13507.0
220.0	13683.0
221.0	13888.0
222.0	13643.0
223.0	14024.0
224.0	13806.0
225.0	13854.0
226.0	13783.0
227.0	13149.0
228.0	13794.0
229.0	14030.0
230.0	13280.0
231.0	13900.0
232.0	13341.0
233.0	13528.0
234.0	13827.0
235.0	13391.0
236.0	13675.0
237.0	13199.0
238.0	14036.0
239.0	13938.0
240.0	13550.0
241.0	14018.0
242.0	14326.0
243.0	13374.0
244.0	13894.0
245.0	13426.0
246.0	13845.0
247.0	13612.0
248.0	13682.0
249.0	13486.0
250.0	13701.0
251.0	13741.0
252.0	14200.0
253.0	13500.0
254.0	14147.0
255.0	13892.0
256.0	13277.0
257.0	13826.0
258.0	13523.0
259.0	13657.0
260.0	13857.0
261.0	13310.0
262.0	13482.0
263.0	13845.0
264.0	13888.0
265.0	14038.0
266.0	13617.0
267.0	13544.0
268.0	13423.0
269.0	13466.0
270.0	13566.0
271.0	13991.0
272.0	13467.0
273.0	13308.0
274.0	13922.0
275.0	13842.0
276.0	13347.0
277.0	13991.0
278.0	13437.0
279.0	13694.0
280.0	14038.0
281.0	13674.0
282.0	13224.0
283.0	13026.0
284.0	13592.0
285.0	12937.0
286.0	14123.0
287.0	13433.0
288.0	13301.0
289.0	14277.0
290.0	13714.0
291.0	13657.0
292.0	13612.0
293.0	14247.0
294.0	13645.0
295.0	13411.0
296.0	13944.0
297.0	13899.0
298.0	14450.0
299.0	13993.0
300.0	13775.0
301.0	13694.0
302.0	13513.0
303.0	13767.0
304.0	14114.0
305.0	14199.0
306.0	13732.0
307.0	13515.0
308.0	13732.0
309.0	14413.0
310.0	13346.0
311.0	14368.0
312.0	13906.0
313.0	14127.0
314.0	14133.0
315.0	13544.0
316.0	14023.0
317.0	13567.0
318.0	13384.0
319.0	13869.0
320.0	13766.0
321.0	13779.0
322.0	14117.0
323.0	13757.0
324.0	13714.0
325.0	13945.0
326.0	13967.0
327.0	14063.0
328.0	13657.0
329.0	13202.0
330.0	13920.0
331.0	14542.0
332.0	13210.0
333.0	13375.0
334.0	13817.0
335.0	13583.0
336.0	13532.0
337.0	13431.0
338.0	13826.0
339.0	14225.0
340.0	13271.0
341.0	14000.0
342.0	13732.0
343.0	13689.0
344.0	13362.0
345.0	13280.0
346.0	13744.0
347.0	13507.0
348.0	14041.0
349.0	13634.0
350.0	13566.0
351.0	13025.0
352.0	13746.0
353.0	14064.0
354.0	13537.0
355.0	13719.0
356.0	13624.0
357.0	13528.0
358.0	13715.0
359.0	13580.0
360.0	14169.0
361.0	13817.0
362.0	13247.0
363.0	13543.0
364.0	13394.0
365.0	13525.0
366.0	13759.0
367.0	14124.0
368.0	13530.0
369.0	13693.0
370.0	13778.0
371.0	13715.0
372.0	13458.0
373.0	14142.0
374.0	13743.0
375.0	13676.0
376.0	13744.0
377.0	13888.0
378.0	13217.0
379.0	13759.0
380.0	13378.0
381.0	13878.0
382.0	14094.0
383.0	13835.0
384.0	13532.0
385.0	13389.0
386.0	13735.0
387.0	13664.0
388.0	13735.0
389.0	13540.0
390.0	13540.0
391.0	14182.0
392.0	13395.0
393.0	13868.0
394.0	13523.0
395.0	13774.0
396.0	13782.0
397.0	13572.0
398.0	13675.0
399.0	13688.0
400.0	13831.0
401.0	13419.0
402.0	13666.0
403.0	13264.0
404.0	13647.0
405.0	13697.0
406.0	13530.0
407.0	13639.0
408.0	14220.0
409.0	13421.0
410.0	13386.0
411.0	13759.0
412.0	13915.0
413.0	13909.0
414.0	13544.0
415.0	13524.0
416.0	13150.0
417.0	14151.0
418.0	13273.0
419.0	13832.0
420.0	13525.0
421.0	13432.0
422.0	14177.0
423.0	13607.0
424.0	13349.0
425.0	13753.0
426.0	13683.0
427.0	13841.0
428.0	13262.0
429.0	13846.0
430.0	13511.0
431.0	13643.0
432.0	13422.0
433.0	13634.0
434.0	13767.0
435.0	13845.0
436.0	13746.0
437.0	13898.0
438.0	13501.0
439.0	13559.0
440.0	13527.0
441.0	13287.0
442.0	13660.0
443.0	13120.0
444.0	12840.0
445.0	13454.0
446.0	13601.0
447.0	14083.0
448.0	13896.0
449.0	13228.0
450.0	13329.0
451.0	14188.0
452.0	13719.0
453.0	13882.0
454.0	13857.0
455.0	13806.0
456.0	13685.0
457.0	13568.0
458.0	14001.0
459.0	13402.0
460.0	13951.0
461.0	13505.0
462.0	14110.0
463.0	13820.0
464.0	13405.0
465.0	14021.0
466.0	13266.0
467.0	13344.0
468.0	13187.0
469.0	13942.0
470.0	13271.0
471.0	14094.0
472.0	13865.0
473.0	14032.0
474.0	13832.0
475.0	13239.0
476.0	13522.0
477.0	13411.0
478.0	13772.0
479.0	13279.0
480.0	14140.0
481.0	13508.0
482.0	13777.0
483.0	14102.0
484.0	14083.0
485.0	13964.0
486.0	13472.0
487.0	13748.0
488.0	13369.0
489.0	13192.0
490.0	13188.0
491.0	13959.0
492.0	13550.0
493.0	13953.0
494.0	13326.0
495.0	13881.0
496.0	13262.0
497.0	13737.0
498.0	13384.0
499.0	13785.0
500.0	13482.0
501.0	13290.0
502.0	13610.0
503.0	14221.0
504.0	13803.0
505.0	14113.0
506.0	14374.0
507.0	14186.0
508.0	13473.0
509.0	13867.0
510.0	13593.0
511.0	13533.0
512.0	13455.0
513.0	14049.0
514.0	13626.0
515.0	13342.0
516.0	14158.0
517.0	14024.0
518.0	13556.0
519.0	14011.0
520.0	13280.0
521.0	14292.0
522.0	13828.0
523.0	13563.0
524.0	13754.0
525.0	14183.0
526.0	13260.0
527.0	13725.0
528.0	13704.0
529.0	13870.0
530.0	13395.0
531.0	13767.0
532.0	14110.0
533.0	13623.0
534.0	14571.0
535.0	13618.0
536.0	13455.0
537.0	13102.0
538.0	13722.0
539.0	13842.0
540.0	13892.0
541.0	13561.0
542.0	13748.0
543.0	14012.0
544.0	13766.0
545.0	13954.0
546.0	14226.0
547.0	13744.0
548.0	13755.0
549.0	13707.0
550.0	13723.0
551.0	13698.0
552.0	13961.0
553.0	13523.0
554.0	14172.0
555.0	13424.0
556.0	13541.0
557.0	13785.0
558.0	13846.0
559.0	14484.0
560.0	14005.0
561.0	13192.0
562.0	13949.0
563.0	13742.0
564.0	13729.0
565.0	13643.0
566.0	13818.0
567.0	14327.0
568.0	13833.0
569.0	13516.0
570.0	13643.0
571.0	13746.0
572.0	13761.0
573.0	13807.0
574.0	14188.0
575.0	13506.0
576.0	13524.0
577.0	13679.0
578.0	13391.0
579.0	13483.0
580.0	13856.0
581.0	13891.0
582.0	13838.0
583.0	13433.0
584.0	13685.0
585.0	13848.0
586.0	13622.0
587.0	13850.0
588.0	13951.0
589.0	13881.0
590.0	13143.0
591.0	14095.0
592.0	13557.0
593.0	13417.0
594.0	13868.0
595.0	13579.0
596.0	13693.0
597.0	13579.0
598.0	13712.0
599.0	13404.0
600.0	13522.0
601.0	13329.0
602.0	13947.0
603.0	13792.0
604.0	13674.0
605.0	13722.0
606.0	13412.0
607.0	14370.0
608.0	14277.0
609.0	13757.0
610.0	14177.0
611.0	13885.0
612.0	13746.0
613.0	13495.0
614.0	13454.0
615.0	13746.0
616.0	13191.0
617.0	14007.0
618.0	13836.0
619.0	13839.0
620.0	13845.0
621.0	13577.0
622.0	13650.0
623.0	13770.0
624.0	13381.0
625.0	14034.0
626.0	13555.0
627.0	13908.0
628.0	14038.0
629.0	13535.0
630.0	13845.0
631.0	13730.0
632.0	13724.0
633.0	13433.0
634.0	13659.0
635.0	13633.0
636.0	13786.0
637.0	14083.0
638.0	13516.0
639.0	14175.0
640.0	14091.0
641.0	13759.0
642.0	13763.0
643.0	13725.0
644.0	13121.0
645.0	13666.0
646.0	13506.0
647.0	13814.0
648.0	14347.0
649.0	13629.0
650.0	13967.0
651.0	13480.0
652.0	13646.0
653.0	13970.0
654.0	14187.0
655.0	13803.0
656.0	14186.0
657.0	13689.0
658.0	13700.0
659.0	13826.0
660.0	13552.0
661.0	14117.0
662.0	14040.0
663.0	13899.0
664.0	13782.0
665.0	14014.0
666.0	14172.0
667.0	13657.0
668.0	13867.0
669.0	13757.0
670.0	14331.0
671.0	13578.0
672.0	13878.0
673.0	13577.0
674.0	13933.0
675.0	13584.0
676.0	13520.0
677.0	14055.0
678.0	13683.0
679.0	13961.0
680.0	13832.0
681.0	13535.0
682.0	13810.0
683.0	13249.0
684.0	13905.0
685.0	13647.0
686.0	14038.0
687.0	13777.0
688.0	14250.0
689.0	14036.0
690.0	13677.0
691.0	13601.0
692.0	13664.0
693.0	13419.0
694.0	13060.0
695.0	13578.0
696.0	13411.0
697.0	13601.0
698.0	14281.0
699.0	14023.0
700.0	13859.0
701.0	13756.0
702.0	13860.0
703.0	13768.0
704.0	13986.0
705.0	13260.0
706.0	13838.0
707.0	13882.0
708.0	13608.0
709.0	13746.0
710.0	13815.0
711.0	14104.0
712.0	13588.0
713.0	13557.0
714.0	13898.0
715.0	13733.0
716.0	13533.0
717.0	13498.0
718.0	13807.0
719.0	13901.0
720.0	13544.0
721.0	13580.0
722.0	13854.0
723.0	13900.0
724.0	13456.0
725.0	13710.0
726.0	13873.0
727.0	13400.0
728.0	13800.0
729.0	13675.0
730.0	13643.0
731.0	13918.0
732.0	13455.0
733.0	13723.0
734.0	13414.0
735.0	13273.0
736.0	13671.0
737.0	13562.0
738.0	13752.0
739.0	13018.0
740.0	13838.0
741.0	13573.0
742.0	13974.0
743.0	13944.0
744.0	14098.0
745.0	13199.0
746.0	13679.0
747.0	14126.0
748.0	13982.0
749.0	13736.0
750.0	13564.0
751.0	14158.0
752.0	13985.0
753.0	14027.0
754.0	13550.0
755.0	13828.0
756.0	13462.0
757.0	14220.0
758.0	13457.0
759.0	13663.0
760.0	13684.0
761.0	13521.0
762.0	13380.0
763.0	13964.0
764.0	14211.0
765.0	14231.0
766.0	13767.0
767.0	13828.0
768.0	13067.0
769.0	13409.0
770.0	13845.0
771.0	13808.0
772.0	13745.0
773.0	13611.0
774.0	13896.0
775.0	13876.0
776.0	14044.0
777.0	13754.0
778.0	13469.0
779.0	13493.0
780.0	13790.0
781.0	13776.0
782.0	13683.0
783.0	13686.0
784.0	14351.0
785.0	13833.0
786.0	13928.0
787.0	13840.0
788.0	13633.0
789.0	13891.0
790.0	14175.0
791.0	13277.0
792.0	13461.0
793.0	14137.0
794.0	13645.0
795.0	14185.0
796.0	13857.0
797.0	13657.0
798.0	13863.0
799.0	13954.0
800.0	13763.0
