$itime = 500
$wv_start = 190.0
$hv = 1000
$grating = 2 1200 g/mm BLZ= 500  nm
$x_amps = 10
$x_volts = 45
$sample = DB2340
$date = 2023-07-05
$temp = 141.99
$wv_stop = 800.0
$time = 16:24:21.883000
$wv_step = 1.0
190.0	15639.0
191.0	15781.0
192.0	15803.0
193.0	14923.0
194.0	15793.0
195.0	15810.0
196.0	16188.0
197.0	16218.0
198.0	15675.0
199.0	15642.0
200.0	15592.0
201.0	15685.0
202.0	15898.0
203.0	15937.0
204.0	15699.0
205.0	15982.0
206.0	15991.0
207.0	15229.0
208.0	16018.0
209.0	15571.0
210.0	15854.0
211.0	17252.0
212.0	16260.0
213.0	15843.0
214.0	16049.0
215.0	15721.0
216.0	16369.0
217.0	15722.0
218.0	15781.0
219.0	15800.0
220.0	16276.0
221.0	16687.0
222.0	16041.0
223.0	15804.0
224.0	15657.0
225.0	15513.0
226.0	15376.0
227.0	15818.0
228.0	15815.0
229.0	15936.0
230.0	16257.0
231.0	16580.0
232.0	16096.0
233.0	15910.0
234.0	16075.0
235.0	15806.0
236.0	15882.0
237.0	16089.0
238.0	15675.0
239.0	16114.0
240.0	16143.0
241.0	16123.0
242.0	16076.0
243.0	15718.0
244.0	16221.0
245.0	15848.0
246.0	15661.0
247.0	15390.0
248.0	15706.0
249.0	16039.0
250.0	16022.0
251.0	15738.0
252.0	15567.0
253.0	15505.0
254.0	15975.0
255.0	15778.0
256.0	15842.0
257.0	16232.0
258.0	16557.0
259.0	16569.0
260.0	15971.0
261.0	15946.0
262.0	16346.0
263.0	15773.0
264.0	15775.0
265.0	16368.0
266.0	15858.0
267.0	16455.0
268.0	16321.0
269.0	16276.0
270.0	15725.0
271.0	15651.0
272.0	16583.0
273.0	16206.0
274.0	16110.0
275.0	16178.0
276.0	16142.0
277.0	15817.0
278.0	16185.0
279.0	16018.0
280.0	15782.0
281.0	16145.0
282.0	16339.0
283.0	16007.0
284.0	15896.0
285.0	16269.0
286.0	16237.0
287.0	16100.0
288.0	15568.0
289.0	15309.0
290.0	16096.0
291.0	15776.0
292.0	16106.0
293.0	15814.0
294.0	16132.0
295.0	16395.0
296.0	16031.0
297.0	15859.0
298.0	16146.0
299.0	15999.0
300.0	16496.0
301.0	15679.0
302.0	15979.0
303.0	16150.0
304.0	15867.0
305.0	16164.0
306.0	15995.0
307.0	16060.0
308.0	16328.0
309.0	16187.0
310.0	15813.0
311.0	16220.0
312.0	16267.0
313.0	15881.0
314.0	15949.0
315.0	16369.0
316.0	16092.0
317.0	16429.0
318.0	16168.0
319.0	15786.0
320.0	16409.0
321.0	16411.0
322.0	15745.0
323.0	16606.0
324.0	15780.0
325.0	15603.0
326.0	15794.0
327.0	16071.0
328.0	16142.0
329.0	16036.0
330.0	15525.0
331.0	15792.0
332.0	16450.0
333.0	16330.0
334.0	15885.0
335.0	15907.0
336.0	15652.0
337.0	16049.0
338.0	15449.0
339.0	15848.0
340.0	15833.0
341.0	16324.0
342.0	16366.0
343.0	16054.0
344.0	16286.0
345.0	15896.0
346.0	15862.0
347.0	16496.0
348.0	16100.0
349.0	15695.0
350.0	15803.0
351.0	15958.0
352.0	15682.0
353.0	16356.0
354.0	16709.0
355.0	15573.0
356.0	15626.0
357.0	16330.0
358.0	15922.0
359.0	15874.0
360.0	16082.0
361.0	16068.0
362.0	15545.0
363.0	15844.0
364.0	15844.0
365.0	15706.0
366.0	16229.0
367.0	15686.0
368.0	16220.0
369.0	15974.0
370.0	16130.0
371.0	15731.0
372.0	15995.0
373.0	16168.0
374.0	15879.0
375.0	16221.0
376.0	16088.0
377.0	15739.0
378.0	15896.0
379.0	15833.0
380.0	15963.0
381.0	15613.0
382.0	16389.0
383.0	15953.0
384.0	16053.0
385.0	16108.0
386.0	16303.0
387.0	15775.0
388.0	15972.0
389.0	15284.0
390.0	16015.0
391.0	16068.0
392.0	16038.0
393.0	15622.0
394.0	16253.0
395.0	15777.0
396.0	15914.0
397.0	15769.0
398.0	16011.0
399.0	15862.0
400.0	15694.0
401.0	16419.0
402.0	15799.0
403.0	16036.0
404.0	15587.0
405.0	15817.0
406.0	15282.0
407.0	16270.0
408.0	16046.0
409.0	15596.0
410.0	16025.0
411.0	16036.0
412.0	16023.0
413.0	16100.0
414.0	15896.0
415.0	15977.0
416.0	15597.0
417.0	15608.0
418.0	15449.0
419.0	16109.0
420.0	16277.0
421.0	16058.0
422.0	15598.0
423.0	16092.0
424.0	15861.0
425.0	15488.0
426.0	15680.0
427.0	15495.0
428.0	16021.0
429.0	16333.0
430.0	16362.0
431.0	16216.0
432.0	16582.0
433.0	16031.0
434.0	16068.0
435.0	15769.0
436.0	16611.0
437.0	16103.0
438.0	16001.0
439.0	15555.0
440.0	15908.0
441.0	15759.0
442.0	16037.0
443.0	16018.0
444.0	15933.0
445.0	15946.0
446.0	15883.0
447.0	15929.0
448.0	15972.0
449.0	16351.0
450.0	15794.0
451.0	16067.0
452.0	16076.0
453.0	16015.0
454.0	15454.0
455.0	15713.0
456.0	15917.0
457.0	16300.0
458.0	16107.0
459.0	16266.0
460.0	15456.0
461.0	16178.0
462.0	15586.0
463.0	16345.0
464.0	15828.0
465.0	16188.0
466.0	16044.0
467.0	15718.0
468.0	15961.0
469.0	16369.0
470.0	15875.0
471.0	15674.0
472.0	16222.0
473.0	15627.0
474.0	15989.0
475.0	16209.0
476.0	15699.0
477.0	15642.0
478.0	16198.0
479.0	16186.0
480.0	15729.0
481.0	15792.0
482.0	15889.0
483.0	15583.0
484.0	16026.0
485.0	15192.0
486.0	15584.0
487.0	16152.0
488.0	15902.0
489.0	15450.0
490.0	16148.0
491.0	15804.0
492.0	16157.0
493.0	15693.0
494.0	16041.0
495.0	16416.0
496.0	16417.0
497.0	16041.0
498.0	16281.0
499.0	15775.0
500.0	16210.0
501.0	15575.0
502.0	15776.0
503.0	15627.0
504.0	15414.0
505.0	16215.0
506.0	16229.0
507.0	15937.0
508.0	16625.0
509.0	15315.0
510.0	16417.0
511.0	16399.0
512.0	15584.0
513.0	15787.0
514.0	15710.0
515.0	15992.0
516.0	15822.0
517.0	15735.0
518.0	16154.0
519.0	15923.0
520.0	16216.0
521.0	15644.0
522.0	15858.0
523.0	16033.0
524.0	15926.0
525.0	15629.0
526.0	16026.0
527.0	16121.0
528.0	15694.0
529.0	15829.0
530.0	15559.0
531.0	16077.0
532.0	16032.0
533.0	15675.0
534.0	16922.0
535.0	16271.0
536.0	16060.0
537.0	15926.0
538.0	16155.0
539.0	16317.0
540.0	16288.0
541.0	16001.0
542.0	16083.0
543.0	16243.0
544.0	16336.0
545.0	15490.0
546.0	15673.0
547.0	15858.0
548.0	16184.0
549.0	16032.0
550.0	16017.0
551.0	16543.0
552.0	15690.0
553.0	16228.0
554.0	16551.0
555.0	16065.0
556.0	15571.0
557.0	16496.0
558.0	15863.0
559.0	15907.0
560.0	16121.0
561.0	15758.0
562.0	15908.0
563.0	16384.0
564.0	15787.0
565.0	16252.0
566.0	16273.0
567.0	16257.0
568.0	15127.0
569.0	15549.0
570.0	16086.0
571.0	16319.0
572.0	16765.0
573.0	16487.0
574.0	15943.0
575.0	15959.0
576.0	16255.0
577.0	15953.0
578.0	15915.0
579.0	16034.0
580.0	15843.0
581.0	15992.0
582.0	16179.0
583.0	16273.0
584.0	15889.0
585.0	15993.0
586.0	15931.0
587.0	16018.0
588.0	15627.0
589.0	16421.0
590.0	15583.0
591.0	16429.0
592.0	16075.0
593.0	15723.0
594.0	16450.0
595.0	16870.0
596.0	15622.0
597.0	16110.0
598.0	15608.0
599.0	15852.0
600.0	15913.0
601.0	15975.0
602.0	16109.0
603.0	15735.0
604.0	15990.0
605.0	16070.0
606.0	16092.0
607.0	15839.0
608.0	16260.0
609.0	15999.0
610.0	16081.0
611.0	16268.0
612.0	16111.0
613.0	16227.0
614.0	16043.0
615.0	15715.0
616.0	16195.0
617.0	15429.0
618.0	15793.0
619.0	15880.0
620.0	16349.0
621.0	15963.0
622.0	16335.0
623.0	16419.0
624.0	16268.0
625.0	15444.0
626.0	16231.0
627.0	16329.0
628.0	15737.0
629.0	15815.0
630.0	15902.0
631.0	15255.0
632.0	15637.0
633.0	15939.0
634.0	16032.0
635.0	16100.0
636.0	16287.0
637.0	16101.0
638.0	15783.0
639.0	16133.0
640.0	16175.0
641.0	15817.0
642.0	15991.0
643.0	15434.0
644.0	16078.0
645.0	16384.0
646.0	16257.0
647.0	16100.0
648.0	16029.0
649.0	16231.0
650.0	16304.0
651.0	15857.0
652.0	16321.0
653.0	16274.0
654.0	16366.0
655.0	16130.0
656.0	16270.0
657.0	16524.0
658.0	17032.0
659.0	16432.0
660.0	16853.0
661.0	16278.0
662.0	16842.0
663.0	16494.0
664.0	16498.0
665.0	16032.0
666.0	16597.0
667.0	16334.0
668.0	15564.0
669.0	16068.0
670.0	16090.0
671.0	16523.0
672.0	16677.0
673.0	15888.0
674.0	16575.0
675.0	16385.0
676.0	15932.0
677.0	16184.0
678.0	16324.0
679.0	16962.0
680.0	15526.0
681.0	15951.0
682.0	16083.0
683.0	16067.0
684.0	16133.0
685.0	16155.0
686.0	15955.0
687.0	15792.0
688.0	15857.0
689.0	16049.0
690.0	15416.0
691.0	15836.0
692.0	16162.0
693.0	15679.0
694.0	16546.0
695.0	16342.0
696.0	15891.0
697.0	16256.0
698.0	16011.0
699.0	16008.0
700.0	16369.0
701.0	15878.0
702.0	15650.0
703.0	16032.0
704.0	16023.0
705.0	15971.0
706.0	15655.0
707.0	15775.0
708.0	15721.0
709.0	15681.0
710.0	16006.0
711.0	15822.0
712.0	16253.0
713.0	16069.0
714.0	16154.0
715.0	15655.0
716.0	16560.0
717.0	15447.0
718.0	16405.0
719.0	16225.0
720.0	16100.0
721.0	15865.0
722.0	16142.0
723.0	15596.0
724.0	15524.0
725.0	15934.0
726.0	16068.0
727.0	15847.0
728.0	16206.0
729.0	15820.0
730.0	16443.0
731.0	15955.0
732.0	16160.0
733.0	15916.0
734.0	15920.0
735.0	16450.0
736.0	15629.0
737.0	16036.0
738.0	16371.0
739.0	16389.0
740.0	15552.0
741.0	16306.0
742.0	15778.0
743.0	16018.0
744.0	15926.0
745.0	15126.0
746.0	16415.0
747.0	16306.0
748.0	16382.0
749.0	16273.0
750.0	15822.0
751.0	16235.0
752.0	15874.0
753.0	16004.0
754.0	16137.0
755.0	16011.0
756.0	15783.0
757.0	15441.0
758.0	16009.0
759.0	16282.0
760.0	15775.0
761.0	15798.0
762.0	15944.0
763.0	15755.0
764.0	16458.0
765.0	16231.0
766.0	16520.0
767.0	16260.0
768.0	16321.0
769.0	16068.0
770.0	15844.0
771.0	15931.0
772.0	16037.0
773.0	16077.0
774.0	16180.0
775.0	15454.0
776.0	15912.0
777.0	15929.0
778.0	16008.0
779.0	16168.0
780.0	16260.0
781.0	16424.0
782.0	15311.0
783.0	16589.0
784.0	16274.0
785.0	15427.0
786.0	16048.0
787.0	16274.0
788.0	16437.0
789.0	15792.0
790.0	16142.0
791.0	15678.0
792.0	15747.0
793.0	16042.0
794.0	15820.0
795.0	15423.0
796.0	16028.0
797.0	15541.0
798.0	15412.0
799.0	16439.0
800.0	16274.0
