$itime = 500
$wv_start = 190.0
$hv = 1000
$grating = 2 1200 g/mm BLZ= 500  nm
$x_amps = 10
$x_volts = 45
$sample = DB2340
$date = 2023-07-05
$temp = 182.0
$wv_stop = 800.0
$time = 16:24:21.883000
$wv_step = 1.0
190.0	15868.0
191.0	15698.0
192.0	15550.0
193.0	15849.0
194.0	16352.0
195.0	16273.0
196.0	15394.0
197.0	15962.0
198.0	15690.0
199.0	15132.0
200.0	16266.0
201.0	15673.0
202.0	16116.0
203.0	15510.0
204.0	15521.0
205.0	15784.0
206.0	15614.0
207.0	15551.0
208.0	15520.0
209.0	15434.0
210.0	16107.0
211.0	15645.0
212.0	15861.0
213.0	15397.0
214.0	15677.0
215.0	15579.0
216.0	15790.0
217.0	15705.0
218.0	14729.0
219.0	15374.0
220.0	15626.0
221.0	16084.0
222.0	15939.0
223.0	15593.0
224.0	15501.0
225.0	15917.0
226.0	15378.0
227.0	15423.0
228.0	15544.0
229.0	15843.0
230.0	15880.0
231.0	15744.0
232.0	15380.0
233.0	15677.0
234.0	15507.0
235.0	15795.0
236.0	15304.0
237.0	15795.0
238.0	15517.0
239.0	15098.0
240.0	15824.0
241.0	15786.0
242.0	15911.0
243.0	15415.0
244.0	15406.0
245.0	15911.0
246.0	15390.0
247.0	15407.0
248.0	15326.0
249.0	15469.0
250.0	15948.0
251.0	15372.0
252.0	15912.0
253.0	15787.0
254.0	15505.0
255.0	15780.0
256.0	15420.0
257.0	15820.0
258.0	15270.0
259.0	15541.0
260.0	15592.0
261.0	15882.0
262.0	15555.0
263.0	15976.0
264.0	16083.0
265.0	15745.0
266.0	16120.0
267.0	15438.0
268.0	16169.0
269.0	15632.0
270.0	16133.0
271.0	15453.0
272.0	15933.0
273.0	15248.0
274.0	16448.0
275.0	15479.0
276.0	15841.0
277.0	15786.0
278.0	15615.0
279.0	15344.0
280.0	15769.0
281.0	16083.0
282.0	15776.0
283.0	15884.0
284.0	15422.0
285.0	15933.0
286.0	15298.0
287.0	16345.0
288.0	15346.0
289.0	15725.0
290.0	16187.0
291.0	15396.0
292.0	15452.0
293.0	16036.0
294.0	14944.0
295.0	15909.0
296.0	15754.0
297.0	15523.0
298.0	15395.0
299.0	15824.0
300.0	15641.0
301.0	16083.0
302.0	15272.0
303.0	16018.0
304.0	15475.0
305.0	15328.0
306.0	16165.0
307.0	15576.0
308.0	15607.0
309.0	15934.0
310.0	15846.0
311.0	15510.0
312.0	15432.0
313.0	15974.0
314.0	16147.0
315.0	16281.0
316.0	15935.0
317.0	16228.0
318.0	15475.0
319.0	15888.0
320.0	15622.0
321.0	15747.0
322.0	16217.0
323.0	15701.0
324.0	15042.0
325.0	15419.0
326.0	15480.0
327.0	15478.0
328.0	15498.0
329.0	15809.0
330.0	15491.0
331.0	15980.0
332.0	15292.0
333.0	15467.0
334.0	15392.0
335.0	15316.0
336.0	15978.0
337.0	15848.0
338.0	16534.0
339.0	15485.0
340.0	15722.0
341.0	15117.0
342.0	16008.0
343.0	15452.0
344.0	15878.0
345.0	15573.0
346.0	15939.0
347.0	15454.0
348.0	15729.0
349.0	15844.0
350.0	15613.0
351.0	15781.0
352.0	16101.0
353.0	15476.0
354.0	16011.0
355.0	15900.0
356.0	15478.0
357.0	15588.0
358.0	15916.0
359.0	15820.0
360.0	15103.0
361.0	15256.0
362.0	15769.0
363.0	16242.0
364.0	15154.0
365.0	16684.0
366.0	15340.0
367.0	15671.0
368.0	15548.0
369.0	15522.0
370.0	15816.0
371.0	15511.0
372.0	15586.0
373.0	15527.0
374.0	16168.0
375.0	15677.0
376.0	15792.0
377.0	15656.0
378.0	15778.0
379.0	15909.0
380.0	15946.0
381.0	15102.0
382.0	15207.0
383.0	15689.0
384.0	16159.0
385.0	15637.0
386.0	15657.0
387.0	15504.0
388.0	16157.0
389.0	15579.0
390.0	15646.0
391.0	15733.0
392.0	15715.0
393.0	15691.0
394.0	15631.0
395.0	15456.0
396.0	15475.0
397.0	15573.0
398.0	15665.0
399.0	15760.0
400.0	15182.0
401.0	15774.0
402.0	15846.0
403.0	15671.0
404.0	15186.0
405.0	15400.0
406.0	15700.0
407.0	15847.0
408.0	15792.0
409.0	15631.0
410.0	15389.0
411.0	15757.0
412.0	15674.0
413.0	15437.0
414.0	15710.0
415.0	15555.0
416.0	16229.0
417.0	16075.0
418.0	15711.0
419.0	15614.0
420.0	15531.0
421.0	15748.0
422.0	15587.0
423.0	15762.0
424.0	15500.0
425.0	15899.0
426.0	15251.0
427.0	15326.0
428.0	16026.0
429.0	15729.0
430.0	15742.0
431.0	15427.0
432.0	15402.0
433.0	15520.0
434.0	15382.0
435.0	15431.0
436.0	15907.0
437.0	15982.0
438.0	15867.0
439.0	15786.0
440.0	15262.0
441.0	15960.0
442.0	15667.0
443.0	15685.0
444.0	15751.0
445.0	15988.0
446.0	15543.0
447.0	16274.0
448.0	15799.0
449.0	16056.0
450.0	15782.0
451.0	15785.0
452.0	15748.0
453.0	15586.0
454.0	14572.0
455.0	15731.0
456.0	15927.0
457.0	15907.0
458.0	15400.0
459.0	15935.0
460.0	15916.0
461.0	15771.0
462.0	15953.0
463.0	16220.0
464.0	16251.0
465.0	15744.0
466.0	15826.0
467.0	15587.0
468.0	15143.0
469.0	16003.0
470.0	15749.0
471.0	16432.0
472.0	15384.0
473.0	15364.0
474.0	15887.0
475.0	15263.0
476.0	15682.0
477.0	15966.0
478.0	15706.0
479.0	15745.0
480.0	15802.0
481.0	16041.0
482.0	15609.0
483.0	15152.0
484.0	16055.0
485.0	15796.0
486.0	15940.0
487.0	15962.0
488.0	15967.0
489.0	15406.0
490.0	15546.0
491.0	16085.0
492.0	15786.0
493.0	15132.0
494.0	15294.0
495.0	15998.0
496.0	15835.0
497.0	15745.0
498.0	15183.0
499.0	15541.0
500.0	16107.0
501.0	15541.0
502.0	15856.0
503.0	15203.0
504.0	15437.0
505.0	15622.0
506.0	16165.0
507.0	15538.0
508.0	15691.0
509.0	15835.0
510.0	15704.0
511.0	15621.0
512.0	15624.0
513.0	15292.0
514.0	15427.0
515.0	15992.0
516.0	15430.0
517.0	15656.0
518.0	15803.0
519.0	16058.0
520.0	15587.0
521.0	15023.0
522.0	15521.0
523.0	15168.0
524.0	16083.0
525.0	15335.0
526.0	16058.0
527.0	15782.0
528.0	15928.0
529.0	15787.0
530.0	15791.0
531.0	15346.0
532.0	16224.0
533.0	15775.0
534.0	15353.0
535.0	15844.0
536.0	15833.0
537.0	15484.0
538.0	15893.0
539.0	15656.0
540.0	15882.0
541.0	15853.0
542.0	16596.0
543.0	15824.0
544.0	15498.0
545.0	15388.0
546.0	16008.0
547.0	15407.0
548.0	15595.0
549.0	15876.0
550.0	16185.0
551.0	15933.0
552.0	16188.0
553.0	15987.0
554.0	16107.0
555.0	15977.0
556.0	15972.0
557.0	15343.0
558.0	16237.0
559.0	15901.0
560.0	15793.0
561.0	16135.0
562.0	15780.0
563.0	15409.0
564.0	15665.0
565.0	15687.0
566.0	15867.0
567.0	15541.0
568.0	15633.0
569.0	15766.0
570.0	15410.0
571.0	15745.0
572.0	15734.0
573.0	16070.0
574.0	15775.0
575.0	15918.0
576.0	15529.0
577.0	15099.0
578.0	15796.0
579.0	15758.0
580.0	15742.0
581.0	15956.0
582.0	16065.0
583.0	15844.0
584.0	15713.0
585.0	15683.0
586.0	15811.0
587.0	15632.0
588.0	16026.0
589.0	15778.0
590.0	15496.0
591.0	15527.0
592.0	15851.0
593.0	15341.0
594.0	16284.0
595.0	16274.0
596.0	15907.0
597.0	15946.0
598.0	15955.0
599.0	15882.0
600.0	15771.0
601.0	15365.0
602.0	15613.0
603.0	16262.0
604.0	16053.0
605.0	15773.0
606.0	15592.0
607.0	16067.0
608.0	16073.0
609.0	15803.0
610.0	15450.0
611.0	15875.0
612.0	15811.0
613.0	15893.0
614.0	15278.0
615.0	16153.0
616.0	15547.0
617.0	16086.0
618.0	15555.0
619.0	15478.0
620.0	15975.0
621.0	15766.0
622.0	15659.0
623.0	15256.0
624.0	16147.0
625.0	15542.0
626.0	16208.0
627.0	16155.0
628.0	15631.0
629.0	15875.0
630.0	15834.0
631.0	15582.0
632.0	15273.0
633.0	15862.0
634.0	15256.0
635.0	15598.0
636.0	15076.0
637.0	15665.0
638.0	15551.0
639.0	15502.0
640.0	15105.0
641.0	15629.0
642.0	16009.0
643.0	15657.0
644.0	16031.0
645.0	16041.0
646.0	16223.0
647.0	15780.0
648.0	15947.0
649.0	15513.0
650.0	15980.0
651.0	16110.0
652.0	15926.0
653.0	15993.0
654.0	15847.0
655.0	15208.0
656.0	15443.0
657.0	16345.0
658.0	16130.0
659.0	15449.0
660.0	16289.0
661.0	16274.0
662.0	16223.0
663.0	16403.0
664.0	15859.0
665.0	15877.0
666.0	15820.0
667.0	16110.0
668.0	15355.0
669.0	16417.0
670.0	15551.0
671.0	15968.0
672.0	15827.0
673.0	15436.0
674.0	16406.0
675.0	15675.0
676.0	15415.0
677.0	15731.0
678.0	15448.0
679.0	16007.0
680.0	15098.0
681.0	15586.0
682.0	15794.0
683.0	15643.0
684.0	15709.0
685.0	15694.0
686.0	15715.0
687.0	16109.0
688.0	15554.0
689.0	16207.0
690.0	15512.0
691.0	15963.0
692.0	15921.0
693.0	15452.0
694.0	16071.0
695.0	15366.0
696.0	15627.0
697.0	16052.0
698.0	15797.0
699.0	16004.0
700.0	15977.0
701.0	15739.0
702.0	15964.0
703.0	15871.0
704.0	15734.0
705.0	15666.0
706.0	16018.0
707.0	15564.0
708.0	16285.0
709.0	15220.0
710.0	15527.0
711.0	15656.0
712.0	15829.0
713.0	15118.0
714.0	15747.0
715.0	15484.0
716.0	16139.0
717.0	15487.0
718.0	15405.0
719.0	15546.0
720.0	15769.0
721.0	15283.0
722.0	16254.0
723.0	15637.0
724.0	15723.0
725.0	15843.0
726.0	15394.0
727.0	15210.0
728.0	15605.0
729.0	15408.0
730.0	15923.0
731.0	15509.0
732.0	15473.0
733.0	16009.0
734.0	15833.0
735.0	15936.0
736.0	15597.0
737.0	16068.0
738.0	15699.0
739.0	16026.0
740.0	15851.0
741.0	15820.0
742.0	14986.0
743.0	15586.0
744.0	15171.0
745.0	15880.0
746.0	15917.0
747.0	15789.0
748.0	16097.0
749.0	15587.0
750.0	15865.0
751.0	15887.0
752.0	15697.0
753.0	15903.0
754.0	15826.0
755.0	15501.0
756.0	15778.0
757.0	15153.0
758.0	15552.0
759.0	15813.0
760.0	15350.0
761.0	15644.0
762.0	15635.0
763.0	16436.0
764.0	15835.0
765.0	15675.0
766.0	15200.0
767.0	15271.0
768.0	15694.0
769.0	16018.0
770.0	15806.0
771.0	15415.0
772.0	15376.0
773.0	16068.0
774.0	15671.0
775.0	15004.0
776.0	16032.0
777.0	16018.0
778.0	15211.0
779.0	15671.0
780.0	15390.0
781.0	15552.0
782.0	15906.0
783.0	15042.0
784.0	15615.0
785.0	15586.0
786.0	15356.0
787.0	15742.0
788.0	15799.0
789.0	15892.0
790.0	15292.0
791.0	15552.0
792.0	15278.0
793.0	15513.0
794.0	15913.0
795.0	16209.0
796.0	15722.0
797.0	15331.0
798.0	15845.0
799.0	15807.0
800.0	15641.0
