$itime = 500
$wv_start = 190.0
$hv = 1000
$grating = 2 1200 g/mm BLZ= 500  nm
$x_amps = 10
$x_volts = 45
$sample = DB2340
$date = 2023-07-05
$temp = 342.0
$wv_stop = 800.0
$time = 12:22:08.536000
$wv_step = 1.0
190.0	13057.0
191.0	13189.0
192.0	13070.0
193.0	12957.0
194.0	12831.0
195.0	13242.0
196.0	13146.0
197.0	12625.0
198.0	13396.0
199.0	13368.0
200.0	13153.0
201.0	12732.0
202.0	13341.0
203.0	13163.0
204.0	13031.0
205.0	12998.0
206.0	13176.0
207.0	13070.0
208.0	12928.0
209.0	13251.0
210.0	13260.0
211.0	12963.0
212.0	13188.0
213.0	12900.0
214.0	13388.0
215.0	13377.0
216.0	12729.0
217.0	13174.0
218.0	13200.0
219.0	13398.0
220.0	13392.0
221.0	12903.0
222.0	13188.0
223.0	13082.0
224.0	12963.0
225.0	13031.0
226.0	13433.0
227.0	13330.0
228.0	12793.0
229.0	12725.0
230.0	13143.0
231.0	13120.0
232.0	12427.0
233.0	12779.0
234.0	13195.0
235.0	12859.0
236.0	12487.0
237.0	12826.0
238.0	12951.0
239.0	12792.0
240.0	12834.0
241.0	13018.0
242.0	12992.0
243.0	13083.0
244.0	12810.0
245.0	13323.0
246.0	13831.0
247.0	12867.0
248.0	13233.0
249.0	12873.0
250.0	13245.0
251.0	13125.0
252.0	13046.0
253.0	13367.0
254.0	13603.0
255.0	13179.0
256.0	13308.0
257.0	13070.0
258.0	13135.0
259.0	13036.0
260.0	13424.0
261.0	12904.0
262.0	13122.0
263.0	13036.0
264.0	13220.0
265.0	13599.0
266.0	13206.0
267.0	13112.0
268.0	13674.0
269.0	13373.0
270.0	13499.0
271.0	13607.0
272.0	13528.0
273.0	13408.0
274.0	13444.0
275.0	12833.0
276.0	12936.0
277.0	12933.0
278.0	12786.0
279.0	13521.0
280.0	13148.0
281.0	12969.0
282.0	13370.0
283.0	13276.0
284.0	12682.0
285.0	12786.0
286.0	13156.0
287.0	13740.0
288.0	13054.0
289.0	13544.0
290.0	13001.0
291.0	13277.0
292.0	13228.0
293.0	12912.0
294.0	12956.0
295.0	13302.0
296.0	13176.0
297.0	12866.0
298.0	12904.0
299.0	13251.0
300.0	12840.0
301.0	13003.0
302.0	13315.0
303.0	13147.0
304.0	13330.0
305.0	13314.0
306.0	13630.0
307.0	13376.0
308.0	13164.0
309.0	13122.0
310.0	13136.0
311.0	13601.0
312.0	13360.0
313.0	13704.0
314.0	13320.0
315.0	13511.0
316.0	13191.0
317.0	13174.0
318.0	13258.0
319.0	12991.0
320.0	13347.0
321.0	13434.0
322.0	12826.0
323.0	12634.0
324.0	13145.0
325.0	13268.0
326.0	12439.0
327.0	13046.0
328.0	13457.0
329.0	13294.0
330.0	13280.0
331.0	13156.0
332.0	13181.0
333.0	13129.0
334.0	13036.0
335.0	13335.0
336.0	13211.0
337.0	13007.0
338.0	13156.0
339.0	13058.0
340.0	12755.0
341.0	13821.0
342.0	13082.0
343.0	13323.0
344.0	13281.0
345.0	13268.0
346.0	13411.0
347.0	13374.0
348.0	12906.0
349.0	13393.0
350.0	12921.0
351.0	12929.0
352.0	13232.0
353.0	13285.0
354.0	12937.0
355.0	12885.0
356.0	13088.0
357.0	12925.0
358.0	12861.0
359.0	12840.0
360.0	13058.0
361.0	12575.0
362.0	13124.0
363.0	13282.0
364.0	13350.0
365.0	13115.0
366.0	13095.0
367.0	13276.0
368.0	12737.0
369.0	12717.0
370.0	12861.0
371.0	13087.0
372.0	13038.0
373.0	13281.0
374.0	12925.0
375.0	13142.0
376.0	13067.0
377.0	12932.0
378.0	12960.0
379.0	13009.0
380.0	13229.0
381.0	12979.0
382.0	13067.0
383.0	13228.0
384.0	13143.0
385.0	13104.0
386.0	13310.0
387.0	13063.0
388.0	13070.0
389.0	13143.0
390.0	13542.0
391.0	12981.0
392.0	13110.0
393.0	12754.0
394.0	12576.0
395.0	13085.0
396.0	12692.0
397.0	13030.0
398.0	13540.0
399.0	13048.0
400.0	13221.0
401.0	13088.0
402.0	13475.0
403.0	13376.0
404.0	13032.0
405.0	13566.0
406.0	13256.0
407.0	12649.0
408.0	13136.0
409.0	13211.0
410.0	12875.0
411.0	13173.0
412.0	13048.0
413.0	12906.0
414.0	13409.0
415.0	13518.0
416.0	12906.0
417.0	12953.0
418.0	12998.0
419.0	12765.0
420.0	13088.0
421.0	13373.0
422.0	12827.0
423.0	13545.0
424.0	13422.0
425.0	12959.0
426.0	12990.0
427.0	12575.0
428.0	13081.0
429.0	13055.0
430.0	12883.0
431.0	13584.0
432.0	13288.0
433.0	12892.0
434.0	13095.0
435.0	13147.0
436.0	12886.0
437.0	12808.0
438.0	13367.0
439.0	12638.0
440.0	12610.0
441.0	12624.0
442.0	12840.0
443.0	13120.0
444.0	13112.0
445.0	13283.0
446.0	12481.0
447.0	13107.0
448.0	12900.0
449.0	13501.0
450.0	13567.0
451.0	12872.0
452.0	13018.0
453.0	13121.0
454.0	13149.0
455.0	13036.0
456.0	12805.0
457.0	12697.0
458.0	13268.0
459.0	12947.0
460.0	12985.0
461.0	13432.0
462.0	13333.0
463.0	13050.0
464.0	13221.0
465.0	12954.0
466.0	13362.0
467.0	13114.0
468.0	12950.0
469.0	13360.0
470.0	12903.0
471.0	12921.0
472.0	13584.0
473.0	12671.0
474.0	13342.0
475.0	13265.0
476.0	13298.0
477.0	13135.0
478.0	13137.0
479.0	13130.0
480.0	13766.0
481.0	12946.0
482.0	13224.0
483.0	13540.0
484.0	12801.0
485.0	13233.0
486.0	13060.0
487.0	12890.0
488.0	13072.0
489.0	13143.0
490.0	13156.0
491.0	13053.0
492.0	13628.0
493.0	12478.0
494.0	13280.0
495.0	13505.0
496.0	12828.0
497.0	13435.0
498.0	13178.0
499.0	13055.0
500.0	13578.0
501.0	13287.0
502.0	13125.0
503.0	13107.0
504.0	12968.0
505.0	13067.0
506.0	13274.0
507.0	13464.0
508.0	13502.0
509.0	13220.0
510.0	13332.0
511.0	13276.0
512.0	13271.0
513.0	12563.0
514.0	13221.0
515.0	13018.0
516.0	13115.0
517.0	12946.0
518.0	12946.0
519.0	12839.0
520.0	13223.0
521.0	13041.0
522.0	12841.0
523.0	12684.0
524.0	13139.0
525.0	12667.0
526.0	13241.0
527.0	13174.0
528.0	12938.0
529.0	13507.0
530.0	12754.0
531.0	13637.0
532.0	13359.0
533.0	13794.0
534.0	13374.0
535.0	13665.0
536.0	13106.0
537.0	13425.0
538.0	12912.0
539.0	12824.0
540.0	13042.0
541.0	13070.0
542.0	13369.0
543.0	13276.0
544.0	13390.0
545.0	13025.0
546.0	13152.0
547.0	12972.0
548.0	13010.0
549.0	13010.0
550.0	12668.0
551.0	13278.0
552.0	12886.0
553.0	13420.0
554.0	13369.0
555.0	12830.0
556.0	13350.0
557.0	12785.0
558.0	13348.0
559.0	13032.0
560.0	12969.0
561.0	13719.0
562.0	13237.0
563.0	13601.0
564.0	13028.0
565.0	13495.0
566.0	13171.0
567.0	13007.0
568.0	13198.0
569.0	12600.0
570.0	14048.0
571.0	12935.0
572.0	13274.0
573.0	13434.0
574.0	12625.0
575.0	13212.0
576.0	13457.0
577.0	12491.0
578.0	13045.0
579.0	13096.0
580.0	13504.0
581.0	13278.0
582.0	12903.0
583.0	12875.0
584.0	13472.0
585.0	13023.0
586.0	12810.0
587.0	12717.0
588.0	13083.0
589.0	12950.0
590.0	13192.0
591.0	12873.0
592.0	12906.0
593.0	13090.0
594.0	12760.0
595.0	13518.0
596.0	13408.0
597.0	13704.0
598.0	13138.0
599.0	13385.0
600.0	12824.0
601.0	12801.0
602.0	13600.0
603.0	13069.0
604.0	13305.0
605.0	13638.0
606.0	13258.0
607.0	13134.0
608.0	13327.0
609.0	12944.0
610.0	13243.0
611.0	13364.0
612.0	12758.0
613.0	13134.0
614.0	13464.0
615.0	12736.0
616.0	12990.0
617.0	13390.0
618.0	13270.0
619.0	12652.0
620.0	13330.0
621.0	13460.0
622.0	13428.0
623.0	13349.0
624.0	13633.0
625.0	13095.0
626.0	12887.0
627.0	12895.0
628.0	13772.0
629.0	12833.0
630.0	13187.0
631.0	12709.0
632.0	12573.0
633.0	13551.0
634.0	13257.0
635.0	13285.0
636.0	13143.0
637.0	13068.0
638.0	12798.0
639.0	12952.0
640.0	13473.0
641.0	13422.0
642.0	13244.0
643.0	13425.0
644.0	12950.0
645.0	13278.0
646.0	13178.0
647.0	13369.0
648.0	13057.0
649.0	12872.0
650.0	13050.0
651.0	13023.0
652.0	12733.0
653.0	13175.0
654.0	12957.0
655.0	13324.0
656.0	13260.0
657.0	13730.0
658.0	13416.0
659.0	13446.0
660.0	13118.0
661.0	13304.0
662.0	13475.0
663.0	13305.0
664.0	13392.0
665.0	12929.0
666.0	13170.0
667.0	13274.0
668.0	13150.0
669.0	12738.0
670.0	12922.0
671.0	12758.0
672.0	13044.0
673.0	12999.0
674.0	13581.0
675.0	13079.0
676.0	13151.0
677.0	12977.0
678.0	13586.0
679.0	13320.0
680.0	13525.0
681.0	13433.0
682.0	13168.0
683.0	13550.0
684.0	13042.0
685.0	13199.0
686.0	13159.0
687.0	12707.0
688.0	13064.0
689.0	13179.0
690.0	13174.0
691.0	13221.0
692.0	13726.0
693.0	13223.0
694.0	13526.0
695.0	13662.0
696.0	13268.0
697.0	13055.0
698.0	13260.0
699.0	13174.0
700.0	12944.0
701.0	13075.0
702.0	13260.0
703.0	12940.0
704.0	13351.0
705.0	13753.0
706.0	13472.0
707.0	13579.0
708.0	13002.0
709.0	12932.0
710.0	12873.0
711.0	13540.0
712.0	12944.0
713.0	13003.0
714.0	13366.0
715.0	13117.0
716.0	13326.0
717.0	12942.0
718.0	13050.0
719.0	12733.0
720.0	13107.0
721.0	13243.0
722.0	12437.0
723.0	13577.0
724.0	12708.0
725.0	13595.0
726.0	13649.0
727.0	13275.0
728.0	12772.0
729.0	13152.0
730.0	12863.0
731.0	13075.0
732.0	12899.0
733.0	13190.0
734.0	13455.0
735.0	13537.0
736.0	12880.0
737.0	12928.0
738.0	13204.0
739.0	13099.0
740.0	12644.0
741.0	12707.0
742.0	14313.0
743.0	13263.0
744.0	13057.0
745.0	13281.0
746.0	13092.0
747.0	12997.0
748.0	12895.0
749.0	12991.0
750.0	13038.0
751.0	13010.0
752.0	13320.0
753.0	13392.0
754.0	12732.0
755.0	13064.0
756.0	13154.0
757.0	12875.0
758.0	13102.0
759.0	12811.0
760.0	12778.0
761.0	13034.0
762.0	13464.0
763.0	13426.0
764.0	13259.0
765.0	13203.0
766.0	13033.0
767.0	12956.0
768.0	12950.0
769.0	12752.0
770.0	12922.0
771.0	12349.0
772.0	13569.0
773.0	13149.0
774.0	12656.0
775.0	13343.0
776.0	12833.0
777.0	13163.0
778.0	13278.0
779.0	12430.0
780.0	12708.0
781.0	12633.0
782.0	13342.0
783.0	12995.0
784.0	13129.0
785.0	13040.0
786.0	13255.0
787.0	13247.0
788.0	13290.0
789.0	12717.0
790.0	13363.0
791.0	12786.0
792.0	13250.0
793.0	13061.0
794.0	12693.0
795.0	13753.0
796.0	13432.0
797.0	13173.0
798.0	12904.0
799.0	13100.0
800.0	13260.0
