$itime = 500
$wv_start = 190.0
$hv = 1000
$grating = 2 1200 g/mm BLZ= 500  nm
$x_amps = 10
$x_volts = 45
$sample = DB2330
$date = 2023-07-03
$temp = 102.0
$wv_stop = 800.0
$time = 11:54:12.603000
$wv_step = 1.0
190.0	11477.0
191.0	11852.0
192.0	11009.0
193.0	11727.0
194.0	11997.0
195.0	11622.0
196.0	11678.0
197.0	11640.0
198.0	11489.0
199.0	11812.0
200.0	11669.0
201.0	11362.0
202.0	11608.0
203.0	11325.0
204.0	11742.0
205.0	11514.0
206.0	11632.0
207.0	11664.0
208.0	11402.0
209.0	11398.0
210.0	11877.0
211.0	11619.0
212.0	12029.0
213.0	11650.0
214.0	11517.0
215.0	11282.0
216.0	11570.0
217.0	11477.0
218.0	11611.0
219.0	11061.0
220.0	11158.0
221.0	12181.0
222.0	11571.0
223.0	11790.0
224.0	11440.0
225.0	11461.0
226.0	11254.0
227.0	11618.0
228.0	11572.0
229.0	11399.0
230.0	11189.0
231.0	11703.0
232.0	11469.0
233.0	11911.0
234.0	11821.0
235.0	11129.0
236.0	11518.0
237.0	11780.0
238.0	11212.0
239.0	11360.0
240.0	11720.0
241.0	10970.0
242.0	11449.0
243.0	11741.0
244.0	11458.0
245.0	11526.0
246.0	11684.0
247.0	11512.0
248.0	12227.0
249.0	11484.0
250.0	11492.0
251.0	11585.0
252.0	12016.0
253.0	11512.0
254.0	11376.0
255.0	11753.0
256.0	11684.0
257.0	11927.0
258.0	11910.0
259.0	11038.0
260.0	11855.0
261.0	11498.0
262.0	11044.0
263.0	11399.0
264.0	11789.0
265.0	11369.0
266.0	10936.0
267.0	10909.0
268.0	11921.0
269.0	11291.0
270.0	11751.0
271.0	11561.0
272.0	12039.0
273.0	11587.0
274.0	11591.0
275.0	11908.0
276.0	11954.0
277.0	11693.0
278.0	11485.0
279.0	11452.0
280.0	11810.0
281.0	11754.0
282.0	11689.0
283.0	11146.0
284.0	11674.0
285.0	11741.0
286.0	11880.0
287.0	11654.0
288.0	11720.0
289.0	11375.0
290.0	11277.0
291.0	12207.0
292.0	12005.0
293.0	11773.0
294.0	11212.0
295.0	11526.0
296.0	11526.0
297.0	12027.0
298.0	11663.0
299.0	11429.0
300.0	11284.0
301.0	11806.0
302.0	11468.0
303.0	11994.0
304.0	11990.0
305.0	11820.0
306.0	12565.0
307.0	11733.0
308.0	11527.0
309.0	11853.0
310.0	11679.0
311.0	11581.0
312.0	11837.0
313.0	11710.0
314.0	11226.0
315.0	11471.0
316.0	11265.0
317.0	11829.0
318.0	11669.0
319.0	11689.0
320.0	12081.0
321.0	12080.0
322.0	11477.0
323.0	11216.0
324.0	11351.0
325.0	11236.0
326.0	11411.0
327.0	11517.0
328.0	11361.0
329.0	11665.0
330.0	12079.0
331.0	12361.0
332.0	11776.0
333.0	11854.0
334.0	11172.0
335.0	11333.0
336.0	11559.0
337.0	11365.0
338.0	11518.0
339.0	11941.0
340.0	11537.0
341.0	11829.0
342.0	11457.0
343.0	11610.0
344.0	11762.0
345.0	11448.0
346.0	11341.0
347.0	11857.0
348.0	11461.0
349.0	11245.0
350.0	11571.0
351.0	11477.0
352.0	11839.0
353.0	11453.0
354.0	11788.0
355.0	11395.0
356.0	11316.0
357.0	11682.0
358.0	11689.0
359.0	11905.0
360.0	11676.0
361.0	11403.0
362.0	11499.0
363.0	12116.0
364.0	11795.0
365.0	11394.0
366.0	11570.0
367.0	12167.0
368.0	11573.0
369.0	11262.0
370.0	11569.0
371.0	11683.0
372.0	11545.0
373.0	11693.0
374.0	11624.0
375.0	11411.0
376.0	11683.0
377.0	12248.0
378.0	11570.0
379.0	11658.0
380.0	11740.0
381.0	12194.0
382.0	11663.0
383.0	11444.0
384.0	11470.0
385.0	11446.0
386.0	11691.0
387.0	11802.0
388.0	11488.0
389.0	11533.0
390.0	12170.0
391.0	12061.0
392.0	11856.0
393.0	11375.0
394.0	11868.0
395.0	11842.0
396.0	11401.0
397.0	12222.0
398.0	11208.0
399.0	11632.0
400.0	11264.0
401.0	11394.0
402.0	11678.0
403.0	11658.0
404.0	11472.0
405.0	11693.0
406.0	11412.0
407.0	12077.0
408.0	11461.0
409.0	11650.0
410.0	11839.0
411.0	11610.0
412.0	11139.0
413.0	11522.0
414.0	11509.0
415.0	11694.0
416.0	11805.0
417.0	11858.0
418.0	12015.0
419.0	11789.0
420.0	11824.0
421.0	11744.0
422.0	11130.0
423.0	11390.0
424.0	11479.0
425.0	11733.0
426.0	11612.0
427.0	11740.0
428.0	11468.0
429.0	11378.0
430.0	11043.0
431.0	11914.0
432.0	11598.0
433.0	11674.0
434.0	11619.0
435.0	11923.0
436.0	11229.0
437.0	11632.0
438.0	12100.0
439.0	11787.0
440.0	11750.0
441.0	11740.0
442.0	11832.0
443.0	11674.0
444.0	11910.0
445.0	11499.0
446.0	11383.0
447.0	11674.0
448.0	11394.0
449.0	11434.0
450.0	11605.0
451.0	11577.0
452.0	11569.0
453.0	11333.0
454.0	11225.0
455.0	11623.0
456.0	11743.0
457.0	11781.0
458.0	11888.0
459.0	12009.0
460.0	11868.0
461.0	12146.0
462.0	11677.0
463.0	12047.0
464.0	11605.0
465.0	11952.0
466.0	12118.0
467.0	11979.0
468.0	11656.0
469.0	12178.0
470.0	12063.0
471.0	11738.0
472.0	12082.0
473.0	11786.0
474.0	11651.0
475.0	11774.0
476.0	11676.0
477.0	12369.0
478.0	11985.0
479.0	12295.0
480.0	12758.0
481.0	12882.0
482.0	12862.0
483.0	12446.0
484.0	12129.0
485.0	11707.0
486.0	11570.0
487.0	12953.0
488.0	12156.0
489.0	11989.0
490.0	11924.0
491.0	12169.0
492.0	12343.0
493.0	12547.0
494.0	11692.0
495.0	12292.0
496.0	12390.0
497.0	12762.0
498.0	12062.0
499.0	12336.0
500.0	12143.0
501.0	13278.0
502.0	13000.0
503.0	12773.0
504.0	13265.0
505.0	12867.0
506.0	12623.0
507.0	12043.0
508.0	12118.0
509.0	12309.0
510.0	12348.0
511.0	12699.0
512.0	11903.0
513.0	12497.0
514.0	12310.0
515.0	12877.0
516.0	12271.0
517.0	11730.0
518.0	12267.0
519.0	12333.0
520.0	12044.0
521.0	12270.0
522.0	12033.0
523.0	12245.0
524.0	12097.0
525.0	12230.0
526.0	12727.0
527.0	12133.0
528.0	11975.0
529.0	12403.0
530.0	12237.0
531.0	12471.0
532.0	11766.0
533.0	12725.0
534.0	11704.0
535.0	12179.0
536.0	12197.0
537.0	12215.0
538.0	12213.0
539.0	12538.0
540.0	11985.0
541.0	11900.0
542.0	11990.0
543.0	12160.0
544.0	12021.0
545.0	11558.0
546.0	11603.0
547.0	12342.0
548.0	12120.0
549.0	11919.0
550.0	12162.0
551.0	11689.0
552.0	11320.0
553.0	11760.0
554.0	11975.0
555.0	11787.0
556.0	11839.0
557.0	11970.0
558.0	12048.0
559.0	11492.0
560.0	11915.0
561.0	12095.0
562.0	11835.0
563.0	11558.0
564.0	11831.0
565.0	11849.0
566.0	11592.0
567.0	12113.0
568.0	11836.0
569.0	11902.0
570.0	11883.0
571.0	11404.0
572.0	12134.0
573.0	11905.0
574.0	12029.0
575.0	11866.0
576.0	11894.0
577.0	11446.0
578.0	11975.0
579.0	12105.0
580.0	11198.0
581.0	11970.0
582.0	11764.0
583.0	11669.0
584.0	11614.0
585.0	11789.0
586.0	11460.0
587.0	12033.0
588.0	11793.0
589.0	12227.0
590.0	11848.0
591.0	11711.0
592.0	11462.0
593.0	11845.0
594.0	12039.0
595.0	11221.0
596.0	11889.0
597.0	12206.0
598.0	11925.0
599.0	11849.0
600.0	11047.0
601.0	11806.0
602.0	11733.0
603.0	11965.0
604.0	11305.0
605.0	11461.0
606.0	11623.0
607.0	11751.0
608.0	11884.0
609.0	11355.0
610.0	12039.0
611.0	11720.0
612.0	11439.0
613.0	11237.0
614.0	11401.0
615.0	11849.0
616.0	11913.0
617.0	11692.0
618.0	11693.0
619.0	11395.0
620.0	11921.0
621.0	11742.0
622.0	11989.0
623.0	11780.0
624.0	11876.0
625.0	11542.0
626.0	11888.0
627.0	11797.0
628.0	11632.0
629.0	12224.0
630.0	11477.0
631.0	11514.0
632.0	11600.0
633.0	11601.0
634.0	11914.0
635.0	11627.0
636.0	11030.0
637.0	11550.0
638.0	11357.0
639.0	11548.0
640.0	11432.0
641.0	12036.0
642.0	11424.0
643.0	11704.0
644.0	11512.0
645.0	11998.0
646.0	11691.0
647.0	11693.0
648.0	11520.0
649.0	11914.0
650.0	11122.0
651.0	11763.0
652.0	11868.0
653.0	12016.0
654.0	11908.0
655.0	11390.0
656.0	11414.0
657.0	11834.0
658.0	11910.0
659.0	11616.0
660.0	11878.0
661.0	11843.0
662.0	11910.0
663.0	11811.0
664.0	12136.0
665.0	12046.0
666.0	12116.0
667.0	11695.0
668.0	11593.0
669.0	11729.0
670.0	11554.0
671.0	11211.0
672.0	11934.0
673.0	11909.0
674.0	11886.0
675.0	11161.0
676.0	11520.0
677.0	11763.0
678.0	11291.0
679.0	11951.0
680.0	11714.0
681.0	11804.0
682.0	11406.0
683.0	11462.0
684.0	11446.0
685.0	12129.0
686.0	11780.0
687.0	12032.0
688.0	11501.0
689.0	11990.0
690.0	11200.0
691.0	11550.0
692.0	11508.0
693.0	12105.0
694.0	11564.0
695.0	12206.0
696.0	11636.0
697.0	10993.0
698.0	12043.0
699.0	11611.0
700.0	11314.0
701.0	11486.0
702.0	11410.0
703.0	11527.0
704.0	11744.0
705.0	11495.0
706.0	11337.0
707.0	11781.0
708.0	11774.0
709.0	11524.0
710.0	11264.0
711.0	11641.0
712.0	11536.0
713.0	11598.0
714.0	11450.0
715.0	11590.0
716.0	11523.0
717.0	11461.0
718.0	11605.0
719.0	11581.0
720.0	11968.0
721.0	11149.0
722.0	11679.0
723.0	11484.0
724.0	11605.0
725.0	11852.0
726.0	10859.0
727.0	11424.0
728.0	11935.0
729.0	11490.0
730.0	11457.0
731.0	11131.0
732.0	11530.0
733.0	11733.0
734.0	11799.0
735.0	11426.0
736.0	11439.0
737.0	11293.0
738.0	11607.0
739.0	11558.0
740.0	11785.0
741.0	11753.0
742.0	11390.0
743.0	11516.0
744.0	11600.0
745.0	11321.0
746.0	11836.0
747.0	11816.0
748.0	12042.0
749.0	11477.0
750.0	11402.0
751.0	11234.0
752.0	12134.0
753.0	11679.0
754.0	11242.0
755.0	11792.0
756.0	11698.0
757.0	11705.0
758.0	11499.0
759.0	11578.0
760.0	11647.0
761.0	11643.0
762.0	11533.0
763.0	11418.0
764.0	11175.0
765.0	11224.0
766.0	11429.0
767.0	11639.0
768.0	11978.0
769.0	11009.0
770.0	12188.0
771.0	11687.0
772.0	11333.0
773.0	11671.0
774.0	11493.0
775.0	11397.0
776.0	11887.0
777.0	11730.0
778.0	11569.0
779.0	11172.0
780.0	11411.0
781.0	11602.0
782.0	11755.0
783.0	11362.0
784.0	11361.0
785.0	11990.0
786.0	11783.0
787.0	11471.0
788.0	11232.0
789.0	11463.0
790.0	11533.0
791.0	12320.0
792.0	12249.0
793.0	11641.0
794.0	11330.0
795.0	12324.0
796.0	10849.0
797.0	11844.0
798.0	11463.0
799.0	11558.0
800.0	11486.0
