$itime = 500
$wv_start = 190.0
$hv = 1000
$grating = 2 1200 g/mm BLZ= 500  nm
$x_amps = 10
$x_volts = 45
$sample = DB2330
$date = 2023-07-03
$temp = 121.99
$wv_stop = 800.0
$time = 11:54:12.603000
$wv_step = 1.0
190.0	11847.0
191.0	11702.0
192.0	11516.0
193.0	11227.0
194.0	11883.0
195.0	11113.0
196.0	11121.0
197.0	11665.0
198.0	11146.0
199.0	11098.0
200.0	11601.0
201.0	11032.0
202.0	11488.0
203.0	10981.0
204.0	10904.0
205.0	10928.0
206.0	11198.0
207.0	11333.0
208.0	11129.0
209.0	11065.0
210.0	11016.0
211.0	11572.0
212.0	11202.0
213.0	10847.0
214.0	11305.0
215.0	11031.0
216.0	11610.0
217.0	10974.0
218.0	11061.0
219.0	10836.0
220.0	11714.0
221.0	11245.0
222.0	11281.0
223.0	11431.0
224.0	11597.0
225.0	11360.0
226.0	11189.0
227.0	11102.0
228.0	10999.0
229.0	11259.0
230.0	10976.0
231.0	11068.0
232.0	11632.0
233.0	11707.0
234.0	11164.0
235.0	11661.0
236.0	11463.0
237.0	11379.0
238.0	11664.0
239.0	11048.0
240.0	11072.0
241.0	11669.0
242.0	11267.0
243.0	11402.0
244.0	11226.0
245.0	11225.0
246.0	10981.0
247.0	11577.0
248.0	11084.0
249.0	11528.0
250.0	11635.0
251.0	11581.0
252.0	11112.0
253.0	11270.0
254.0	11581.0
255.0	11351.0
256.0	10910.0
257.0	11115.0
258.0	11030.0
259.0	11595.0
260.0	11186.0
261.0	10999.0
262.0	11302.0
263.0	11790.0
264.0	11024.0
265.0	11209.0
266.0	11407.0
267.0	11499.0
268.0	11704.0
269.0	11061.0
270.0	11184.0
271.0	10843.0
272.0	11563.0
273.0	12116.0
274.0	11592.0
275.0	11265.0
276.0	11606.0
277.0	11775.0
278.0	11348.0
279.0	11092.0
280.0	11705.0
281.0	11607.0
282.0	11435.0
283.0	11904.0
284.0	12020.0
285.0	12217.0
286.0	11200.0
287.0	10926.0
288.0	11275.0
289.0	12069.0
290.0	11399.0
291.0	11353.0
292.0	11396.0
293.0	11356.0
294.0	11862.0
295.0	11271.0
296.0	11960.0
297.0	11919.0
298.0	11493.0
299.0	11273.0
300.0	10966.0
301.0	11371.0
302.0	11217.0
303.0	11427.0
304.0	11361.0
305.0	11111.0
306.0	11459.0
307.0	11570.0
308.0	11123.0
309.0	11028.0
310.0	11520.0
311.0	11377.0
312.0	11979.0
313.0	11184.0
314.0	11904.0
315.0	11826.0
316.0	11568.0
317.0	11690.0
318.0	11360.0
319.0	11077.0
320.0	11739.0
321.0	11362.0
322.0	11653.0
323.0	11804.0
324.0	11926.0
325.0	11540.0
326.0	11206.0
327.0	11634.0
328.0	11584.0
329.0	11476.0
330.0	11510.0
331.0	11355.0
332.0	11884.0
333.0	11411.0
334.0	11890.0
335.0	11092.0
336.0	11477.0
337.0	11569.0
338.0	11533.0
339.0	10983.0
340.0	12074.0
341.0	11597.0
342.0	11338.0
343.0	11342.0
344.0	11710.0
345.0	11488.0
346.0	11332.0
347.0	11485.0
348.0	11202.0
349.0	11415.0
350.0	10949.0
351.0	11234.0
352.0	11539.0
353.0	11347.0
354.0	11001.0
355.0	11814.0
356.0	11468.0
357.0	11318.0
358.0	11537.0
359.0	10838.0
360.0	11191.0
361.0	11530.0
362.0	11396.0
363.0	11583.0
364.0	11436.0
365.0	11174.0
366.0	11441.0
367.0	11048.0
368.0	10925.0
369.0	11351.0
370.0	11401.0
371.0	11508.0
372.0	11439.0
373.0	11452.0
374.0	11133.0
375.0	11411.0
376.0	11299.0
377.0	11582.0
378.0	10985.0
379.0	11933.0
380.0	11374.0
381.0	11418.0
382.0	11237.0
383.0	11356.0
384.0	11252.0
385.0	11429.0
386.0	10938.0
387.0	11208.0
388.0	11398.0
389.0	11847.0
390.0	11583.0
391.0	11671.0
392.0	11123.0
393.0	11446.0
394.0	11140.0
395.0	11235.0
396.0	11573.0
397.0	11439.0
398.0	11870.0
399.0	11170.0
400.0	11333.0
401.0	11689.0
402.0	11679.0
403.0	11181.0
404.0	11108.0
405.0	11308.0
406.0	11676.0
407.0	11495.0
408.0	11587.0
409.0	11186.0
410.0	10999.0
411.0	11614.0
412.0	11806.0
413.0	11218.0
414.0	11586.0
415.0	11299.0
416.0	12153.0
417.0	11173.0
418.0	11247.0
419.0	11529.0
420.0	11539.0
421.0	11441.0
422.0	11525.0
423.0	11465.0
424.0	11977.0
425.0	11092.0
426.0	11139.0
427.0	11481.0
428.0	11520.0
429.0	12028.0
430.0	11008.0
431.0	11499.0
432.0	11490.0
433.0	11789.0
434.0	11268.0
435.0	11452.0
436.0	11390.0
437.0	11220.0
438.0	11780.0
439.0	11731.0
440.0	10973.0
441.0	11232.0
442.0	11506.0
443.0	11917.0
444.0	11138.0
445.0	11130.0
446.0	11109.0
447.0	11628.0
448.0	11377.0
449.0	11509.0
450.0	11526.0
451.0	11204.0
452.0	11185.0
453.0	11159.0
454.0	11474.0
455.0	11351.0
456.0	11380.0
457.0	11723.0
458.0	12046.0
459.0	11506.0
460.0	11906.0
461.0	11439.0
462.0	11684.0
463.0	11314.0
464.0	11610.0
465.0	11814.0
466.0	12046.0
467.0	11452.0
468.0	11493.0
469.0	12155.0
470.0	11109.0
471.0	11853.0
472.0	11605.0
473.0	11535.0
474.0	11214.0
475.0	11682.0
476.0	11799.0
477.0	12084.0
478.0	12481.0
479.0	12577.0
480.0	13459.0
481.0	12554.0
482.0	12864.0
483.0	12446.0
484.0	12033.0
485.0	11952.0
486.0	12067.0
487.0	11988.0
488.0	12389.0
489.0	11858.0
490.0	12087.0
491.0	11841.0
492.0	12097.0
493.0	12319.0
494.0	11725.0
495.0	12030.0
496.0	12259.0
497.0	11932.0
498.0	12323.0
499.0	12248.0
500.0	12694.0
501.0	12309.0
502.0	13165.0
503.0	13114.0
504.0	12524.0
505.0	12469.0
506.0	12663.0
507.0	12808.0
508.0	11755.0
509.0	12527.0
510.0	12240.0
511.0	12394.0
512.0	12414.0
513.0	12057.0
514.0	11888.0
515.0	12570.0
516.0	11410.0
517.0	11888.0
518.0	12006.0
519.0	12139.0
520.0	11936.0
521.0	11980.0
522.0	11966.0
523.0	11815.0
524.0	12313.0
525.0	12077.0
526.0	11998.0
527.0	11672.0
528.0	12097.0
529.0	12235.0
530.0	11677.0
531.0	11744.0
532.0	11742.0
533.0	11541.0
534.0	12296.0
535.0	12383.0
536.0	11904.0
537.0	11691.0
538.0	11662.0
539.0	11542.0
540.0	11821.0
541.0	12016.0
542.0	11722.0
543.0	12120.0
544.0	11975.0
545.0	12201.0
546.0	12008.0
547.0	12491.0
548.0	11348.0
549.0	11600.0
550.0	11694.0
551.0	12232.0
552.0	11959.0
553.0	11658.0
554.0	12067.0
555.0	11115.0
556.0	11816.0
557.0	11374.0
558.0	11470.0
559.0	11402.0
560.0	12025.0
561.0	11819.0
562.0	11237.0
563.0	11283.0
564.0	11571.0
565.0	11126.0
566.0	11773.0
567.0	11750.0
568.0	11860.0
569.0	11934.0
570.0	11131.0
571.0	11844.0
572.0	11669.0
573.0	11616.0
574.0	11729.0
575.0	11844.0
576.0	11889.0
577.0	11374.0
578.0	11791.0
579.0	11414.0
580.0	11700.0
581.0	11408.0
582.0	11693.0
583.0	11699.0
584.0	11760.0
585.0	11351.0
586.0	11791.0
587.0	11298.0
588.0	11304.0
589.0	11492.0
590.0	11584.0
591.0	11113.0
592.0	11635.0
593.0	11919.0
594.0	11489.0
595.0	11096.0
596.0	11904.0
597.0	11663.0
598.0	11668.0
599.0	10879.0
600.0	12093.0
601.0	12263.0
602.0	11409.0
603.0	11678.0
604.0	11275.0
605.0	11213.0
606.0	11538.0
607.0	11210.0
608.0	11242.0
609.0	11699.0
610.0	10886.0
611.0	11174.0
612.0	11249.0
613.0	10900.0
614.0	11464.0
615.0	11663.0
616.0	11903.0
617.0	11695.0
618.0	11312.0
619.0	11319.0
620.0	11461.0
621.0	11261.0
622.0	11313.0
623.0	11124.0
624.0	11578.0
625.0	11669.0
626.0	11204.0
627.0	11485.0
628.0	11395.0
629.0	11809.0
630.0	11341.0
631.0	11145.0
632.0	10981.0
633.0	11591.0
634.0	11211.0
635.0	10977.0
636.0	10698.0
637.0	11739.0
638.0	11733.0
639.0	11157.0
640.0	11413.0
641.0	11572.0
642.0	11249.0
643.0	11059.0
644.0	11521.0
645.0	11540.0
646.0	11399.0
647.0	12120.0
648.0	10961.0
649.0	11882.0
650.0	11119.0
651.0	11332.0
652.0	11511.0
653.0	11320.0
654.0	11350.0
655.0	10993.0
656.0	11418.0
657.0	11395.0
658.0	11369.0
659.0	11550.0
660.0	11340.0
661.0	11354.0
662.0	11767.0
663.0	11375.0
664.0	11742.0
665.0	11221.0
666.0	11264.0
667.0	11402.0
668.0	11367.0
669.0	11661.0
670.0	11550.0
671.0	11475.0
672.0	11426.0
673.0	11369.0
674.0	11497.0
675.0	11290.0
676.0	11536.0
677.0	11238.0
678.0	11189.0
679.0	11613.0
680.0	11197.0
681.0	11407.0
682.0	11685.0
683.0	11135.0
684.0	10640.0
685.0	11550.0
686.0	11478.0
687.0	11685.0
688.0	11226.0
689.0	11261.0
690.0	11471.0
691.0	11238.0
692.0	11417.0
693.0	11053.0
694.0	11225.0
695.0	11546.0
696.0	11059.0
697.0	11668.0
698.0	11229.0
699.0	11406.0
700.0	11159.0
701.0	11402.0
702.0	11559.0
703.0	11503.0
704.0	11508.0
705.0	11789.0
706.0	11533.0
707.0	11230.0
708.0	11585.0
709.0	11750.0
710.0	11605.0
711.0	11888.0
712.0	11406.0
713.0	11388.0
714.0	11562.0
715.0	11780.0
716.0	11209.0
717.0	11682.0
718.0	11405.0
719.0	11591.0
720.0	11909.0
721.0	11418.0
722.0	11411.0
723.0	11458.0
724.0	11520.0
725.0	11337.0
726.0	11655.0
727.0	11606.0
728.0	11289.0
729.0	11459.0
730.0	11369.0
731.0	11369.0
732.0	11463.0
733.0	11530.0
734.0	11673.0
735.0	11669.0
736.0	11410.0
737.0	11379.0
738.0	11215.0
739.0	11577.0
740.0	11149.0
741.0	11688.0
742.0	11365.0
743.0	11095.0
744.0	11037.0
745.0	11215.0
746.0	11401.0
747.0	11610.0
748.0	11919.0
749.0	11819.0
750.0	11739.0
751.0	11145.0
752.0	11033.0
753.0	11417.0
754.0	11344.0
755.0	11737.0
756.0	10828.0
757.0	11338.0
758.0	11690.0
759.0	11570.0
760.0	11123.0
761.0	11676.0
762.0	11034.0
763.0	11122.0
764.0	11565.0
765.0	11611.0
766.0	11689.0
767.0	11457.0
768.0	11729.0
769.0	11249.0
770.0	11532.0
771.0	11305.0
772.0	11694.0
773.0	11417.0
774.0	11954.0
775.0	10983.0
776.0	11129.0
777.0	11379.0
778.0	11236.0
779.0	11689.0
780.0	11404.0
781.0	11329.0
782.0	11145.0
783.0	11244.0
784.0	10969.0
785.0	11696.0
786.0	11762.0
787.0	11232.0
788.0	11464.0
789.0	11328.0
790.0	11230.0
791.0	11334.0
792.0	11883.0
793.0	12085.0
794.0	11334.0
795.0	11107.0
796.0	10901.0
797.0	11980.0
798.0	11415.0
799.0	11129.0
800.0	11374.0
