$itime = 500
$wv_start = 190.0
$hv = 1000
$grating = 2 1200 g/mm BLZ= 500  nm
$x_amps = 10
$x_volts = 45
$sample = DB2330
$date = 2023-07-03
$temp = 152.01
$wv_stop = 800.0
$time = 11:54:12.603000
$wv_step = 1.0
190.0	11476.0
191.0	11200.0
192.0	11607.0
193.0	10613.0
194.0	11389.0
195.0	10853.0
196.0	10789.0
197.0	11403.0
198.0	11230.0
199.0	11216.0
200.0	10940.0
201.0	11059.0
202.0	11027.0
203.0	10684.0
204.0	11151.0
205.0	11125.0
206.0	11011.0
207.0	11330.0
208.0	11193.0
209.0	10899.0
210.0	11013.0
211.0	10634.0
212.0	11019.0
213.0	11122.0
214.0	11044.0
215.0	10949.0
216.0	11133.0
217.0	11149.0
218.0	10691.0
219.0	10625.0
220.0	11035.0
221.0	10799.0
222.0	11029.0
223.0	11361.0
224.0	10838.0
225.0	10863.0
226.0	10832.0
227.0	11012.0
228.0	10839.0
229.0	11354.0
230.0	11096.0
231.0	11208.0
232.0	10990.0
233.0	11326.0
234.0	11090.0
235.0	10646.0
236.0	11133.0
237.0	11035.0
238.0	11304.0
239.0	11423.0
240.0	11530.0
241.0	11121.0
242.0	11041.0
243.0	11034.0
244.0	10489.0
245.0	11036.0
246.0	11096.0
247.0	11429.0
248.0	10585.0
249.0	10899.0
250.0	11071.0
251.0	11131.0
252.0	11200.0
253.0	11324.0
254.0	11409.0
255.0	11141.0
256.0	10722.0
257.0	11240.0
258.0	10966.0
259.0	10887.0
260.0	11526.0
261.0	11208.0
262.0	11236.0
263.0	11316.0
264.0	11275.0
265.0	11334.0
266.0	11210.0
267.0	11009.0
268.0	10622.0
269.0	10995.0
270.0	11028.0
271.0	10706.0
272.0	11834.0
273.0	11357.0
274.0	11210.0
275.0	11012.0
276.0	11177.0
277.0	11322.0
278.0	11092.0
279.0	11678.0
280.0	11390.0
281.0	10907.0
282.0	11238.0
283.0	10739.0
284.0	11230.0
285.0	11166.0
286.0	11158.0
287.0	11122.0
288.0	11875.0
289.0	11286.0
290.0	11464.0
291.0	10928.0
292.0	11303.0
293.0	11575.0
294.0	10560.0
295.0	10592.0
296.0	11260.0
297.0	11235.0
298.0	11200.0
299.0	11037.0
300.0	11393.0
301.0	11515.0
302.0	10985.0
303.0	11137.0
304.0	11197.0
305.0	11040.0
306.0	11099.0
307.0	11024.0
308.0	10730.0
309.0	11134.0
310.0	11119.0
311.0	11074.0
312.0	10928.0
313.0	11083.0
314.0	11282.0
315.0	11409.0
316.0	11321.0
317.0	11823.0
318.0	11487.0
319.0	11347.0
320.0	11446.0
321.0	10588.0
322.0	11228.0
323.0	11502.0
324.0	11092.0
325.0	10879.0
326.0	11471.0
327.0	11075.0
328.0	11717.0
329.0	10799.0
330.0	11591.0
331.0	11139.0
332.0	11375.0
333.0	11501.0
334.0	12069.0
335.0	11456.0
336.0	10732.0
337.0	11899.0
338.0	10451.0
339.0	11215.0
340.0	11117.0
341.0	10992.0
342.0	10832.0
343.0	11316.0
344.0	11108.0
345.0	11320.0
346.0	11371.0
347.0	10904.0
348.0	10853.0
349.0	11840.0
350.0	11336.0
351.0	10945.0
352.0	11465.0
353.0	10806.0
354.0	10919.0
355.0	10980.0
356.0	11055.0
357.0	11297.0
358.0	11631.0
359.0	11289.0
360.0	11356.0
361.0	11190.0
362.0	11128.0
363.0	11029.0
364.0	11610.0
365.0	10938.0
366.0	10746.0
367.0	10857.0
368.0	10982.0
369.0	10666.0
370.0	10511.0
371.0	10936.0
372.0	10985.0
373.0	11166.0
374.0	10949.0
375.0	11149.0
376.0	10968.0
377.0	10716.0
378.0	10936.0
379.0	11561.0
380.0	11308.0
381.0	10827.0
382.0	11104.0
383.0	11012.0
384.0	11369.0
385.0	11078.0
386.0	11037.0
387.0	10944.0
388.0	11030.0
389.0	11230.0
390.0	11248.0
391.0	11202.0
392.0	10945.0
393.0	10584.0
394.0	11019.0
395.0	10666.0
396.0	11305.0
397.0	10864.0
398.0	10992.0
399.0	11263.0
400.0	10854.0
401.0	11486.0
402.0	10923.0
403.0	11046.0
404.0	10885.0
405.0	10431.0
406.0	10969.0
407.0	11108.0
408.0	10951.0
409.0	10631.0
410.0	11257.0
411.0	11214.0
412.0	11166.0
413.0	10952.0
414.0	10587.0
415.0	10864.0
416.0	11383.0
417.0	11267.0
418.0	10886.0
419.0	11302.0
420.0	11133.0
421.0	10945.0
422.0	10753.0
423.0	10909.0
424.0	10780.0
425.0	10945.0
426.0	10922.0
427.0	11358.0
428.0	11257.0
429.0	11588.0
430.0	11061.0
431.0	11361.0
432.0	10886.0
433.0	11434.0
434.0	10731.0
435.0	10928.0
436.0	11043.0
437.0	11091.0
438.0	10836.0
439.0	11196.0
440.0	11111.0
441.0	10833.0
442.0	10867.0
443.0	10727.0
444.0	11790.0
445.0	11665.0
446.0	10619.0
447.0	11305.0
448.0	11236.0
449.0	11189.0
450.0	11222.0
451.0	11345.0
452.0	11107.0
453.0	11124.0
454.0	11495.0
455.0	11388.0
456.0	11162.0
457.0	11684.0
458.0	11451.0
459.0	11061.0
460.0	11770.0
461.0	11391.0
462.0	11479.0
463.0	11240.0
464.0	11804.0
465.0	11424.0
466.0	12030.0
467.0	12077.0
468.0	11231.0
469.0	11513.0
470.0	11167.0
471.0	11343.0
472.0	11683.0
473.0	11477.0
474.0	11691.0
475.0	11189.0
476.0	11660.0
477.0	11581.0
478.0	12333.0
479.0	12325.0
480.0	12415.0
481.0	12716.0
482.0	11974.0
483.0	12181.0
484.0	12062.0
485.0	11592.0
486.0	12068.0
487.0	12215.0
488.0	11981.0
489.0	12150.0
490.0	11902.0
491.0	12106.0
492.0	11844.0
493.0	11917.0
494.0	12319.0
495.0	11788.0
496.0	11524.0
497.0	11983.0
498.0	11620.0
499.0	12305.0
500.0	12116.0
501.0	12129.0
502.0	12294.0
503.0	12075.0
504.0	11854.0
505.0	12045.0
506.0	11861.0
507.0	12013.0
508.0	11732.0
509.0	12129.0
510.0	11189.0
511.0	11913.0
512.0	11829.0
513.0	11777.0
514.0	11839.0
515.0	11694.0
516.0	11914.0
517.0	11402.0
518.0	11261.0
519.0	11735.0
520.0	11259.0
521.0	12003.0
522.0	12309.0
523.0	11952.0
524.0	11878.0
525.0	11395.0
526.0	11289.0
527.0	11976.0
528.0	11813.0
529.0	11225.0
530.0	11679.0
531.0	11691.0
532.0	11618.0
533.0	11793.0
534.0	11719.0
535.0	11485.0
536.0	11748.0
537.0	11656.0
538.0	11530.0
539.0	11541.0
540.0	11168.0
541.0	11135.0
542.0	11840.0
543.0	11167.0
544.0	11520.0
545.0	11235.0
546.0	11672.0
547.0	11444.0
548.0	11408.0
549.0	12116.0
550.0	11059.0
551.0	11395.0
552.0	11623.0
553.0	11527.0
554.0	10781.0
555.0	11763.0
556.0	11669.0
557.0	11289.0
558.0	11357.0
559.0	11494.0
560.0	11179.0
561.0	11351.0
562.0	11282.0
563.0	11455.0
564.0	11409.0
565.0	10993.0
566.0	11065.0
567.0	11381.0
568.0	11859.0
569.0	11766.0
570.0	11349.0
571.0	11543.0
572.0	11106.0
573.0	11257.0
574.0	11230.0
575.0	11331.0
576.0	11225.0
577.0	11467.0
578.0	11319.0
579.0	11466.0
580.0	11032.0
581.0	10782.0
582.0	10937.0
583.0	11575.0
584.0	11139.0
585.0	11017.0
586.0	11430.0
587.0	11327.0
588.0	11240.0
589.0	11380.0
590.0	11223.0
591.0	11703.0
592.0	11454.0
593.0	11085.0
594.0	11289.0
595.0	11330.0
596.0	11216.0
597.0	11095.0
598.0	10819.0
599.0	11477.0
600.0	10741.0
601.0	11593.0
602.0	11208.0
603.0	11817.0
604.0	10897.0
605.0	11315.0
606.0	10799.0
607.0	11227.0
608.0	10964.0
609.0	11032.0
610.0	11402.0
611.0	11632.0
612.0	11196.0
613.0	11526.0
614.0	11679.0
615.0	11237.0
616.0	10900.0
617.0	11439.0
618.0	11417.0
619.0	11566.0
620.0	11284.0
621.0	11164.0
622.0	11381.0
623.0	10720.0
624.0	10986.0
625.0	10717.0
626.0	11320.0
627.0	10835.0
628.0	11457.0
629.0	11172.0
630.0	11282.0
631.0	10725.0
632.0	11007.0
633.0	11184.0
634.0	11381.0
635.0	11228.0
636.0	11281.0
637.0	10984.0
638.0	10947.0
639.0	10901.0
640.0	11340.0
641.0	10669.0
642.0	11518.0
643.0	11045.0
644.0	11012.0
645.0	11568.0
646.0	11353.0
647.0	10792.0
648.0	11209.0
649.0	11080.0
650.0	11207.0
651.0	10653.0
652.0	10989.0
653.0	11049.0
654.0	11129.0
655.0	10713.0
656.0	10884.0
657.0	10909.0
658.0	11521.0
659.0	10724.0
660.0	10710.0
661.0	11090.0
662.0	11598.0
663.0	11313.0
664.0	10909.0
665.0	11617.0
666.0	10830.0
667.0	11159.0
668.0	11261.0
669.0	11024.0
670.0	10877.0
671.0	11018.0
672.0	11109.0
673.0	11261.0
674.0	10923.0
675.0	11181.0
676.0	11291.0
677.0	11222.0
678.0	11481.0
679.0	10841.0
680.0	11245.0
681.0	11256.0
682.0	11399.0
683.0	10832.0
684.0	10813.0
685.0	11215.0
686.0	11528.0
687.0	10732.0
688.0	10905.0
689.0	11494.0
690.0	11018.0
691.0	11164.0
692.0	11570.0
693.0	11184.0
694.0	10905.0
695.0	10972.0
696.0	11261.0
697.0	10859.0
698.0	11291.0
699.0	11190.0
700.0	11425.0
701.0	11325.0
702.0	11120.0
703.0	11681.0
704.0	11098.0
705.0	11163.0
706.0	10698.0
707.0	11529.0
708.0	10942.0
709.0	10920.0
710.0	11570.0
711.0	11099.0
712.0	10974.0
713.0	10995.0
714.0	10538.0
715.0	11218.0
716.0	11343.0
717.0	11245.0
718.0	11220.0
719.0	11305.0
720.0	10822.0
721.0	10992.0
722.0	11456.0
723.0	11421.0
724.0	11447.0
725.0	10984.0
726.0	10981.0
727.0	11216.0
728.0	11505.0
729.0	10879.0
730.0	10646.0
731.0	10929.0
732.0	11413.0
733.0	11155.0
734.0	11186.0
735.0	10992.0
736.0	10685.0
737.0	10541.0
738.0	10803.0
739.0	10951.0
740.0	11229.0
741.0	10464.0
742.0	10827.0
743.0	11139.0
744.0	10904.0
745.0	11107.0
746.0	11506.0
747.0	10986.0
748.0	10873.0
749.0	11029.0
750.0	10652.0
751.0	11361.0
752.0	11289.0
753.0	10974.0
754.0	11131.0
755.0	10619.0
756.0	10825.0
757.0	11058.0
758.0	11346.0
759.0	11074.0
760.0	11408.0
761.0	11294.0
762.0	11275.0
763.0	11016.0
764.0	11373.0
765.0	11130.0
766.0	10948.0
767.0	10787.0
768.0	10911.0
769.0	11609.0
770.0	10928.0
771.0	10993.0
772.0	10928.0
773.0	10980.0
774.0	11277.0
775.0	11031.0
776.0	11207.0
777.0	11158.0
778.0	10514.0
779.0	10790.0
780.0	11189.0
781.0	11100.0
782.0	10721.0
783.0	10678.0
784.0	11187.0
785.0	11130.0
786.0	11690.0
787.0	11212.0
788.0	10950.0
789.0	11470.0
790.0	11270.0
791.0	11062.0
792.0	11009.0
793.0	10883.0
794.0	11279.0
795.0	11145.0
796.0	11034.0
797.0	11225.0
798.0	10910.0
799.0	10889.0
800.0	10847.0
