$itime = 500
$wv_start = 190.0
$hv = 1000
$grating = 2 1200 g/mm BLZ= 500  nm
$x_amps = 10
$x_volts = 45
$sample = DB2330
$date = 2023-07-03
$temp = 212.0
$wv_stop = 800.0
$time = 11:54:12.603000
$wv_step = 1.0
190.0	10499.0
191.0	10356.0
192.0	9970.0
193.0	10604.0
194.0	10501.0
195.0	10114.0
196.0	10772.0
197.0	10308.0
198.0	10557.0
199.0	10475.0
200.0	10165.0
201.0	10444.0
202.0	10662.0
203.0	10147.0
204.0	10190.0
205.0	10303.0
206.0	10452.0
207.0	10456.0
208.0	10578.0
209.0	10292.0
210.0	10539.0
211.0	9924.0
212.0	10493.0
213.0	10536.0
214.0	10295.0
215.0	10293.0
216.0	10263.0
217.0	10554.0
218.0	10562.0
219.0	10255.0
220.0	10666.0
221.0	10570.0
222.0	10420.0
223.0	10205.0
224.0	10311.0
225.0	10830.0
226.0	10590.0
227.0	10405.0
228.0	10264.0
229.0	10638.0
230.0	10548.0
231.0	10046.0
232.0	10078.0
233.0	10580.0
234.0	10448.0
235.0	10901.0
236.0	10103.0
237.0	10450.0
238.0	10496.0
239.0	10830.0
240.0	10258.0
241.0	10572.0
242.0	9842.0
243.0	10423.0
244.0	10574.0
245.0	9968.0
246.0	10646.0
247.0	10724.0
248.0	10123.0
249.0	10593.0
250.0	10312.0
251.0	10576.0
252.0	10359.0
253.0	10789.0
254.0	10330.0
255.0	10285.0
256.0	10288.0
257.0	10405.0
258.0	9909.0
259.0	10189.0
260.0	10772.0
261.0	10348.0
262.0	10536.0
263.0	10296.0
264.0	10138.0
265.0	10627.0
266.0	10154.0
267.0	10106.0
268.0	10009.0
269.0	10243.0
270.0	10759.0
271.0	10506.0
272.0	10449.0
273.0	10664.0
274.0	10492.0
275.0	10324.0
276.0	10293.0
277.0	10008.0
278.0	10965.0
279.0	10420.0
280.0	10396.0
281.0	10021.0
282.0	10588.0
283.0	10411.0
284.0	10270.0
285.0	10132.0
286.0	10436.0
287.0	10455.0
288.0	10866.0
289.0	10570.0
290.0	10453.0
291.0	10801.0
292.0	11170.0
293.0	10909.0
294.0	10269.0
295.0	10978.0
296.0	10669.0
297.0	10065.0
298.0	10499.0
299.0	10394.0
300.0	10483.0
301.0	10070.0
302.0	10241.0
303.0	10974.0
304.0	10517.0
305.0	10773.0
306.0	10608.0
307.0	11093.0
308.0	10505.0
309.0	10000.0
310.0	10925.0
311.0	10438.0
312.0	10202.0
313.0	10949.0
314.0	10759.0
315.0	10207.0
316.0	10479.0
317.0	10936.0
318.0	10630.0
319.0	10600.0
320.0	11048.0
321.0	10639.0
322.0	10557.0
323.0	10408.0
324.0	10228.0
325.0	10753.0
326.0	10819.0
327.0	10444.0
328.0	10244.0
329.0	10639.0
330.0	10511.0
331.0	10587.0
332.0	10554.0
333.0	10401.0
334.0	10404.0
335.0	10741.0
336.0	10823.0
337.0	10822.0
338.0	10518.0
339.0	10679.0
340.0	10463.0
341.0	10622.0
342.0	10876.0
343.0	10390.0
344.0	10564.0
345.0	10670.0
346.0	10780.0
347.0	10511.0
348.0	10668.0
349.0	10152.0
350.0	10636.0
351.0	10452.0
352.0	10928.0
353.0	10613.0
354.0	10541.0
355.0	10513.0
356.0	10416.0
357.0	10262.0
358.0	10452.0
359.0	10494.0
360.0	10552.0
361.0	10453.0
362.0	10720.0
363.0	10574.0
364.0	10188.0
365.0	10629.0
366.0	10312.0
367.0	10425.0
368.0	10569.0
369.0	10866.0
370.0	10534.0
371.0	10413.0
372.0	11084.0
373.0	10281.0
374.0	10219.0
375.0	10275.0
376.0	10639.0
377.0	10340.0
378.0	10351.0
379.0	10457.0
380.0	10186.0
381.0	10399.0
382.0	10748.0
383.0	10703.0
384.0	10846.0
385.0	9944.0
386.0	10384.0
387.0	10629.0
388.0	10549.0
389.0	10841.0
390.0	10153.0
391.0	10197.0
392.0	10117.0
393.0	10495.0
394.0	10258.0
395.0	10311.0
396.0	10831.0
397.0	10567.0
398.0	9931.0
399.0	10268.0
400.0	10577.0
401.0	10586.0
402.0	10586.0
403.0	10411.0
404.0	9910.0
405.0	10138.0
406.0	10720.0
407.0	10126.0
408.0	10552.0
409.0	10423.0
410.0	10404.0
411.0	10365.0
412.0	10926.0
413.0	10152.0
414.0	10239.0
415.0	10411.0
416.0	10664.0
417.0	9659.0
418.0	10562.0
419.0	10125.0
420.0	10711.0
421.0	10700.0
422.0	10200.0
423.0	9902.0
424.0	10817.0
425.0	9909.0
426.0	10355.0
427.0	10692.0
428.0	10929.0
429.0	10282.0
430.0	10255.0
431.0	10578.0
432.0	10258.0
433.0	10436.0
434.0	10828.0
435.0	10437.0
436.0	10610.0
437.0	10356.0
438.0	10949.0
439.0	10370.0
440.0	10163.0
441.0	10356.0
442.0	9851.0
443.0	10566.0
444.0	10878.0
445.0	10412.0
446.0	10241.0
447.0	10571.0
448.0	10847.0
449.0	10646.0
450.0	10797.0
451.0	10541.0
452.0	10088.0
453.0	10315.0
454.0	10685.0
455.0	10353.0
456.0	10437.0
457.0	10353.0
458.0	10686.0
459.0	10821.0
460.0	10281.0
461.0	10076.0
462.0	10975.0
463.0	10444.0
464.0	10076.0
465.0	10799.0
466.0	10676.0
467.0	10685.0
468.0	10713.0
469.0	10552.0
470.0	10388.0
471.0	10428.0
472.0	10147.0
473.0	10869.0
474.0	10477.0
475.0	10626.0
476.0	11202.0
477.0	10543.0
478.0	10790.0
479.0	10928.0
480.0	11521.0
481.0	11192.0
482.0	10725.0
483.0	11518.0
484.0	10927.0
485.0	11023.0
486.0	11175.0
487.0	10548.0
488.0	11143.0
489.0	10733.0
490.0	11114.0
491.0	11217.0
492.0	11148.0
493.0	11030.0
494.0	11396.0
495.0	10711.0
496.0	10985.0
497.0	10692.0
498.0	10980.0
499.0	10470.0
500.0	11131.0
501.0	11030.0
502.0	11048.0
503.0	10799.0
504.0	11190.0
505.0	10921.0
506.0	11170.0
507.0	10845.0
508.0	10815.0
509.0	10671.0
510.0	10573.0
511.0	10839.0
512.0	11464.0
513.0	10726.0
514.0	10788.0
515.0	10986.0
516.0	10610.0
517.0	10394.0
518.0	10872.0
519.0	11399.0
520.0	10781.0
521.0	10456.0
522.0	10716.0
523.0	10646.0
524.0	10476.0
525.0	10929.0
526.0	10801.0
527.0	11081.0
528.0	10899.0
529.0	11299.0
530.0	10742.0
531.0	10668.0
532.0	10989.0
533.0	10273.0
534.0	10613.0
535.0	11012.0
536.0	10558.0
537.0	10679.0
538.0	10717.0
539.0	10858.0
540.0	10843.0
541.0	10629.0
542.0	10691.0
543.0	10528.0
544.0	11128.0
545.0	10839.0
546.0	10825.0
547.0	10511.0
548.0	10951.0
549.0	10271.0
550.0	10494.0
551.0	10681.0
552.0	10802.0
553.0	10453.0
554.0	10706.0
555.0	10775.0
556.0	10617.0
557.0	10716.0
558.0	11226.0
559.0	10824.0
560.0	10814.0
561.0	10347.0
562.0	10473.0
563.0	10332.0
564.0	10843.0
565.0	10787.0
566.0	10548.0
567.0	10817.0
568.0	10641.0
569.0	10425.0
570.0	10068.0
571.0	10468.0
572.0	10789.0
573.0	10729.0
574.0	10395.0
575.0	10749.0
576.0	10509.0
577.0	10962.0
578.0	10662.0
579.0	10623.0
580.0	10463.0
581.0	10241.0
582.0	10188.0
583.0	10949.0
584.0	10754.0
585.0	10917.0
586.0	10936.0
587.0	10502.0
588.0	10384.0
589.0	10534.0
590.0	10450.0
591.0	10558.0
592.0	10772.0
593.0	10641.0
594.0	10533.0
595.0	10233.0
596.0	10787.0
597.0	10182.0
598.0	10666.0
599.0	10374.0
600.0	10649.0
601.0	10621.0
602.0	10549.0
603.0	10570.0
604.0	10386.0
605.0	10282.0
606.0	10172.0
607.0	10495.0
608.0	10613.0
609.0	10716.0
610.0	10714.0
611.0	10571.0
612.0	10869.0
613.0	10540.0
614.0	10172.0
615.0	10980.0
616.0	10209.0
617.0	10488.0
618.0	10426.0
619.0	10969.0
620.0	10229.0
621.0	10682.0
622.0	10851.0
623.0	10348.0
624.0	10242.0
625.0	10361.0
626.0	10662.0
627.0	10000.0
628.0	10642.0
629.0	10852.0
630.0	10088.0
631.0	10468.0
632.0	10451.0
633.0	10838.0
634.0	10533.0
635.0	10785.0
636.0	10560.0
637.0	10030.0
638.0	10360.0
639.0	10122.0
640.0	10945.0
641.0	10540.0
642.0	10342.0
643.0	10613.0
644.0	10626.0
645.0	10748.0
646.0	10321.0
647.0	11079.0
648.0	10686.0
649.0	10549.0
650.0	10099.0
651.0	10082.0
652.0	10752.0
653.0	10634.0
654.0	10526.0
655.0	10522.0
656.0	10666.0
657.0	10446.0
658.0	10413.0
659.0	10535.0
660.0	10336.0
661.0	10290.0
662.0	10625.0
663.0	10054.0
664.0	10565.0
665.0	10704.0
666.0	10760.0
667.0	10841.0
668.0	10394.0
669.0	10008.0
670.0	10476.0
671.0	10379.0
672.0	10744.0
673.0	10439.0
674.0	10452.0
675.0	10909.0
676.0	10634.0
677.0	10649.0
678.0	10142.0
679.0	10827.0
680.0	10352.0
681.0	10229.0
682.0	10209.0
683.0	11139.0
684.0	10199.0
685.0	10315.0
686.0	10296.0
687.0	10118.0
688.0	10770.0
689.0	10670.0
690.0	10537.0
691.0	10132.0
692.0	10411.0
693.0	10373.0
694.0	11018.0
695.0	10095.0
696.0	9946.0
697.0	10367.0
698.0	10353.0
699.0	10567.0
700.0	10315.0
701.0	10608.0
702.0	10764.0
703.0	9984.0
704.0	10703.0
705.0	10700.0
706.0	10749.0
707.0	10643.0
708.0	10321.0
709.0	9832.0
710.0	10828.0
711.0	10425.0
712.0	10619.0
713.0	10361.0
714.0	10713.0
715.0	10689.0
716.0	10358.0
717.0	10543.0
718.0	9999.0
719.0	9949.0
720.0	10516.0
721.0	10323.0
722.0	10197.0
723.0	10433.0
724.0	10312.0
725.0	10292.0
726.0	10451.0
727.0	10406.0
728.0	11007.0
729.0	10475.0
730.0	10498.0
731.0	10454.0
732.0	10493.0
733.0	10412.0
734.0	10392.0
735.0	10349.0
736.0	10498.0
737.0	10664.0
738.0	10515.0
739.0	10895.0
740.0	10079.0
741.0	10181.0
742.0	10222.0
743.0	10259.0
744.0	10730.0
745.0	10488.0
746.0	10365.0
747.0	10003.0
748.0	11087.0
749.0	9934.0
750.0	10245.0
751.0	10390.0
752.0	10348.0
753.0	10726.0
754.0	10349.0
755.0	10343.0
756.0	10206.0
757.0	9825.0
758.0	10236.0
759.0	10760.0
760.0	10577.0
761.0	10877.0
762.0	10911.0
763.0	10794.0
764.0	10438.0
765.0	10362.0
766.0	10207.0
767.0	10995.0
768.0	10765.0
769.0	10591.0
770.0	10398.0
771.0	10412.0
772.0	10596.0
773.0	10269.0
774.0	10210.0
775.0	10949.0
776.0	10246.0
777.0	10218.0
778.0	10616.0
779.0	10376.0
780.0	10541.0
781.0	10463.0
782.0	10541.0
783.0	10563.0
784.0	10662.0
785.0	10235.0
786.0	10422.0
787.0	10300.0
788.0	10677.0
789.0	10553.0
790.0	10575.0
791.0	10613.0
792.0	10347.0
793.0	10461.0
794.0	10123.0
795.0	10674.0
796.0	10219.0
797.0	10765.0
798.0	10685.0
799.0	10753.0
800.0	10434.0
