$itime = 500
$wv_start = 190.0
$hv = 1000
$grating = 2 1200 g/mm BLZ= 500  nm
$x_amps = 10
$x_volts = 45
$sample = DB2330
$date = 2023-07-03
$temp = 92.0
$wv_stop = 800.0
$time = 11:54:12.603000
$wv_step = 1.0
190.0	11754.0
191.0	11419.0
192.0	11462.0
193.0	11661.0
194.0	11462.0
195.0	11661.0
196.0	11302.0
197.0	11493.0
198.0	12106.0
199.0	11151.0
200.0	11720.0
201.0	11404.0
202.0	12063.0
203.0	11357.0
204.0	11840.0
205.0	11843.0
206.0	11458.0
207.0	11515.0
208.0	11099.0
209.0	11581.0
210.0	11598.0
211.0	11610.0
212.0	11839.0
213.0	11943.0
214.0	11374.0
215.0	11406.0
216.0	11494.0
217.0	11237.0
218.0	11259.0
219.0	11512.0
220.0	11409.0
221.0	12099.0
222.0	11393.0
223.0	11406.0
224.0	11958.0
225.0	12063.0
226.0	11902.0
227.0	11403.0
228.0	11715.0
229.0	11579.0
230.0	11696.0
231.0	11853.0
232.0	12581.0
233.0	11616.0
234.0	11753.0
235.0	11374.0
236.0	11610.0
237.0	11378.0
238.0	11683.0
239.0	11164.0
240.0	11669.0
241.0	11952.0
242.0	11406.0
243.0	11403.0
244.0	11412.0
245.0	11732.0
246.0	11484.0
247.0	11859.0
248.0	11133.0
249.0	11710.0
250.0	12197.0
251.0	11691.0
252.0	11360.0
253.0	11508.0
254.0	11846.0
255.0	11662.0
256.0	11689.0
257.0	11691.0
258.0	11620.0
259.0	12097.0
260.0	11742.0
261.0	11569.0
262.0	11610.0
263.0	11691.0
264.0	11726.0
265.0	11838.0
266.0	12161.0
267.0	11459.0
268.0	11978.0
269.0	11382.0
270.0	11382.0
271.0	11924.0
272.0	11189.0
273.0	11477.0
274.0	11904.0
275.0	12542.0
276.0	11685.0
277.0	11663.0
278.0	11578.0
279.0	11703.0
280.0	11717.0
281.0	11760.0
282.0	11900.0
283.0	11408.0
284.0	11910.0
285.0	11610.0
286.0	11064.0
287.0	11752.0
288.0	11986.0
289.0	11969.0
290.0	11689.0
291.0	11510.0
292.0	12022.0
293.0	11924.0
294.0	11502.0
295.0	11340.0
296.0	11968.0
297.0	12160.0
298.0	11331.0
299.0	11780.0
300.0	12165.0
301.0	12039.0
302.0	11704.0
303.0	12151.0
304.0	11409.0
305.0	11399.0
306.0	12153.0
307.0	11665.0
308.0	11399.0
309.0	11849.0
310.0	12083.0
311.0	12078.0
312.0	12297.0
313.0	11611.0
314.0	11459.0
315.0	11914.0
316.0	11888.0
317.0	11528.0
318.0	11461.0
319.0	11270.0
320.0	11399.0
321.0	11448.0
322.0	11320.0
323.0	12580.0
324.0	12162.0
325.0	11837.0
326.0	11561.0
327.0	11769.0
328.0	11605.0
329.0	11490.0
330.0	11289.0
331.0	11999.0
332.0	12306.0
333.0	11674.0
334.0	12221.0
335.0	11621.0
336.0	11672.0
337.0	11826.0
338.0	11585.0
339.0	11741.0
340.0	11347.0
341.0	11234.0
342.0	11945.0
343.0	11458.0
344.0	11628.0
345.0	12133.0
346.0	11772.0
347.0	11549.0
348.0	12284.0
349.0	11528.0
350.0	11196.0
351.0	11570.0
352.0	11458.0
353.0	12048.0
354.0	11697.0
355.0	12010.0
356.0	11682.0
357.0	11460.0
358.0	11682.0
359.0	11671.0
360.0	11780.0
361.0	11559.0
362.0	11683.0
363.0	11494.0
364.0	11511.0
365.0	11858.0
366.0	11665.0
367.0	11402.0
368.0	11825.0
369.0	11506.0
370.0	11643.0
371.0	12265.0
372.0	11454.0
373.0	11787.0
374.0	11925.0
375.0	12131.0
376.0	11536.0
377.0	11669.0
378.0	11890.0
379.0	11985.0
380.0	11915.0
381.0	12069.0
382.0	11999.0
383.0	11539.0
384.0	11553.0
385.0	11846.0
386.0	11423.0
387.0	11678.0
388.0	11431.0
389.0	11828.0
390.0	11604.0
391.0	11686.0
392.0	11922.0
393.0	11755.0
394.0	12014.0
395.0	11849.0
396.0	10993.0
397.0	11627.0
398.0	11862.0
399.0	11282.0
400.0	11817.0
401.0	11667.0
402.0	12195.0
403.0	11528.0
404.0	11780.0
405.0	11406.0
406.0	12259.0
407.0	11752.0
408.0	12146.0
409.0	11640.0
410.0	11241.0
411.0	11461.0
412.0	11977.0
413.0	12071.0
414.0	11669.0
415.0	11796.0
416.0	11826.0
417.0	11669.0
418.0	12053.0
419.0	11597.0
420.0	11857.0
421.0	11858.0
422.0	11611.0
423.0	11895.0
424.0	11700.0
425.0	11415.0
426.0	11417.0
427.0	11748.0
428.0	11446.0
429.0	11455.0
430.0	11235.0
431.0	11563.0
432.0	11249.0
433.0	11781.0
434.0	11704.0
435.0	11755.0
436.0	11269.0
437.0	11458.0
438.0	11849.0
439.0	12010.0
440.0	11330.0
441.0	11835.0
442.0	11799.0
443.0	11590.0
444.0	11605.0
445.0	11539.0
446.0	11760.0
447.0	11802.0
448.0	12024.0
449.0	11764.0
450.0	11279.0
451.0	11333.0
452.0	11993.0
453.0	11128.0
454.0	11682.0
455.0	11837.0
456.0	11894.0
457.0	12034.0
458.0	11904.0
459.0	11535.0
460.0	11617.0
461.0	12045.0
462.0	11927.0
463.0	12065.0
464.0	11546.0
465.0	12066.0
466.0	12773.0
467.0	12466.0
468.0	11970.0
469.0	12201.0
470.0	12192.0
471.0	11838.0
472.0	11450.0
473.0	11934.0
474.0	11953.0
475.0	11738.0
476.0	12433.0
477.0	12716.0
478.0	12129.0
479.0	12934.0
480.0	13546.0
481.0	13320.0
482.0	13097.0
483.0	12335.0
484.0	12235.0
485.0	12333.0
486.0	12766.0
487.0	12133.0
488.0	12087.0
489.0	12372.0
490.0	11947.0
491.0	12208.0
492.0	12546.0
493.0	12133.0
494.0	12510.0
495.0	12218.0
496.0	12544.0
497.0	13122.0
498.0	12005.0
499.0	12799.0
500.0	12905.0
501.0	12784.0
502.0	12758.0
503.0	12905.0
504.0	13031.0
505.0	12946.0
506.0	12480.0
507.0	12135.0
508.0	12342.0
509.0	12294.0
510.0	12472.0
511.0	12373.0
512.0	12285.0
513.0	12019.0
514.0	12345.0
515.0	12110.0
516.0	12274.0
517.0	12670.0
518.0	12064.0
519.0	12485.0
520.0	12238.0
521.0	11758.0
522.0	12372.0
523.0	12313.0
524.0	12492.0
525.0	11839.0
526.0	12217.0
527.0	12017.0
528.0	11797.0
529.0	12268.0
530.0	12464.0
531.0	11981.0
532.0	11809.0
533.0	12528.0
534.0	11893.0
535.0	12667.0
536.0	12181.0
537.0	12556.0
538.0	12300.0
539.0	11913.0
540.0	11754.0
541.0	12009.0
542.0	12089.0
543.0	12259.0
544.0	11908.0
545.0	11836.0
546.0	12272.0
547.0	11980.0
548.0	12422.0
549.0	12179.0
550.0	11990.0
551.0	11976.0
552.0	11715.0
553.0	12142.0
554.0	11688.0
555.0	12008.0
556.0	11838.0
557.0	11623.0
558.0	11730.0
559.0	12486.0
560.0	11823.0
561.0	11763.0
562.0	12326.0
563.0	12200.0
564.0	12038.0
565.0	11759.0
566.0	12341.0
567.0	12119.0
568.0	12177.0
569.0	11710.0
570.0	12390.0
571.0	11716.0
572.0	11923.0
573.0	12010.0
574.0	12215.0
575.0	12043.0
576.0	11829.0
577.0	11672.0
578.0	11740.0
579.0	11727.0
580.0	11740.0
581.0	11975.0
582.0	12100.0
583.0	11992.0
584.0	11684.0
585.0	12089.0
586.0	11620.0
587.0	11805.0
588.0	11875.0
589.0	11461.0
590.0	12360.0
591.0	11685.0
592.0	11685.0
593.0	11981.0
594.0	11979.0
595.0	11679.0
596.0	11861.0
597.0	11208.0
598.0	11341.0
599.0	12129.0
600.0	11508.0
601.0	11683.0
602.0	12162.0
603.0	11580.0
604.0	12334.0
605.0	11533.0
606.0	11985.0
607.0	11776.0
608.0	11941.0
609.0	11685.0
610.0	11691.0
611.0	11927.0
612.0	11897.0
613.0	11855.0
614.0	12179.0
615.0	11412.0
616.0	11461.0
617.0	11725.0
618.0	11853.0
619.0	11868.0
620.0	11471.0
621.0	11818.0
622.0	11374.0
623.0	11554.0
624.0	11740.0
625.0	11612.0
626.0	11522.0
627.0	11530.0
628.0	11718.0
629.0	11937.0
630.0	11672.0
631.0	12017.0
632.0	11805.0
633.0	11369.0
634.0	11682.0
635.0	11762.0
636.0	11758.0
637.0	11672.0
638.0	11549.0
639.0	11720.0
640.0	11656.0
641.0	11930.0
642.0	11504.0
643.0	11783.0
644.0	11808.0
645.0	11534.0
646.0	11702.0
647.0	11457.0
648.0	11357.0
649.0	11815.0
650.0	11843.0
651.0	11605.0
652.0	11674.0
653.0	12006.0
654.0	11233.0
655.0	11444.0
656.0	12171.0
657.0	11331.0
658.0	11674.0
659.0	11407.0
660.0	11742.0
661.0	12091.0
662.0	12066.0
663.0	11385.0
664.0	11570.0
665.0	11699.0
666.0	11094.0
667.0	12185.0
668.0	12133.0
669.0	11802.0
670.0	11672.0
671.0	12565.0
672.0	11828.0
673.0	11742.0
674.0	11382.0
675.0	12235.0
676.0	11904.0
677.0	11755.0
678.0	11459.0
679.0	11906.0
680.0	11837.0
681.0	12059.0
682.0	12137.0
683.0	11847.0
684.0	11533.0
685.0	11471.0
686.0	11918.0
687.0	11877.0
688.0	11683.0
689.0	11752.0
690.0	11519.0
691.0	11425.0
692.0	11682.0
693.0	11741.0
694.0	11253.0
695.0	11658.0
696.0	11693.0
697.0	11510.0
698.0	11887.0
699.0	11955.0
700.0	11078.0
701.0	12165.0
702.0	11750.0
703.0	11743.0
704.0	11641.0
705.0	11963.0
706.0	11644.0
707.0	11542.0
708.0	11694.0
709.0	11577.0
710.0	12263.0
711.0	12027.0
712.0	11990.0
713.0	11702.0
714.0	11402.0
715.0	11951.0
716.0	11975.0
717.0	11895.0
718.0	11842.0
719.0	11571.0
720.0	11811.0
721.0	11960.0
722.0	11611.0
723.0	11954.0
724.0	11115.0
725.0	11446.0
726.0	11976.0
727.0	12180.0
728.0	11435.0
729.0	11669.0
730.0	11517.0
731.0	11921.0
732.0	12016.0
733.0	11457.0
734.0	11730.0
735.0	11537.0
736.0	11754.0
737.0	11942.0
738.0	11826.0
739.0	12310.0
740.0	11402.0
741.0	11804.0
742.0	11710.0
743.0	12097.0
744.0	11689.0
745.0	11726.0
746.0	11390.0
747.0	11501.0
748.0	11946.0
749.0	11672.0
750.0	11916.0
751.0	11739.0
752.0	11388.0
753.0	11920.0
754.0	11890.0
755.0	11919.0
756.0	11541.0
757.0	11665.0
758.0	11446.0
759.0	11706.0
760.0	11827.0
761.0	11665.0
762.0	11328.0
763.0	11582.0
764.0	11785.0
765.0	11883.0
766.0	12238.0
767.0	11651.0
768.0	11225.0
769.0	11682.0
770.0	11250.0
771.0	11942.0
772.0	11577.0
773.0	12087.0
774.0	11948.0
775.0	11871.0
776.0	11605.0
777.0	11527.0
778.0	12034.0
779.0	12001.0
780.0	11990.0
781.0	12001.0
782.0	11465.0
783.0	11536.0
784.0	11731.0
785.0	11611.0
786.0	11512.0
787.0	12108.0
788.0	11985.0
789.0	12000.0
790.0	11586.0
791.0	11760.0
792.0	12138.0
793.0	11122.0
794.0	11847.0
795.0	11402.0
796.0	11669.0
797.0	11570.0
798.0	11939.0
799.0	11466.0
800.0	11768.0
