$itime = 500
$wv_start = 190.0
$hv = 1000
$grating = 2 1200 g/mm BLZ= 500  nm
$x_amps = 10
$x_volts = 45
$sample = DB2330
$date = 2023-07-03
$temp = 141.98
$wv_stop = 800.0
$time = 11:54:12.603000
$wv_step = 1.0
190.0	11250.0
191.0	11120.0
192.0	11338.0
193.0	10958.0
194.0	11353.0
195.0	11541.0
196.0	11213.0
197.0	10744.0
198.0	10983.0
199.0	11197.0
200.0	11152.0
201.0	11385.0
202.0	11207.0
203.0	11338.0
204.0	11395.0
205.0	11072.0
206.0	10884.0
207.0	10871.0
208.0	11665.0
209.0	11718.0
210.0	11161.0
211.0	10904.0
212.0	11404.0
213.0	10838.0
214.0	11007.0
215.0	11374.0
216.0	11027.0
217.0	10732.0
218.0	10949.0
219.0	10716.0
220.0	10884.0
221.0	11086.0
222.0	10949.0
223.0	11186.0
224.0	10925.0
225.0	11536.0
226.0	11333.0
227.0	11289.0
228.0	11253.0
229.0	11026.0
230.0	11192.0
231.0	11071.0
232.0	11232.0
233.0	11253.0
234.0	11315.0
235.0	10702.0
236.0	11332.0
237.0	11027.0
238.0	11459.0
239.0	10738.0
240.0	10971.0
241.0	10988.0
242.0	11465.0
243.0	11023.0
244.0	10543.0
245.0	11395.0
246.0	11361.0
247.0	10860.0
248.0	10843.0
249.0	11471.0
250.0	10886.0
251.0	11100.0
252.0	11536.0
253.0	10690.0
254.0	10524.0
255.0	11054.0
256.0	11592.0
257.0	11364.0
258.0	11175.0
259.0	10898.0
260.0	11667.0
261.0	11331.0
262.0	11369.0
263.0	11501.0
264.0	11117.0
265.0	10939.0
266.0	11492.0
267.0	11399.0
268.0	10836.0
269.0	11267.0
270.0	11194.0
271.0	11760.0
272.0	11189.0
273.0	11185.0
274.0	11234.0
275.0	11020.0
276.0	11137.0
277.0	11188.0
278.0	11374.0
279.0	11396.0
280.0	10857.0
281.0	11275.0
282.0	11559.0
283.0	11053.0
284.0	11349.0
285.0	11235.0
286.0	11264.0
287.0	10974.0
288.0	11109.0
289.0	11436.0
290.0	11120.0
291.0	11501.0
292.0	11048.0
293.0	11108.0
294.0	11425.0
295.0	11021.0
296.0	11265.0
297.0	11493.0
298.0	11618.0
299.0	11367.0
300.0	10965.0
301.0	11017.0
302.0	11477.0
303.0	11763.0
304.0	10997.0
305.0	10777.0
306.0	10904.0
307.0	11391.0
308.0	10702.0
309.0	11237.0
310.0	11666.0
311.0	11253.0
312.0	11184.0
313.0	11339.0
314.0	11535.0
315.0	11326.0
316.0	11040.0
317.0	10439.0
318.0	11411.0
319.0	11784.0
320.0	11358.0
321.0	11232.0
322.0	10984.0
323.0	11605.0
324.0	10784.0
325.0	11303.0
326.0	11231.0
327.0	11251.0
328.0	11782.0
329.0	10949.0
330.0	11112.0
331.0	11635.0
332.0	10699.0
333.0	11194.0
334.0	11760.0
335.0	11806.0
336.0	11389.0
337.0	10765.0
338.0	11380.0
339.0	11024.0
340.0	11108.0
341.0	11520.0
342.0	11139.0
343.0	11605.0
344.0	11894.0
345.0	10937.0
346.0	11682.0
347.0	11230.0
348.0	10864.0
349.0	11679.0
350.0	11455.0
351.0	11170.0
352.0	11238.0
353.0	11303.0
354.0	11410.0
355.0	11317.0
356.0	11139.0
357.0	11737.0
358.0	11383.0
359.0	10970.0
360.0	11353.0
361.0	11441.0
362.0	10808.0
363.0	11364.0
364.0	10995.0
365.0	11520.0
366.0	10810.0
367.0	10985.0
368.0	11205.0
369.0	11134.0
370.0	11112.0
371.0	11682.0
372.0	10979.0
373.0	11269.0
374.0	11314.0
375.0	11150.0
376.0	11598.0
377.0	11289.0
378.0	11170.0
379.0	11314.0
380.0	11411.0
381.0	11199.0
382.0	11440.0
383.0	11498.0
384.0	11213.0
385.0	10851.0
386.0	11273.0
387.0	11111.0
388.0	11662.0
389.0	11417.0
390.0	11261.0
391.0	11422.0
392.0	11189.0
393.0	11314.0
394.0	11524.0
395.0	11112.0
396.0	11373.0
397.0	10925.0
398.0	11464.0
399.0	10642.0
400.0	11290.0
401.0	11150.0
402.0	11550.0
403.0	11220.0
404.0	11401.0
405.0	10862.0
406.0	11135.0
407.0	11021.0
408.0	11068.0
409.0	10872.0
410.0	11781.0
411.0	10905.0
412.0	11034.0
413.0	11214.0
414.0	11034.0
415.0	11219.0
416.0	10797.0
417.0	10940.0
418.0	11408.0
419.0	10836.0
420.0	11373.0
421.0	10812.0
422.0	11143.0
423.0	11261.0
424.0	11122.0
425.0	11185.0
426.0	11194.0
427.0	11221.0
428.0	11361.0
429.0	11102.0
430.0	11096.0
431.0	11178.0
432.0	11330.0
433.0	11375.0
434.0	11444.0
435.0	11194.0
436.0	11578.0
437.0	10945.0
438.0	11618.0
439.0	10857.0
440.0	11439.0
441.0	11320.0
442.0	10981.0
443.0	10973.0
444.0	11101.0
445.0	11366.0
446.0	10953.0
447.0	11668.0
448.0	11247.0
449.0	10909.0
450.0	11819.0
451.0	11818.0
452.0	10841.0
453.0	11080.0
454.0	11475.0
455.0	10988.0
456.0	11444.0
457.0	11274.0
458.0	11524.0
459.0	11559.0
460.0	11759.0
461.0	11764.0
462.0	11551.0
463.0	11744.0
464.0	11770.0
465.0	11581.0
466.0	11610.0
467.0	11966.0
468.0	11606.0
469.0	11127.0
470.0	11605.0
471.0	11592.0
472.0	11628.0
473.0	11439.0
474.0	11238.0
475.0	11595.0
476.0	11303.0
477.0	11547.0
478.0	12194.0
479.0	12243.0
480.0	12841.0
481.0	12526.0
482.0	12785.0
483.0	12668.0
484.0	11972.0
485.0	11747.0
486.0	11518.0
487.0	11528.0
488.0	11883.0
489.0	11663.0
490.0	11603.0
491.0	11783.0
492.0	11895.0
493.0	11533.0
494.0	11278.0
495.0	11696.0
496.0	11729.0
497.0	11761.0
498.0	11803.0
499.0	12339.0
500.0	12188.0
501.0	12827.0
502.0	12480.0
503.0	12513.0
504.0	12769.0
505.0	11862.0
506.0	12248.0
507.0	12120.0
508.0	12213.0
509.0	11989.0
510.0	11927.0
511.0	12422.0
512.0	11542.0
513.0	12063.0
514.0	11689.0
515.0	12058.0
516.0	11763.0
517.0	11842.0
518.0	11331.0
519.0	11763.0
520.0	11924.0
521.0	12045.0
522.0	12194.0
523.0	11749.0
524.0	11939.0
525.0	11975.0
526.0	11720.0
527.0	11661.0
528.0	12143.0
529.0	12214.0
530.0	11710.0
531.0	12019.0
532.0	11600.0
533.0	11618.0
534.0	11641.0
535.0	11981.0
536.0	11461.0
537.0	11669.0
538.0	11694.0
539.0	11568.0
540.0	11855.0
541.0	12147.0
542.0	11456.0
543.0	11439.0
544.0	11669.0
545.0	11860.0
546.0	11719.0
547.0	11739.0
548.0	11777.0
549.0	11438.0
550.0	11098.0
551.0	11408.0
552.0	11958.0
553.0	11731.0
554.0	11919.0
555.0	11447.0
556.0	11345.0
557.0	11616.0
558.0	11621.0
559.0	11242.0
560.0	11798.0
561.0	11234.0
562.0	11458.0
563.0	11520.0
564.0	11538.0
565.0	11903.0
566.0	11797.0
567.0	11694.0
568.0	11528.0
569.0	11409.0
570.0	11669.0
571.0	11477.0
572.0	11236.0
573.0	11238.0
574.0	11137.0
575.0	11245.0
576.0	11142.0
577.0	11626.0
578.0	11154.0
579.0	10987.0
580.0	11488.0
581.0	11081.0
582.0	11371.0
583.0	11160.0
584.0	10990.0
585.0	11007.0
586.0	10862.0
587.0	11674.0
588.0	11376.0
589.0	11347.0
590.0	11575.0
591.0	11206.0
592.0	10951.0
593.0	11082.0
594.0	10974.0
595.0	11034.0
596.0	11003.0
597.0	11192.0
598.0	11418.0
599.0	11009.0
600.0	10994.0
601.0	11270.0
602.0	11128.0
603.0	11403.0
604.0	11425.0
605.0	10987.0
606.0	11586.0
607.0	10635.0
608.0	11340.0
609.0	10992.0
610.0	11046.0
611.0	11144.0
612.0	11424.0
613.0	10688.0
614.0	11501.0
615.0	11643.0
616.0	11598.0
617.0	11012.0
618.0	11138.0
619.0	11406.0
620.0	11406.0
621.0	11145.0
622.0	11154.0
623.0	11606.0
624.0	11476.0
625.0	11514.0
626.0	11234.0
627.0	10894.0
628.0	11364.0
629.0	11512.0
630.0	11441.0
631.0	11084.0
632.0	11270.0
633.0	11215.0
634.0	11232.0
635.0	11843.0
636.0	11112.0
637.0	11504.0
638.0	10877.0
639.0	11185.0
640.0	11241.0
641.0	11465.0
642.0	10907.0
643.0	11112.0
644.0	11184.0
645.0	11377.0
646.0	10681.0
647.0	11189.0
648.0	10800.0
649.0	11122.0
650.0	11009.0
651.0	11224.0
652.0	11446.0
653.0	11471.0
654.0	11883.0
655.0	11313.0
656.0	11417.0
657.0	11402.0
658.0	11241.0
659.0	11547.0
660.0	11460.0
661.0	11253.0
662.0	11342.0
663.0	11046.0
664.0	10935.0
665.0	11514.0
666.0	11519.0
667.0	11064.0
668.0	11609.0
669.0	11369.0
670.0	10834.0
671.0	11294.0
672.0	11419.0
673.0	11432.0
674.0	11043.0
675.0	11504.0
676.0	10984.0
677.0	11007.0
678.0	10846.0
679.0	11282.0
680.0	11528.0
681.0	11227.0
682.0	10809.0
683.0	11243.0
684.0	11094.0
685.0	11117.0
686.0	11065.0
687.0	10824.0
688.0	11027.0
689.0	11148.0
690.0	10823.0
691.0	11115.0
692.0	11446.0
693.0	11303.0
694.0	11180.0
695.0	10757.0
696.0	11678.0
697.0	10959.0
698.0	11242.0
699.0	10869.0
700.0	10823.0
701.0	11253.0
702.0	11058.0
703.0	10694.0
704.0	11051.0
705.0	11177.0
706.0	10716.0
707.0	10992.0
708.0	11016.0
709.0	11340.0
710.0	11112.0
711.0	10691.0
712.0	11084.0
713.0	11273.0
714.0	11095.0
715.0	11284.0
716.0	10904.0
717.0	11068.0
718.0	10877.0
719.0	11229.0
720.0	11318.0
721.0	10988.0
722.0	11235.0
723.0	11304.0
724.0	11141.0
725.0	11713.0
726.0	11334.0
727.0	11264.0
728.0	10981.0
729.0	10580.0
730.0	11107.0
731.0	11270.0
732.0	11205.0
733.0	10968.0
734.0	11013.0
735.0	11053.0
736.0	11037.0
737.0	11354.0
738.0	11036.0
739.0	10534.0
740.0	11331.0
741.0	11477.0
742.0	11227.0
743.0	11343.0
744.0	11275.0
745.0	11227.0
746.0	10830.0
747.0	11152.0
748.0	11459.0
749.0	11375.0
750.0	10876.0
751.0	11431.0
752.0	11097.0
753.0	11836.0
754.0	11179.0
755.0	11204.0
756.0	10880.0
757.0	11564.0
758.0	10925.0
759.0	11091.0
760.0	11095.0
761.0	11333.0
762.0	11186.0
763.0	11369.0
764.0	11528.0
765.0	10899.0
766.0	11030.0
767.0	11224.0
768.0	11314.0
769.0	11236.0
770.0	10975.0
771.0	11477.0
772.0	11179.0
773.0	11320.0
774.0	11077.0
775.0	11015.0
776.0	10981.0
777.0	10716.0
778.0	11573.0
779.0	11558.0
780.0	11299.0
781.0	11186.0
782.0	11157.0
783.0	11482.0
784.0	11002.0
785.0	10673.0
786.0	11061.0
787.0	11121.0
788.0	11366.0
789.0	11528.0
790.0	11403.0
791.0	11270.0
792.0	11527.0
793.0	11417.0
794.0	11027.0
795.0	11529.0
796.0	11236.0
797.0	11141.0
798.0	11397.0
799.0	10983.0
800.0	10862.0
