$itime = 500
$wv_start = 190.0
$hv = 1000
$grating = 2 1200 g/mm BLZ= 500  nm
$x_amps = 10
$x_volts = 45
$sample = DB2330_010
$date = 2023-07-03
$temp = 24.75
$wv_stop = 800.0
$time = 19:45:19.363000
$wv_step = 1.0
190.0	12772.0
191.0	13016.0
192.0	12815.0
193.0	12827.0
194.0	12653.0
195.0	13249.0
196.0	12889.0
197.0	13222.0
198.0	12470.0
199.0	13318.0
200.0	12678.0
201.0	13204.0
202.0	13191.0
203.0	12912.0
204.0	12740.0
205.0	12699.0
206.0	13146.0
207.0	12685.0
208.0	13088.0
209.0	12895.0
210.0	12629.0
211.0	13116.0
212.0	12814.0
213.0	13043.0
214.0	12870.0
215.0	12884.0
216.0	12992.0
217.0	13002.0
218.0	13074.0
219.0	12899.0
220.0	12823.0
221.0	12872.0
222.0	13259.0
223.0	13034.0
224.0	13529.0
225.0	13513.0
226.0	12855.0
227.0	13536.0
228.0	13509.0
229.0	12586.0
230.0	13436.0
231.0	13068.0
232.0	13024.0
233.0	13088.0
234.0	12935.0
235.0	12743.0
236.0	13220.0
237.0	13049.0
238.0	12659.0
239.0	12749.0
240.0	13132.0
241.0	12787.0
242.0	13070.0
243.0	12685.0
244.0	12936.0
245.0	12540.0
246.0	13214.0
247.0	13046.0
248.0	13067.0
249.0	12807.0
250.0	13222.0
251.0	13060.0
252.0	13405.0
253.0	12839.0
254.0	13175.0
255.0	13111.0
256.0	12773.0
257.0	13333.0
258.0	13369.0
259.0	13111.0
260.0	12964.0
261.0	13198.0
262.0	12955.0
263.0	12662.0
264.0	13261.0
265.0	13184.0
266.0	13012.0
267.0	13183.0
268.0	13119.0
269.0	13473.0
270.0	12755.0
271.0	13117.0
272.0	13218.0
273.0	12750.0
274.0	13339.0
275.0	13517.0
276.0	13247.0
277.0	13404.0
278.0	12779.0
279.0	12922.0
280.0	12895.0
281.0	13034.0
282.0	13134.0
283.0	12712.0
284.0	13182.0
285.0	13055.0
286.0	13175.0
287.0	13795.0
288.0	13058.0
289.0	13485.0
290.0	13197.0
291.0	13241.0
292.0	13203.0
293.0	13770.0
294.0	13365.0
295.0	13161.0
296.0	13429.0
297.0	13551.0
298.0	13307.0
299.0	12933.0
300.0	13158.0
301.0	13022.0
302.0	12984.0
303.0	12987.0
304.0	13275.0
305.0	13161.0
306.0	12952.0
307.0	13486.0
308.0	13364.0
309.0	13022.0
310.0	13263.0
311.0	13520.0
312.0	12966.0
313.0	13328.0
314.0	13209.0
315.0	13108.0
316.0	13016.0
317.0	13000.0
318.0	12993.0
319.0	12964.0
320.0	13700.0
321.0	13225.0
322.0	13097.0
323.0	13818.0
324.0	13256.0
325.0	12592.0
326.0	13714.0
327.0	12773.0
328.0	12931.0
329.0	13378.0
330.0	13384.0
331.0	13011.0
332.0	12695.0
333.0	12945.0
334.0	13021.0
335.0	13148.0
336.0	13002.0
337.0	13038.0
338.0	12472.0
339.0	13101.0
340.0	13234.0
341.0	13332.0
342.0	12888.0
343.0	12917.0
344.0	13401.0
345.0	13209.0
346.0	13102.0
347.0	13053.0
348.0	12665.0
349.0	13145.0
350.0	13354.0
351.0	13183.0
352.0	12994.0
353.0	13400.0
354.0	13460.0
355.0	13251.0
356.0	13132.0
357.0	13270.0
358.0	12846.0
359.0	13021.0
360.0	12848.0
361.0	13058.0
362.0	13443.0
363.0	12907.0
364.0	12602.0
365.0	13081.0
366.0	13193.0
367.0	12904.0
368.0	12844.0
369.0	12892.0
370.0	12997.0
371.0	13337.0
372.0	13263.0
373.0	13263.0
374.0	13066.0
375.0	12897.0
376.0	13553.0
377.0	13066.0
378.0	13240.0
379.0	12728.0
380.0	13225.0
381.0	12683.0
382.0	13124.0
383.0	13176.0
384.0	13193.0
385.0	13117.0
386.0	12857.0
387.0	13099.0
388.0	13335.0
389.0	13200.0
390.0	12997.0
391.0	13206.0
392.0	12975.0
393.0	12692.0
394.0	13402.0
395.0	12850.0
396.0	12866.0
397.0	13105.0
398.0	13418.0
399.0	13553.0
400.0	12749.0
401.0	12730.0
402.0	13073.0
403.0	13817.0
404.0	13348.0
405.0	12684.0
406.0	13072.0
407.0	12935.0
408.0	12712.0
409.0	13137.0
410.0	12549.0
411.0	13124.0
412.0	12522.0
413.0	13000.0
414.0	13085.0
415.0	12851.0
416.0	12898.0
417.0	13102.0
418.0	12941.0
419.0	13641.0
420.0	13020.0
421.0	13219.0
422.0	12870.0
423.0	12523.0
424.0	13029.0
425.0	12975.0
426.0	13138.0
427.0	12862.0
428.0	13009.0
429.0	13021.0
430.0	12599.0
431.0	12945.0
432.0	13394.0
433.0	13565.0
434.0	13163.0
435.0	12955.0
436.0	13247.0
437.0	12776.0
438.0	13261.0
439.0	13376.0
440.0	13278.0
441.0	13015.0
442.0	13748.0
443.0	13003.0
444.0	12884.0
445.0	12892.0
446.0	12889.0
447.0	13452.0
448.0	13422.0
449.0	12844.0
450.0	12948.0
451.0	12938.0
452.0	12418.0
453.0	13039.0
454.0	13244.0
455.0	13066.0
456.0	13406.0
457.0	12861.0
458.0	12984.0
459.0	13068.0
460.0	12880.0
461.0	12738.0
462.0	13259.0
463.0	12737.0
464.0	13845.0
465.0	13248.0
466.0	13343.0
467.0	13499.0
468.0	14023.0
469.0	12959.0
470.0	13141.0
471.0	13757.0
472.0	13393.0
473.0	13811.0
474.0	13613.0
475.0	13066.0
476.0	13440.0
477.0	13258.0
478.0	13778.0
479.0	13944.0
480.0	15040.0
481.0	14287.0
482.0	13448.0
483.0	13253.0
484.0	13589.0
485.0	13536.0
486.0	13633.0
487.0	13476.0
488.0	13588.0
489.0	13632.0
490.0	13423.0
491.0	13819.0
492.0	13424.0
493.0	13524.0
494.0	13028.0
495.0	13098.0
496.0	13190.0
497.0	13451.0
498.0	13274.0
499.0	13475.0
500.0	13843.0
501.0	13441.0
502.0	13948.0
503.0	14258.0
504.0	14202.0
505.0	14488.0
506.0	13692.0
507.0	13957.0
508.0	13478.0
509.0	13979.0
510.0	13475.0
511.0	13720.0
512.0	13366.0
513.0	13201.0
514.0	13201.0
515.0	13513.0
516.0	13265.0
517.0	13497.0
518.0	13497.0
519.0	14161.0
520.0	13299.0
521.0	13385.0
522.0	13695.0
523.0	13845.0
524.0	13551.0
525.0	13360.0
526.0	12917.0
527.0	13533.0
528.0	12773.0
529.0	13724.0
530.0	13151.0
531.0	13068.0
532.0	13492.0
533.0	13499.0
534.0	13686.0
535.0	13643.0
536.0	13596.0
537.0	13655.0
538.0	13341.0
539.0	13775.0
540.0	13236.0
541.0	13381.0
542.0	13180.0
543.0	13494.0
544.0	13265.0
545.0	13801.0
546.0	13468.0
547.0	13622.0
548.0	13563.0
549.0	12969.0
550.0	13497.0
551.0	13334.0
552.0	13013.0
553.0	12800.0
554.0	12997.0
555.0	13490.0
556.0	13509.0
557.0	13224.0
558.0	12748.0
559.0	13408.0
560.0	13276.0
561.0	13243.0
562.0	13119.0
563.0	12485.0
564.0	13262.0
565.0	13482.0
566.0	13345.0
567.0	13607.0
568.0	13266.0
569.0	13324.0
570.0	13130.0
571.0	13354.0
572.0	13237.0
573.0	13439.0
574.0	12908.0
575.0	13315.0
576.0	13155.0
577.0	13512.0
578.0	13105.0
579.0	13004.0
580.0	13374.0
581.0	13205.0
582.0	13445.0
583.0	13132.0
584.0	12940.0
585.0	13293.0
586.0	13337.0
587.0	13034.0
588.0	13045.0
589.0	13229.0
590.0	13192.0
591.0	13448.0
592.0	12721.0
593.0	12918.0
594.0	13171.0
595.0	13107.0
596.0	13342.0
597.0	13303.0
598.0	13243.0
599.0	13569.0
600.0	13170.0
601.0	12914.0
602.0	13085.0
603.0	13132.0
604.0	13470.0
605.0	13154.0
606.0	13580.0
607.0	12852.0
608.0	13593.0
609.0	13470.0
610.0	13040.0
611.0	13378.0
612.0	12911.0
613.0	12914.0
614.0	13026.0
615.0	12933.0
616.0	13252.0
617.0	12774.0
618.0	13668.0
619.0	13397.0
620.0	13145.0
621.0	13461.0
622.0	13391.0
623.0	13173.0
624.0	12891.0
625.0	12623.0
626.0	13162.0
627.0	13197.0
628.0	13391.0
629.0	13100.0
630.0	13053.0
631.0	12838.0
632.0	12858.0
633.0	12895.0
634.0	12874.0
635.0	13212.0
636.0	12849.0
637.0	13197.0
638.0	13089.0
639.0	12596.0
640.0	12911.0
641.0	13137.0
642.0	12717.0
643.0	12860.0
644.0	13111.0
645.0	13047.0
646.0	13736.0
647.0	13247.0
648.0	13072.0
649.0	13279.0
650.0	13373.0
651.0	13239.0
652.0	13320.0
653.0	13534.0
654.0	13176.0
655.0	13437.0
656.0	12934.0
657.0	13177.0
658.0	12767.0
659.0	13285.0
660.0	13158.0
661.0	13408.0
662.0	13177.0
663.0	13014.0
664.0	12966.0
665.0	13013.0
666.0	13072.0
667.0	13397.0
668.0	13141.0
669.0	13349.0
670.0	13565.0
671.0	13049.0
672.0	13016.0
673.0	13114.0
674.0	12919.0
675.0	13339.0
676.0	13114.0
677.0	13418.0
678.0	12835.0
679.0	12690.0
680.0	12942.0
681.0	12922.0
682.0	12878.0
683.0	13273.0
684.0	12825.0
685.0	13374.0
686.0	13317.0
687.0	13153.0
688.0	13233.0
689.0	12955.0
690.0	12933.0
691.0	13212.0
692.0	13384.0
693.0	12786.0
694.0	13120.0
695.0	12976.0
696.0	13145.0
697.0	13045.0
698.0	13158.0
699.0	12949.0
700.0	12786.0
701.0	12975.0
702.0	12933.0
703.0	12555.0
704.0	13501.0
705.0	12871.0
706.0	13284.0
707.0	13362.0
708.0	12632.0
709.0	12897.0
710.0	12871.0
711.0	13256.0
712.0	13551.0
713.0	12917.0
714.0	12989.0
715.0	13267.0
716.0	13435.0
717.0	13194.0
718.0	12925.0
719.0	13063.0
720.0	12526.0
721.0	12923.0
722.0	13513.0
723.0	12910.0
724.0	13570.0
725.0	13459.0
726.0	13085.0
727.0	13163.0
728.0	12585.0
729.0	13377.0
730.0	13040.0
731.0	13159.0
732.0	13470.0
733.0	13398.0
734.0	12964.0
735.0	12954.0
736.0	12857.0
737.0	13005.0
738.0	13041.0
739.0	13445.0
740.0	13128.0
741.0	12857.0
742.0	13194.0
743.0	13326.0
744.0	12930.0
745.0	13359.0
746.0	13050.0
747.0	13249.0
748.0	13066.0
749.0	12787.0
750.0	13553.0
751.0	12963.0
752.0	12897.0
753.0	12939.0
754.0	13063.0
755.0	12676.0
756.0	13222.0
757.0	13500.0
758.0	13004.0
759.0	12879.0
760.0	12628.0
761.0	12499.0
762.0	13290.0
763.0	12669.0
764.0	13442.0
765.0	13472.0
766.0	13114.0
767.0	12422.0
768.0	13451.0
769.0	13223.0
770.0	12934.0
771.0	13385.0
772.0	12895.0
773.0	13270.0
774.0	12921.0
775.0	12844.0
776.0	12559.0
777.0	12771.0
778.0	12395.0
779.0	13295.0
780.0	13124.0
781.0	13139.0
782.0	13183.0
783.0	13060.0
784.0	13146.0
785.0	12885.0
786.0	12751.0
787.0	13013.0
788.0	12881.0
789.0	13347.0
790.0	12907.0
791.0	13225.0
792.0	13290.0
793.0	12761.0
794.0	13653.0
795.0	13240.0
796.0	13137.0
797.0	12954.0
798.0	12890.0
799.0	13048.0
800.0	12585.0
