$itime = 500
$wv_start = 190.0
$hv = 1000
$grating = 2 1200 g/mm BLZ= 500  nm
$x_amps = 10
$x_volts = 45
$sample = DB2330
$date = 2023-07-03
$temp = 232.0
$wv_stop = 800.0
$time = 11:54:12.603000
$wv_step = 1.0
190.0	10080.0
191.0	9988.0
192.0	10123.0
193.0	10359.0
194.0	10076.0
195.0	10032.0
196.0	9924.0
197.0	10140.0
198.0	10358.0
199.0	10176.0
200.0	9946.0
201.0	9909.0
202.0	10244.0
203.0	10102.0
204.0	10524.0
205.0	9696.0
206.0	10274.0
207.0	10120.0
208.0	10348.0
209.0	10619.0
210.0	9853.0
211.0	10036.0
212.0	10187.0
213.0	10352.0
214.0	10101.0
215.0	10532.0
216.0	9983.0
217.0	10241.0
218.0	10211.0
219.0	10053.0
220.0	10300.0
221.0	9689.0
222.0	10425.0
223.0	10547.0
224.0	10433.0
225.0	10533.0
226.0	10321.0
227.0	9989.0
228.0	10262.0
229.0	10217.0
230.0	10013.0
231.0	10213.0
232.0	9935.0
233.0	10297.0
234.0	9738.0
235.0	9870.0
236.0	10337.0
237.0	10364.0
238.0	10220.0
239.0	10312.0
240.0	10264.0
241.0	10075.0
242.0	9748.0
243.0	10354.0
244.0	10121.0
245.0	10536.0
246.0	9942.0
247.0	9615.0
248.0	10235.0
249.0	9671.0
250.0	10229.0
251.0	9927.0
252.0	9951.0
253.0	10282.0
254.0	10019.0
255.0	10172.0
256.0	10367.0
257.0	10373.0
258.0	10263.0
259.0	10365.0
260.0	10413.0
261.0	9509.0
262.0	10280.0
263.0	10256.0
264.0	9971.0
265.0	10429.0
266.0	10359.0
267.0	10410.0
268.0	10312.0
269.0	10334.0
270.0	10169.0
271.0	10224.0
272.0	10117.0
273.0	10072.0
274.0	10538.0
275.0	10111.0
276.0	10178.0
277.0	9962.0
278.0	10190.0
279.0	10405.0
280.0	9759.0
281.0	9990.0
282.0	10387.0
283.0	10514.0
284.0	10361.0
285.0	10315.0
286.0	10560.0
287.0	10445.0
288.0	10138.0
289.0	10518.0
290.0	10290.0
291.0	10799.0
292.0	10467.0
293.0	10455.0
294.0	10463.0
295.0	10568.0
296.0	9995.0
297.0	10114.0
298.0	10832.0
299.0	10112.0
300.0	10259.0
301.0	10468.0
302.0	10480.0
303.0	10352.0
304.0	9834.0
305.0	10247.0
306.0	9967.0
307.0	10148.0
308.0	10411.0
309.0	10233.0
310.0	10425.0
311.0	10875.0
312.0	10442.0
313.0	10266.0
314.0	10393.0
315.0	10364.0
316.0	10357.0
317.0	10097.0
318.0	10374.0
319.0	10304.0
320.0	10210.0
321.0	10433.0
322.0	10286.0
323.0	10401.0
324.0	10131.0
325.0	10332.0
326.0	9955.0
327.0	10111.0
328.0	10631.0
329.0	10769.0
330.0	10190.0
331.0	10267.0
332.0	10506.0
333.0	10118.0
334.0	10433.0
335.0	10259.0
336.0	10062.0
337.0	10457.0
338.0	9985.0
339.0	10799.0
340.0	9816.0
341.0	10021.0
342.0	10465.0
343.0	10286.0
344.0	10312.0
345.0	10008.0
346.0	10580.0
347.0	10463.0
348.0	10339.0
349.0	10605.0
350.0	10153.0
351.0	10246.0
352.0	10316.0
353.0	9973.0
354.0	10245.0
355.0	10339.0
356.0	9671.0
357.0	10403.0
358.0	10533.0
359.0	10294.0
360.0	10117.0
361.0	10060.0
362.0	10474.0
363.0	9864.0
364.0	10438.0
365.0	10138.0
366.0	9805.0
367.0	10367.0
368.0	10116.0
369.0	10375.0
370.0	10522.0
371.0	10268.0
372.0	10451.0
373.0	10457.0
374.0	10175.0
375.0	10041.0
376.0	9950.0
377.0	10044.0
378.0	9939.0
379.0	10476.0
380.0	9950.0
381.0	10285.0
382.0	10269.0
383.0	10403.0
384.0	10609.0
385.0	10219.0
386.0	10432.0
387.0	10332.0
388.0	10097.0
389.0	9883.0
390.0	10352.0
391.0	9956.0
392.0	10468.0
393.0	10121.0
394.0	10489.0
395.0	10315.0
396.0	10335.0
397.0	10443.0
398.0	10233.0
399.0	10227.0
400.0	10283.0
401.0	9974.0
402.0	9886.0
403.0	10308.0
404.0	10246.0
405.0	10251.0
406.0	10513.0
407.0	10657.0
408.0	10300.0
409.0	10561.0
410.0	10040.0
411.0	10436.0
412.0	10535.0
413.0	10158.0
414.0	10088.0
415.0	10321.0
416.0	10036.0
417.0	10112.0
418.0	10172.0
419.0	10258.0
420.0	10215.0
421.0	10214.0
422.0	10267.0
423.0	10255.0
424.0	10035.0
425.0	10552.0
426.0	9988.0
427.0	10438.0
428.0	10359.0
429.0	10131.0
430.0	10111.0
431.0	10200.0
432.0	10283.0
433.0	10246.0
434.0	9955.0
435.0	9840.0
436.0	10192.0
437.0	10123.0
438.0	9994.0
439.0	9866.0
440.0	9951.0
441.0	10453.0
442.0	10235.0
443.0	9817.0
444.0	10454.0
445.0	10371.0
446.0	10223.0
447.0	9993.0
448.0	9510.0
449.0	9842.0
450.0	10225.0
451.0	10069.0
452.0	9989.0
453.0	10093.0
454.0	10385.0
455.0	10692.0
456.0	9963.0
457.0	10229.0
458.0	10580.0
459.0	9993.0
460.0	10410.0
461.0	10172.0
462.0	10097.0
463.0	10411.0
464.0	10380.0
465.0	10326.0
466.0	10278.0
467.0	10560.0
468.0	10300.0
469.0	10330.0
470.0	10615.0
471.0	10626.0
472.0	10619.0
473.0	9982.0
474.0	10293.0
475.0	10163.0
476.0	10658.0
477.0	10431.0
478.0	10105.0
479.0	10632.0
480.0	10613.0
481.0	10736.0
482.0	10214.0
483.0	10451.0
484.0	10569.0
485.0	10716.0
486.0	9852.0
487.0	10207.0
488.0	10269.0
489.0	10964.0
490.0	10563.0
491.0	10243.0
492.0	10710.0
493.0	10956.0
494.0	10273.0
495.0	10398.0
496.0	10233.0
497.0	10595.0
498.0	10552.0
499.0	10232.0
500.0	10580.0
501.0	10326.0
502.0	10709.0
503.0	10834.0
504.0	10122.0
505.0	10669.0
506.0	10721.0
507.0	10847.0
508.0	10627.0
509.0	10372.0
510.0	10523.0
511.0	10101.0
512.0	10554.0
513.0	10392.0
514.0	10500.0
515.0	10803.0
516.0	10118.0
517.0	10662.0
518.0	10467.0
519.0	10658.0
520.0	10158.0
521.0	10712.0
522.0	10450.0
523.0	10365.0
524.0	10681.0
525.0	10592.0
526.0	10514.0
527.0	10441.0
528.0	10245.0
529.0	10411.0
530.0	10123.0
531.0	10471.0
532.0	10720.0
533.0	10760.0
534.0	10858.0
535.0	10443.0
536.0	10172.0
537.0	10155.0
538.0	10098.0
539.0	10389.0
540.0	10269.0
541.0	10379.0
542.0	9980.0
543.0	10520.0
544.0	10884.0
545.0	10116.0
546.0	10312.0
547.0	10307.0
548.0	10193.0
549.0	10704.0
550.0	10077.0
551.0	10412.0
552.0	10622.0
553.0	10875.0
554.0	10362.0
555.0	10715.0
556.0	10735.0
557.0	10772.0
558.0	10320.0
559.0	10046.0
560.0	10289.0
561.0	10352.0
562.0	10626.0
563.0	10481.0
564.0	10768.0
565.0	10567.0
566.0	10531.0
567.0	10544.0
568.0	10294.0
569.0	10312.0
570.0	10258.0
571.0	10585.0
572.0	9963.0
573.0	9881.0
574.0	11106.0
575.0	10125.0
576.0	10084.0
577.0	10716.0
578.0	9902.0
579.0	9982.0
580.0	10109.0
581.0	10139.0
582.0	10148.0
583.0	10945.0
584.0	10152.0
585.0	10782.0
586.0	10651.0
587.0	10264.0
588.0	10408.0
589.0	9946.0
590.0	10240.0
591.0	10169.0
592.0	10242.0
593.0	10764.0
594.0	10488.0
595.0	10078.0
596.0	10272.0
597.0	10457.0
598.0	10178.0
599.0	9965.0
600.0	10423.0
601.0	10319.0
602.0	10321.0
603.0	10636.0
604.0	10185.0
605.0	9982.0
606.0	10902.0
607.0	10448.0
608.0	10359.0
609.0	10197.0
610.0	10150.0
611.0	9887.0
612.0	9946.0
613.0	10416.0
614.0	10001.0
615.0	9968.0
616.0	10527.0
617.0	10326.0
618.0	10289.0
619.0	9800.0
620.0	10307.0
621.0	10091.0
622.0	10050.0
623.0	10220.0
624.0	10468.0
625.0	10443.0
626.0	10002.0
627.0	10145.0
628.0	10190.0
629.0	10370.0
630.0	10364.0
631.0	10334.0
632.0	10303.0
633.0	9972.0
634.0	10375.0
635.0	10290.0
636.0	10543.0
637.0	10271.0
638.0	10198.0
639.0	9998.0
640.0	10355.0
641.0	10180.0
642.0	9812.0
643.0	9962.0
644.0	10474.0
645.0	10438.0
646.0	10170.0
647.0	10424.0
648.0	10143.0
649.0	9989.0
650.0	10153.0
651.0	10444.0
652.0	9858.0
653.0	9771.0
654.0	10509.0
655.0	10196.0
656.0	10065.0
657.0	10295.0
658.0	10259.0
659.0	9934.0
660.0	10532.0
661.0	10566.0
662.0	10403.0
663.0	10131.0
664.0	10404.0
665.0	10416.0
666.0	10292.0
667.0	10448.0
668.0	10041.0
669.0	10299.0
670.0	10250.0
671.0	9995.0
672.0	10273.0
673.0	9808.0
674.0	10510.0
675.0	10319.0
676.0	9924.0
677.0	10444.0
678.0	10305.0
679.0	9927.0
680.0	10353.0
681.0	10501.0
682.0	10312.0
683.0	10430.0
684.0	10362.0
685.0	10439.0
686.0	10152.0
687.0	10442.0
688.0	10175.0
689.0	10372.0
690.0	10310.0
691.0	9759.0
692.0	10454.0
693.0	10214.0
694.0	10359.0
695.0	10389.0
696.0	9854.0
697.0	10520.0
698.0	10045.0
699.0	10359.0
700.0	10013.0
701.0	9935.0
702.0	9812.0
703.0	10296.0
704.0	10357.0
705.0	10174.0
706.0	10587.0
707.0	10444.0
708.0	9899.0
709.0	10352.0
710.0	10675.0
711.0	10448.0
712.0	10255.0
713.0	10305.0
714.0	10005.0
715.0	10134.0
716.0	10212.0
717.0	10162.0
718.0	10347.0
719.0	9623.0
720.0	10238.0
721.0	10224.0
722.0	9995.0
723.0	9979.0
724.0	9837.0
725.0	10050.0
726.0	10220.0
727.0	10312.0
728.0	9826.0
729.0	10244.0
730.0	10264.0
731.0	10280.0
732.0	10123.0
733.0	10141.0
734.0	9911.0
735.0	10269.0
736.0	10125.0
737.0	10220.0
738.0	10308.0
739.0	10277.0
740.0	10128.0
741.0	10390.0
742.0	9712.0
743.0	10105.0
744.0	10334.0
745.0	10623.0
746.0	10443.0
747.0	10299.0
748.0	10000.0
749.0	10297.0
750.0	10076.0
751.0	10129.0
752.0	10289.0
753.0	10139.0
754.0	10362.0
755.0	10049.0
756.0	10454.0
757.0	10326.0
758.0	10436.0
759.0	10130.0
760.0	10530.0
761.0	10015.0
762.0	10264.0
763.0	10436.0
764.0	10476.0
765.0	10898.0
766.0	10231.0
767.0	10381.0
768.0	9836.0
769.0	10367.0
770.0	10320.0
771.0	10105.0
772.0	10235.0
773.0	9964.0
774.0	9993.0
775.0	9969.0
776.0	10065.0
777.0	10347.0
778.0	9912.0
779.0	10560.0
780.0	10021.0
781.0	10401.0
782.0	10416.0
783.0	10328.0
784.0	9821.0
785.0	10128.0
786.0	10208.0
787.0	9817.0
788.0	9817.0
789.0	9989.0
790.0	10293.0
791.0	10123.0
792.0	10376.0
793.0	10702.0
794.0	9950.0
795.0	10244.0
796.0	10419.0
797.0	10619.0
798.0	10412.0
799.0	10382.0
800.0	10211.0
