$itime = 500
$wv_start = 190.0
$hv = 1000
$grating = 2 1200 g/mm BLZ= 500  nm
$x_amps = 10
$x_volts = 45
$sample = DB2330
$date = 2023-07-03
$temp = 82.0
$wv_stop = 800.0
$time = 11:54:12.603000
$wv_step = 1.0
190.0	11616.0
191.0	11829.0
192.0	11860.0
193.0	11690.0
194.0	11627.0
195.0	11571.0
196.0	11451.0
197.0	11351.0
198.0	11475.0
199.0	11784.0
200.0	11632.0
201.0	11347.0
202.0	11989.0
203.0	12010.0
204.0	12034.0
205.0	11820.0
206.0	11788.0
207.0	11605.0
208.0	11248.0
209.0	11676.0
210.0	11848.0
211.0	11235.0
212.0	12021.0
213.0	11571.0
214.0	11390.0
215.0	12010.0
216.0	11546.0
217.0	11369.0
218.0	11265.0
219.0	11883.0
220.0	11383.0
221.0	11841.0
222.0	11889.0
223.0	12139.0
224.0	11547.0
225.0	11539.0
226.0	11960.0
227.0	11451.0
228.0	11090.0
229.0	11707.0
230.0	12034.0
231.0	11632.0
232.0	11696.0
233.0	11782.0
234.0	12119.0
235.0	11924.0
236.0	12111.0
237.0	11840.0
238.0	11478.0
239.0	11585.0
240.0	12006.0
241.0	11534.0
242.0	11720.0
243.0	11538.0
244.0	11363.0
245.0	12070.0
246.0	11206.0
247.0	11772.0
248.0	11769.0
249.0	11530.0
250.0	11694.0
251.0	11618.0
252.0	11397.0
253.0	11882.0
254.0	11409.0
255.0	11598.0
256.0	12080.0
257.0	11823.0
258.0	12011.0
259.0	11705.0
260.0	11975.0
261.0	11729.0
262.0	11989.0
263.0	11566.0
264.0	11192.0
265.0	12342.0
266.0	11373.0
267.0	11763.0
268.0	11579.0
269.0	11415.0
270.0	11529.0
271.0	11575.0
272.0	12091.0
273.0	11700.0
274.0	11776.0
275.0	11804.0
276.0	11622.0
277.0	11701.0
278.0	11733.0
279.0	12001.0
280.0	11745.0
281.0	12157.0
282.0	11567.0
283.0	12147.0
284.0	11731.0
285.0	12039.0
286.0	12422.0
287.0	12010.0
288.0	12038.0
289.0	11868.0
290.0	12144.0
291.0	11487.0
292.0	11940.0
293.0	11720.0
294.0	12066.0
295.0	11609.0
296.0	11829.0
297.0	11781.0
298.0	11605.0
299.0	12508.0
300.0	11512.0
301.0	11634.0
302.0	11702.0
303.0	11502.0
304.0	12201.0
305.0	12003.0
306.0	11731.0
307.0	12221.0
308.0	11943.0
309.0	11379.0
310.0	12150.0
311.0	12007.0
312.0	12269.0
313.0	12212.0
314.0	11843.0
315.0	12289.0
316.0	12188.0
317.0	11551.0
318.0	11849.0
319.0	12055.0
320.0	11798.0
321.0	11528.0
322.0	11908.0
323.0	11887.0
324.0	11812.0
325.0	12079.0
326.0	11792.0
327.0	12147.0
328.0	11981.0
329.0	11778.0
330.0	12051.0
331.0	11446.0
332.0	11797.0
333.0	11656.0
334.0	12063.0
335.0	11594.0
336.0	11909.0
337.0	11839.0
338.0	11811.0
339.0	11986.0
340.0	11940.0
341.0	11277.0
342.0	11262.0
343.0	12240.0
344.0	11799.0
345.0	12010.0
346.0	11520.0
347.0	11412.0
348.0	12232.0
349.0	11485.0
350.0	11839.0
351.0	12028.0
352.0	11674.0
353.0	11972.0
354.0	11983.0
355.0	11612.0
356.0	11454.0
357.0	11849.0
358.0	12129.0
359.0	11943.0
360.0	12060.0
361.0	11418.0
362.0	11910.0
363.0	11721.0
364.0	11472.0
365.0	11513.0
366.0	11592.0
367.0	11804.0
368.0	11690.0
369.0	11662.0
370.0	11844.0
371.0	11919.0
372.0	11683.0
373.0	12038.0
374.0	11836.0
375.0	11694.0
376.0	11839.0
377.0	11520.0
378.0	11534.0
379.0	11751.0
380.0	11817.0
381.0	12232.0
382.0	11404.0
383.0	11570.0
384.0	12090.0
385.0	12014.0
386.0	11919.0
387.0	11489.0
388.0	11570.0
389.0	11829.0
390.0	11512.0
391.0	11890.0
392.0	11621.0
393.0	12297.0
394.0	11819.0
395.0	12107.0
396.0	11631.0
397.0	11257.0
398.0	12074.0
399.0	12088.0
400.0	11731.0
401.0	11759.0
402.0	12383.0
403.0	11968.0
404.0	11727.0
405.0	11568.0
406.0	11664.0
407.0	12014.0
408.0	12392.0
409.0	11899.0
410.0	11720.0
411.0	11758.0
412.0	11404.0
413.0	11403.0
414.0	11822.0
415.0	12027.0
416.0	11872.0
417.0	11402.0
418.0	11612.0
419.0	11841.0
420.0	11989.0
421.0	12347.0
422.0	11661.0
423.0	11908.0
424.0	11559.0
425.0	11860.0
426.0	11705.0
427.0	11599.0
428.0	11062.0
429.0	12069.0
430.0	11526.0
431.0	11978.0
432.0	11497.0
433.0	12126.0
434.0	11425.0
435.0	11685.0
436.0	11916.0
437.0	12152.0
438.0	11880.0
439.0	12019.0
440.0	11417.0
441.0	11829.0
442.0	11678.0
443.0	11519.0
444.0	11631.0
445.0	11837.0
446.0	11773.0
447.0	11693.0
448.0	11706.0
449.0	12016.0
450.0	12025.0
451.0	11888.0
452.0	12071.0
453.0	11547.0
454.0	11792.0
455.0	11925.0
456.0	11749.0
457.0	12091.0
458.0	11570.0
459.0	11907.0
460.0	11752.0
461.0	12137.0
462.0	12393.0
463.0	11973.0
464.0	11391.0
465.0	11755.0
466.0	12195.0
467.0	12243.0
468.0	12153.0
469.0	12263.0
470.0	11929.0
471.0	11754.0
472.0	12358.0
473.0	12056.0
474.0	11824.0
475.0	12103.0
476.0	12206.0
477.0	12268.0
478.0	12355.0
479.0	13094.0
480.0	13747.0
481.0	13538.0
482.0	12915.0
483.0	12337.0
484.0	12359.0
485.0	12287.0
486.0	11605.0
487.0	12161.0
488.0	12615.0
489.0	12305.0
490.0	12468.0
491.0	12288.0
492.0	12131.0
493.0	12505.0
494.0	12165.0
495.0	12525.0
496.0	12535.0
497.0	12398.0
498.0	12646.0
499.0	13434.0
500.0	13192.0
501.0	12695.0
502.0	12939.0
503.0	13530.0
504.0	12902.0
505.0	12387.0
506.0	12752.0
507.0	12533.0
508.0	12842.0
509.0	12324.0
510.0	12814.0
511.0	12755.0
512.0	12354.0
513.0	12364.0
514.0	12052.0
515.0	11868.0
516.0	12472.0
517.0	12454.0
518.0	12351.0
519.0	12711.0
520.0	11663.0
521.0	12469.0
522.0	12961.0
523.0	11910.0
524.0	11859.0
525.0	12142.0
526.0	12126.0
527.0	12649.0
528.0	12299.0
529.0	12267.0
530.0	12212.0
531.0	12289.0
532.0	12444.0
533.0	12126.0
534.0	11914.0
535.0	12238.0
536.0	11886.0
537.0	12495.0
538.0	12104.0
539.0	12549.0
540.0	12576.0
541.0	12155.0
542.0	11841.0
543.0	11924.0
544.0	11843.0
545.0	12497.0
546.0	11762.0
547.0	12066.0
548.0	12034.0
549.0	11917.0
550.0	12023.0
551.0	12420.0
552.0	12218.0
553.0	12517.0
554.0	12066.0
555.0	12058.0
556.0	11766.0
557.0	12350.0
558.0	11650.0
559.0	12135.0
560.0	12170.0
561.0	12263.0
562.0	12110.0
563.0	12171.0
564.0	12062.0
565.0	11893.0
566.0	12193.0
567.0	11938.0
568.0	11875.0
569.0	12679.0
570.0	12086.0
571.0	12020.0
572.0	11975.0
573.0	12255.0
574.0	12262.0
575.0	12562.0
576.0	12114.0
577.0	12160.0
578.0	12045.0
579.0	12034.0
580.0	12197.0
581.0	11812.0
582.0	11914.0
583.0	11577.0
584.0	11984.0
585.0	11850.0
586.0	11791.0
587.0	11997.0
588.0	12359.0
589.0	12071.0
590.0	12106.0
591.0	11762.0
592.0	11499.0
593.0	11424.0
594.0	12202.0
595.0	11616.0
596.0	11970.0
597.0	11709.0
598.0	11622.0
599.0	11893.0
600.0	11783.0
601.0	11748.0
602.0	11787.0
603.0	11606.0
604.0	12069.0
605.0	11750.0
606.0	11616.0
607.0	11703.0
608.0	12046.0
609.0	11811.0
610.0	11823.0
611.0	11952.0
612.0	11600.0
613.0	11900.0
614.0	11457.0
615.0	11922.0
616.0	11683.0
617.0	12091.0
618.0	11511.0
619.0	11799.0
620.0	11782.0
621.0	11945.0
622.0	11829.0
623.0	12021.0
624.0	11651.0
625.0	11480.0
626.0	11685.0
627.0	12187.0
628.0	11911.0
629.0	11634.0
630.0	11577.0
631.0	11377.0
632.0	12263.0
633.0	11959.0
634.0	11904.0
635.0	11579.0
636.0	11941.0
637.0	11864.0
638.0	11669.0
639.0	12127.0
640.0	11693.0
641.0	11384.0
642.0	12022.0
643.0	11732.0
644.0	11511.0
645.0	11512.0
646.0	11383.0
647.0	11374.0
648.0	11800.0
649.0	11908.0
650.0	12153.0
651.0	11854.0
652.0	11753.0
653.0	11943.0
654.0	11683.0
655.0	11548.0
656.0	11948.0
657.0	11918.0
658.0	11764.0
659.0	11691.0
660.0	11594.0
661.0	12118.0
662.0	11878.0
663.0	11493.0
664.0	11408.0
665.0	12001.0
666.0	11890.0
667.0	11550.0
668.0	11682.0
669.0	12079.0
670.0	11596.0
671.0	11733.0
672.0	12024.0
673.0	11371.0
674.0	12516.0
675.0	11989.0
676.0	11994.0
677.0	11756.0
678.0	12083.0
679.0	12437.0
680.0	11710.0
681.0	11999.0
682.0	11558.0
683.0	11859.0
684.0	11398.0
685.0	11574.0
686.0	11848.0
687.0	11274.0
688.0	12028.0
689.0	12042.0
690.0	11748.0
691.0	12434.0
692.0	12215.0
693.0	11847.0
694.0	11685.0
695.0	11823.0
696.0	11570.0
697.0	11752.0
698.0	11621.0
699.0	11618.0
700.0	11929.0
701.0	11464.0
702.0	12045.0
703.0	12261.0
704.0	11515.0
705.0	11716.0
706.0	11855.0
707.0	11675.0
708.0	11906.0
709.0	11405.0
710.0	11689.0
711.0	11433.0
712.0	11669.0
713.0	11914.0
714.0	11512.0
715.0	12197.0
716.0	11408.0
717.0	11696.0
718.0	12474.0
719.0	11710.0
720.0	11625.0
721.0	11669.0
722.0	11680.0
723.0	11440.0
724.0	11859.0
725.0	11854.0
726.0	11609.0
727.0	12042.0
728.0	11826.0
729.0	11789.0
730.0	11884.0
731.0	12062.0
732.0	12300.0
733.0	12007.0
734.0	11166.0
735.0	11586.0
736.0	12109.0
737.0	11526.0
738.0	11819.0
739.0	11356.0
740.0	12094.0
741.0	11859.0
742.0	11144.0
743.0	11837.0
744.0	11336.0
745.0	11477.0
746.0	11753.0
747.0	11964.0
748.0	11810.0
749.0	11929.0
750.0	11931.0
751.0	11797.0
752.0	12034.0
753.0	12047.0
754.0	11829.0
755.0	11514.0
756.0	11767.0
757.0	11651.0
758.0	11705.0
759.0	11701.0
760.0	11808.0
761.0	11760.0
762.0	11771.0
763.0	11598.0
764.0	11516.0
765.0	11814.0
766.0	11669.0
767.0	11979.0
768.0	11760.0
769.0	12084.0
770.0	11975.0
771.0	11679.0
772.0	11506.0
773.0	12022.0
774.0	11334.0
775.0	12200.0
776.0	11602.0
777.0	11612.0
778.0	11679.0
779.0	12109.0
780.0	11914.0
781.0	11802.0
782.0	11536.0
783.0	11612.0
784.0	11315.0
785.0	11639.0
786.0	11521.0
787.0	11430.0
788.0	11309.0
789.0	11777.0
790.0	11796.0
791.0	11560.0
792.0	11919.0
793.0	12148.0
794.0	11539.0
795.0	12103.0
796.0	11813.0
797.0	11983.0
798.0	11663.0
799.0	11903.0
800.0	11761.0
