$itime = 500
$wv_start = 190.0
$hv = 1000
$grating = 2 1200 g/mm BLZ= 500  nm
$x_amps = 10
$x_volts = 45
$sample = DB2330
$date = 2023-07-03
$temp = 172.0
$wv_stop = 800.0
$time = 11:54:12.603000
$wv_step = 1.0
190.0	10516.0
191.0	10442.0
192.0	11115.0
193.0	10579.0
194.0	10715.0
195.0	10913.0
196.0	10981.0
197.0	10450.0
198.0	10474.0
199.0	10197.0
200.0	10373.0
201.0	10831.0
202.0	10926.0
203.0	11119.0
204.0	11107.0
205.0	11204.0
206.0	10999.0
207.0	10649.0
208.0	10815.0
209.0	10497.0
210.0	10949.0
211.0	10669.0
212.0	10922.0
213.0	10941.0
214.0	11051.0
215.0	10873.0
216.0	11108.0
217.0	10935.0
218.0	11030.0
219.0	10807.0
220.0	11101.0
221.0	10735.0
222.0	10922.0
223.0	10974.0
224.0	11037.0
225.0	10988.0
226.0	10987.0
227.0	10478.0
228.0	10851.0
229.0	10961.0
230.0	10981.0
231.0	10740.0
232.0	11355.0
233.0	10713.0
234.0	10855.0
235.0	11101.0
236.0	10807.0
237.0	10784.0
238.0	10903.0
239.0	11223.0
240.0	11416.0
241.0	10676.0
242.0	10928.0
243.0	11029.0
244.0	10915.0
245.0	10905.0
246.0	10890.0
247.0	11112.0
248.0	10940.0
249.0	10939.0
250.0	11106.0
251.0	10693.0
252.0	10949.0
253.0	11007.0
254.0	10707.0
255.0	11109.0
256.0	10715.0
257.0	10567.0
258.0	11014.0
259.0	11181.0
260.0	10736.0
261.0	11040.0
262.0	10470.0
263.0	10715.0
264.0	11077.0
265.0	10442.0
266.0	10848.0
267.0	11019.0
268.0	10851.0
269.0	10815.0
270.0	10581.0
271.0	10689.0
272.0	11079.0
273.0	10900.0
274.0	10596.0
275.0	10839.0
276.0	10799.0
277.0	11139.0
278.0	10982.0
279.0	10753.0
280.0	10860.0
281.0	11270.0
282.0	10800.0
283.0	11262.0
284.0	10692.0
285.0	11053.0
286.0	11084.0
287.0	10927.0
288.0	10857.0
289.0	10973.0
290.0	11135.0
291.0	11084.0
292.0	11371.0
293.0	10788.0
294.0	11200.0
295.0	11084.0
296.0	11190.0
297.0	10697.0
298.0	11232.0
299.0	10693.0
300.0	10434.0
301.0	10725.0
302.0	10979.0
303.0	10978.0
304.0	11170.0
305.0	11105.0
306.0	10451.0
307.0	10991.0
308.0	11151.0
309.0	11321.0
310.0	11015.0
311.0	11342.0
312.0	11245.0
313.0	10803.0
314.0	11464.0
315.0	11136.0
316.0	10836.0
317.0	11140.0
318.0	10853.0
319.0	11101.0
320.0	10789.0
321.0	11151.0
322.0	11217.0
323.0	10651.0
324.0	11450.0
325.0	10950.0
326.0	10949.0
327.0	11280.0
328.0	11286.0
329.0	11187.0
330.0	11318.0
331.0	10974.0
332.0	10957.0
333.0	11041.0
334.0	10919.0
335.0	11082.0
336.0	11009.0
337.0	10988.0
338.0	11193.0
339.0	11234.0
340.0	10851.0
341.0	10586.0
342.0	11130.0
343.0	10795.0
344.0	11651.0
345.0	11270.0
346.0	10765.0
347.0	10500.0
348.0	10662.0
349.0	10575.0
350.0	10989.0
351.0	11322.0
352.0	10915.0
353.0	11275.0
354.0	11274.0
355.0	10796.0
356.0	10988.0
357.0	10658.0
358.0	10985.0
359.0	10398.0
360.0	11034.0
361.0	11060.0
362.0	10674.0
363.0	10575.0
364.0	10889.0
365.0	10845.0
366.0	11356.0
367.0	11051.0
368.0	11050.0
369.0	10997.0
370.0	10764.0
371.0	11008.0
372.0	10966.0
373.0	11037.0
374.0	11373.0
375.0	10526.0
376.0	10855.0
377.0	11080.0
378.0	10417.0
379.0	10455.0
380.0	10765.0
381.0	10481.0
382.0	11123.0
383.0	10846.0
384.0	10596.0
385.0	10956.0
386.0	11125.0
387.0	10944.0
388.0	11191.0
389.0	11042.0
390.0	10563.0
391.0	10978.0
392.0	11221.0
393.0	10480.0
394.0	10626.0
395.0	10733.0
396.0	10623.0
397.0	11279.0
398.0	10725.0
399.0	10949.0
400.0	11360.0
401.0	10655.0
402.0	11131.0
403.0	10857.0
404.0	11201.0
405.0	11099.0
406.0	11134.0
407.0	11035.0
408.0	10992.0
409.0	10649.0
410.0	10949.0
411.0	11133.0
412.0	10535.0
413.0	10682.0
414.0	10837.0
415.0	10190.0
416.0	11459.0
417.0	10413.0
418.0	10928.0
419.0	10989.0
420.0	10700.0
421.0	10992.0
422.0	10498.0
423.0	10620.0
424.0	10563.0
425.0	10696.0
426.0	10668.0
427.0	10943.0
428.0	10828.0
429.0	10985.0
430.0	10844.0
431.0	10833.0
432.0	11014.0
433.0	10951.0
434.0	10715.0
435.0	10827.0
436.0	10946.0
437.0	10985.0
438.0	10855.0
439.0	10822.0
440.0	10659.0
441.0	10935.0
442.0	10997.0
443.0	11189.0
444.0	10835.0
445.0	10858.0
446.0	10876.0
447.0	11617.0
448.0	10873.0
449.0	10936.0
450.0	11034.0
451.0	11390.0
452.0	11033.0
453.0	10973.0
454.0	10799.0
455.0	11094.0
456.0	10899.0
457.0	10908.0
458.0	11034.0
459.0	10910.0
460.0	11114.0
461.0	10909.0
462.0	10943.0
463.0	11850.0
464.0	10896.0
465.0	11561.0
466.0	11262.0
467.0	11242.0
468.0	10889.0
469.0	10899.0
470.0	11693.0
471.0	11504.0
472.0	11532.0
473.0	11208.0
474.0	11286.0
475.0	10731.0
476.0	11737.0
477.0	11421.0
478.0	11799.0
479.0	11682.0
480.0	12281.0
481.0	11679.0
482.0	11952.0
483.0	11236.0
484.0	11935.0
485.0	11369.0
486.0	11495.0
487.0	11302.0
488.0	11465.0
489.0	11538.0
490.0	11254.0
491.0	11945.0
492.0	11686.0
493.0	11547.0
494.0	11733.0
495.0	11531.0
496.0	11528.0
497.0	12126.0
498.0	11551.0
499.0	12098.0
500.0	12267.0
501.0	12586.0
502.0	12492.0
503.0	12156.0
504.0	12420.0
505.0	11919.0
506.0	11740.0
507.0	11519.0
508.0	11808.0
509.0	11488.0
510.0	12205.0
511.0	11404.0
512.0	11451.0
513.0	11404.0
514.0	11495.0
515.0	11048.0
516.0	11587.0
517.0	11564.0
518.0	11755.0
519.0	11539.0
520.0	11694.0
521.0	11406.0
522.0	11055.0
523.0	11026.0
524.0	11626.0
525.0	11216.0
526.0	11607.0
527.0	11398.0
528.0	11546.0
529.0	11691.0
530.0	11516.0
531.0	11696.0
532.0	11228.0
533.0	11702.0
534.0	11452.0
535.0	11402.0
536.0	11755.0
537.0	11399.0
538.0	11275.0
539.0	11231.0
540.0	11181.0
541.0	11233.0
542.0	11471.0
543.0	11356.0
544.0	10800.0
545.0	11417.0
546.0	11012.0
547.0	11472.0
548.0	11887.0
549.0	11265.0
550.0	11787.0
551.0	10940.0
552.0	11352.0
553.0	10900.0
554.0	11236.0
555.0	11001.0
556.0	10928.0
557.0	11680.0
558.0	11605.0
559.0	11724.0
560.0	11434.0
561.0	11325.0
562.0	10980.0
563.0	11157.0
564.0	11065.0
565.0	10952.0
566.0	11019.0
567.0	10608.0
568.0	11465.0
569.0	10889.0
570.0	11282.0
571.0	10944.0
572.0	11698.0
573.0	10978.0
574.0	11034.0
575.0	10473.0
576.0	10903.0
577.0	10973.0
578.0	11167.0
579.0	11727.0
580.0	11165.0
581.0	11360.0
582.0	11026.0
583.0	10489.0
584.0	11342.0
585.0	10980.0
586.0	10586.0
587.0	10949.0
588.0	10817.0
589.0	10877.0
590.0	10657.0
591.0	11244.0
592.0	10830.0
593.0	11151.0
594.0	11149.0
595.0	11173.0
596.0	10881.0
597.0	10724.0
598.0	11184.0
599.0	11037.0
600.0	11410.0
601.0	11128.0
602.0	10709.0
603.0	10693.0
604.0	11026.0
605.0	10737.0
606.0	11060.0
607.0	10981.0
608.0	11366.0
609.0	10604.0
610.0	11313.0
611.0	10835.0
612.0	11184.0
613.0	10769.0
614.0	10877.0
615.0	10839.0
616.0	10856.0
617.0	10815.0
618.0	10768.0
619.0	10803.0
620.0	11315.0
621.0	10290.0
622.0	11253.0
623.0	10856.0
624.0	11012.0
625.0	10932.0
626.0	11157.0
627.0	11015.0
628.0	11260.0
629.0	10766.0
630.0	10606.0
631.0	10696.0
632.0	11219.0
633.0	11026.0
634.0	11376.0
635.0	11007.0
636.0	11326.0
637.0	11109.0
638.0	10503.0
639.0	11275.0
640.0	11664.0
641.0	11380.0
642.0	10993.0
643.0	11054.0
644.0	10945.0
645.0	11149.0
646.0	10610.0
647.0	11119.0
648.0	11034.0
649.0	10975.0
650.0	11429.0
651.0	11281.0
652.0	10634.0
653.0	11043.0
654.0	10859.0
655.0	11200.0
656.0	10604.0
657.0	10852.0
658.0	10930.0
659.0	10367.0
660.0	11103.0
661.0	10480.0
662.0	11152.0
663.0	11057.0
664.0	10692.0
665.0	10904.0
666.0	10820.0
667.0	11007.0
668.0	10871.0
669.0	10174.0
670.0	11137.0
671.0	10925.0
672.0	11343.0
673.0	10667.0
674.0	10681.0
675.0	10945.0
676.0	11122.0
677.0	11112.0
678.0	10828.0
679.0	10980.0
680.0	11312.0
681.0	11512.0
682.0	10479.0
683.0	10869.0
684.0	10949.0
685.0	11022.0
686.0	11007.0
687.0	11214.0
688.0	10879.0
689.0	11109.0
690.0	10997.0
691.0	10672.0
692.0	11001.0
693.0	10873.0
694.0	10712.0
695.0	10927.0
696.0	10666.0
697.0	10850.0
698.0	10642.0
699.0	10753.0
700.0	10757.0
701.0	10969.0
702.0	10912.0
703.0	10581.0
704.0	11013.0
705.0	11151.0
706.0	11082.0
707.0	11208.0
708.0	11043.0
709.0	10831.0
710.0	10453.0
711.0	10722.0
712.0	11134.0
713.0	10725.0
714.0	10619.0
715.0	10929.0
716.0	10962.0
717.0	10883.0
718.0	10968.0
719.0	11390.0
720.0	10880.0
721.0	10702.0
722.0	10945.0
723.0	10899.0
724.0	10622.0
725.0	11029.0
726.0	11106.0
727.0	10642.0
728.0	11575.0
729.0	10905.0
730.0	11145.0
731.0	11168.0
732.0	10887.0
733.0	10558.0
734.0	11048.0
735.0	10784.0
736.0	10538.0
737.0	10635.0
738.0	10908.0
739.0	10361.0
740.0	10701.0
741.0	10812.0
742.0	10865.0
743.0	10803.0
744.0	10699.0
745.0	10532.0
746.0	10876.0
747.0	10622.0
748.0	11049.0
749.0	11403.0
750.0	10817.0
751.0	11367.0
752.0	10585.0
753.0	11150.0
754.0	10681.0
755.0	11246.0
756.0	11458.0
757.0	10921.0
758.0	11044.0
759.0	11048.0
760.0	10762.0
761.0	11130.0
762.0	10759.0
763.0	10880.0
764.0	10869.0
765.0	10572.0
766.0	11001.0
767.0	11226.0
768.0	10891.0
769.0	11084.0
770.0	10280.0
771.0	10563.0
772.0	11471.0
773.0	10936.0
774.0	10266.0
775.0	10822.0
776.0	10962.0
777.0	10945.0
778.0	10792.0
779.0	10591.0
780.0	10710.0
781.0	11006.0
782.0	10854.0
783.0	10772.0
784.0	10894.0
785.0	10784.0
786.0	11007.0
787.0	11356.0
788.0	11209.0
789.0	11115.0
790.0	11409.0
791.0	10775.0
792.0	10429.0
793.0	10590.0
794.0	10790.0
795.0	11059.0
796.0	10792.0
797.0	10495.0
798.0	10788.0
799.0	11044.0
800.0	11154.0
