$itime = 500
$wv_start = 190.0
$hv = 1000
$grating = 2 1200 g/mm BLZ= 500  nm
$x_amps = 10
$x_volts = 45
$sample = DB2330
$date = 2023-07-03
$temp = 32.01
$wv_stop = 800.0
$time = 11:54:12.603000
$wv_step = 1.0
190.0	12776.0
191.0	12157.0
192.0	12255.0
193.0	12179.0
194.0	11958.0
195.0	12505.0
196.0	12023.0
197.0	12061.0
198.0	11893.0
199.0	11616.0
200.0	11905.0
201.0	11839.0
202.0	12602.0
203.0	11973.0
204.0	11727.0
205.0	11985.0
206.0	12022.0
207.0	11802.0
208.0	11966.0
209.0	12132.0
210.0	12517.0
211.0	12144.0
212.0	11684.0
213.0	12165.0
214.0	12055.0
215.0	11949.0
216.0	12267.0
217.0	12369.0
218.0	12143.0
219.0	11750.0
220.0	11967.0
221.0	11647.0
222.0	12142.0
223.0	12069.0
224.0	11665.0
225.0	12211.0
226.0	12501.0
227.0	12127.0
228.0	11787.0
229.0	12411.0
230.0	11935.0
231.0	12007.0
232.0	11821.0
233.0	11840.0
234.0	11842.0
235.0	11693.0
236.0	12271.0
237.0	12005.0
238.0	12013.0
239.0	11854.0
240.0	11946.0
241.0	11883.0
242.0	12236.0
243.0	12196.0
244.0	12309.0
245.0	12094.0
246.0	12187.0
247.0	12225.0
248.0	11836.0
249.0	11789.0
250.0	12544.0
251.0	12097.0
252.0	12144.0
253.0	12235.0
254.0	11973.0
255.0	12036.0
256.0	12259.0
257.0	12274.0
258.0	11596.0
259.0	12077.0
260.0	12135.0
261.0	12427.0
262.0	11904.0
263.0	11501.0
264.0	12347.0
265.0	12853.0
266.0	12139.0
267.0	12208.0
268.0	11927.0
269.0	12224.0
270.0	12226.0
271.0	12237.0
272.0	11959.0
273.0	11843.0
274.0	12270.0
275.0	12275.0
276.0	12285.0
277.0	12662.0
278.0	12142.0
279.0	12058.0
280.0	12415.0
281.0	12265.0
282.0	12176.0
283.0	12040.0
284.0	12180.0
285.0	12409.0
286.0	12059.0
287.0	12213.0
288.0	11985.0
289.0	12570.0
290.0	12407.0
291.0	12383.0
292.0	12593.0
293.0	11919.0
294.0	12208.0
295.0	12585.0
296.0	12120.0
297.0	12378.0
298.0	11834.0
299.0	12488.0
300.0	11747.0
301.0	12214.0
302.0	12083.0
303.0	12034.0
304.0	12506.0
305.0	12017.0
306.0	12232.0
307.0	11868.0
308.0	12016.0
309.0	12201.0
310.0	11741.0
311.0	11979.0
312.0	11336.0
313.0	12148.0
314.0	12653.0
315.0	12153.0
316.0	12232.0
317.0	11740.0
318.0	12462.0
319.0	11943.0
320.0	12215.0
321.0	11989.0
322.0	12006.0
323.0	12390.0
324.0	12339.0
325.0	11868.0
326.0	12489.0
327.0	12434.0
328.0	12585.0
329.0	11499.0
330.0	12387.0
331.0	12084.0
332.0	12272.0
333.0	12046.0
334.0	11892.0
335.0	12185.0
336.0	11981.0
337.0	12179.0
338.0	12305.0
339.0	11727.0
340.0	12496.0
341.0	11943.0
342.0	12264.0
343.0	11984.0
344.0	12398.0
345.0	11991.0
346.0	12564.0
347.0	12045.0
348.0	12496.0
349.0	12165.0
350.0	12014.0
351.0	12062.0
352.0	12158.0
353.0	11822.0
354.0	11782.0
355.0	12427.0
356.0	12087.0
357.0	12029.0
358.0	12341.0
359.0	12251.0
360.0	12045.0
361.0	11971.0
362.0	12096.0
363.0	12605.0
364.0	12153.0
365.0	12091.0
366.0	11622.0
367.0	11420.0
368.0	12253.0
369.0	11987.0
370.0	11945.0
371.0	12553.0
372.0	12166.0
373.0	12045.0
374.0	12063.0
375.0	12544.0
376.0	12229.0
377.0	11964.0
378.0	12232.0
379.0	12518.0
380.0	12348.0
381.0	12215.0
382.0	12512.0
383.0	12432.0
384.0	12353.0
385.0	11846.0
386.0	11605.0
387.0	12045.0
388.0	12223.0
389.0	12165.0
390.0	12215.0
391.0	11970.0
392.0	12530.0
393.0	11547.0
394.0	12142.0
395.0	12074.0
396.0	12460.0
397.0	11838.0
398.0	12321.0
399.0	12347.0
400.0	12131.0
401.0	12261.0
402.0	12635.0
403.0	12181.0
404.0	12543.0
405.0	11952.0
406.0	12556.0
407.0	12058.0
408.0	11942.0
409.0	12014.0
410.0	12586.0
411.0	12070.0
412.0	11732.0
413.0	12069.0
414.0	11779.0
415.0	12435.0
416.0	12092.0
417.0	12610.0
418.0	12134.0
419.0	12589.0
420.0	12114.0
421.0	11877.0
422.0	12176.0
423.0	11900.0
424.0	11880.0
425.0	12103.0
426.0	12333.0
427.0	11856.0
428.0	12025.0
429.0	11618.0
430.0	12259.0
431.0	12084.0
432.0	12156.0
433.0	12630.0
434.0	11605.0
435.0	11813.0
436.0	12296.0
437.0	12502.0
438.0	12145.0
439.0	12324.0
440.0	12627.0
441.0	12097.0
442.0	12023.0
443.0	12537.0
444.0	11777.0
445.0	12160.0
446.0	12322.0
447.0	12111.0
448.0	12399.0
449.0	11887.0
450.0	12238.0
451.0	12451.0
452.0	11448.0
453.0	12425.0
454.0	12215.0
455.0	12237.0
456.0	12422.0
457.0	12060.0
458.0	12740.0
459.0	12045.0
460.0	12005.0
461.0	11887.0
462.0	12526.0
463.0	12190.0
464.0	12235.0
465.0	12341.0
466.0	12709.0
467.0	12560.0
468.0	11846.0
469.0	12383.0
470.0	12348.0
471.0	12152.0
472.0	12326.0
473.0	12090.0
474.0	12042.0
475.0	12759.0
476.0	12298.0
477.0	12012.0
478.0	12703.0
479.0	13350.0
480.0	14212.0
481.0	13859.0
482.0	13004.0
483.0	12702.0
484.0	12719.0
485.0	12602.0
486.0	12710.0
487.0	12605.0
488.0	12706.0
489.0	12586.0
490.0	12333.0
491.0	13067.0
492.0	12561.0
493.0	12342.0
494.0	12390.0
495.0	12405.0
496.0	12659.0
497.0	12189.0
498.0	12716.0
499.0	13273.0
500.0	13160.0
501.0	13093.0
502.0	13206.0
503.0	13178.0
504.0	13312.0
505.0	13258.0
506.0	13307.0
507.0	13031.0
508.0	12734.0
509.0	12630.0
510.0	13507.0
511.0	12783.0
512.0	12549.0
513.0	12695.0
514.0	12539.0
515.0	13029.0
516.0	12025.0
517.0	12897.0
518.0	12578.0
519.0	12437.0
520.0	12275.0
521.0	12978.0
522.0	12851.0
523.0	12828.0
524.0	12740.0
525.0	12779.0
526.0	12576.0
527.0	12952.0
528.0	12727.0
529.0	12487.0
530.0	12445.0
531.0	12103.0
532.0	12634.0
533.0	12141.0
534.0	12330.0
535.0	12700.0
536.0	12679.0
537.0	12761.0
538.0	12314.0
539.0	11886.0
540.0	12569.0
541.0	12524.0
542.0	12950.0
543.0	12820.0
544.0	12480.0
545.0	12332.0
546.0	12686.0
547.0	12688.0
548.0	12492.0
549.0	12719.0
550.0	12253.0
551.0	12291.0
552.0	12407.0
553.0	12362.0
554.0	12529.0
555.0	12563.0
556.0	12143.0
557.0	11920.0
558.0	12296.0
559.0	13158.0
560.0	12803.0
561.0	12177.0
562.0	12232.0
563.0	12445.0
564.0	12134.0
565.0	12556.0
566.0	12728.0
567.0	12686.0
568.0	12659.0
569.0	12420.0
570.0	12461.0
571.0	12569.0
572.0	12230.0
573.0	12504.0
574.0	12777.0
575.0	12858.0
576.0	11814.0
577.0	12341.0
578.0	12626.0
579.0	12542.0
580.0	12010.0
581.0	12231.0
582.0	12586.0
583.0	11940.0
584.0	12348.0
585.0	12361.0
586.0	12174.0
587.0	12034.0
588.0	12372.0
589.0	12725.0
590.0	12150.0
591.0	12634.0
592.0	12066.0
593.0	11843.0
594.0	11902.0
595.0	12365.0
596.0	12334.0
597.0	11892.0
598.0	12363.0
599.0	12179.0
600.0	12224.0
601.0	12027.0
602.0	12717.0
603.0	12060.0
604.0	12186.0
605.0	12609.0
606.0	12337.0
607.0	12286.0
608.0	12331.0
609.0	12434.0
610.0	12261.0
611.0	12192.0
612.0	12369.0
613.0	12543.0
614.0	11981.0
615.0	12226.0
616.0	12291.0
617.0	12006.0
618.0	12664.0
619.0	12329.0
620.0	12376.0
621.0	12223.0
622.0	12373.0
623.0	12533.0
624.0	12439.0
625.0	12903.0
626.0	12287.0
627.0	12139.0
628.0	12231.0
629.0	12180.0
630.0	12199.0
631.0	12199.0
632.0	12109.0
633.0	12227.0
634.0	11935.0
635.0	12152.0
636.0	12223.0
637.0	12544.0
638.0	12373.0
639.0	11698.0
640.0	12148.0
641.0	12142.0
642.0	12094.0
643.0	12452.0
644.0	12528.0
645.0	12490.0
646.0	12139.0
647.0	12223.0
648.0	11943.0
649.0	12070.0
650.0	12320.0
651.0	11788.0
652.0	12312.0
653.0	12093.0
654.0	12374.0
655.0	12285.0
656.0	11796.0
657.0	12347.0
658.0	12259.0
659.0	11979.0
660.0	12116.0
661.0	11775.0
662.0	12315.0
663.0	11889.0
664.0	12460.0
665.0	12218.0
666.0	12341.0
667.0	12061.0
668.0	11934.0
669.0	12063.0
670.0	11853.0
671.0	12446.0
672.0	12291.0
673.0	12514.0
674.0	12409.0
675.0	12399.0
676.0	12205.0
677.0	12368.0
678.0	11780.0
679.0	11991.0
680.0	12095.0
681.0	12577.0
682.0	12465.0
683.0	12024.0
684.0	12206.0
685.0	12274.0
686.0	11849.0
687.0	12247.0
688.0	11929.0
689.0	12551.0
690.0	12772.0
691.0	11992.0
692.0	12203.0
693.0	12336.0
694.0	12590.0
695.0	13074.0
696.0	12439.0
697.0	11918.0
698.0	12254.0
699.0	12451.0
700.0	11887.0
701.0	12325.0
702.0	12325.0
703.0	11842.0
704.0	12286.0
705.0	12092.0
706.0	11666.0
707.0	12392.0
708.0	11674.0
709.0	12300.0
710.0	12336.0
711.0	12229.0
712.0	12045.0
713.0	12196.0
714.0	11947.0
715.0	11848.0
716.0	12222.0
717.0	12083.0
718.0	12464.0
719.0	12040.0
720.0	12301.0
721.0	12541.0
722.0	11931.0
723.0	12417.0
724.0	12351.0
725.0	12060.0
726.0	12062.0
727.0	12033.0
728.0	12342.0
729.0	12153.0
730.0	12061.0
731.0	12230.0
732.0	12262.0
733.0	12175.0
734.0	12343.0
735.0	12044.0
736.0	12071.0
737.0	12651.0
738.0	11547.0
739.0	12225.0
740.0	11843.0
741.0	11836.0
742.0	12358.0
743.0	12739.0
744.0	11915.0
745.0	11980.0
746.0	12259.0
747.0	12118.0
748.0	11876.0
749.0	11998.0
750.0	11703.0
751.0	12420.0
752.0	11868.0
753.0	12186.0
754.0	12296.0
755.0	12577.0
756.0	11918.0
757.0	12179.0
758.0	11951.0
759.0	12091.0
760.0	12370.0
761.0	12293.0
762.0	12091.0
763.0	12441.0
764.0	12082.0
765.0	12393.0
766.0	12135.0
767.0	12629.0
768.0	11893.0
769.0	12547.0
770.0	12240.0
771.0	12103.0
772.0	11818.0
773.0	12288.0
774.0	12511.0
775.0	12065.0
776.0	12078.0
777.0	11746.0
778.0	11921.0
779.0	11872.0
780.0	11802.0
781.0	12251.0
782.0	12197.0
783.0	11892.0
784.0	11936.0
785.0	12201.0
786.0	12218.0
787.0	12042.0
788.0	12212.0
789.0	12514.0
790.0	11667.0
791.0	12259.0
792.0	12324.0
793.0	11958.0
794.0	11755.0
795.0	12373.0
796.0	12434.0
797.0	12319.0
798.0	12147.0
799.0	12208.0
800.0	11923.0
