$itime = 500
$wv_start = 190.0
$hv = 1000
$grating = 2 1200 g/mm BLZ= 500  nm
$x_amps = 10
$x_volts = 45
$sample = DB2330
$date = 2023-07-03
$temp = 41.99
$wv_stop = 800.0
$time = 11:54:12.603000
$wv_step = 1.0
190.0	12142.0
191.0	12062.0
192.0	11834.0
193.0	11743.0
194.0	12555.0
195.0	11919.0
196.0	12654.0
197.0	11948.0
198.0	11937.0
199.0	12077.0
200.0	11692.0
201.0	11906.0
202.0	11797.0
203.0	11750.0
204.0	12102.0
205.0	11937.0
206.0	12301.0
207.0	12217.0
208.0	11973.0
209.0	12184.0
210.0	11822.0
211.0	12153.0
212.0	11570.0
213.0	11818.0
214.0	12290.0
215.0	11861.0
216.0	12172.0
217.0	11792.0
218.0	11842.0
219.0	11404.0
220.0	12081.0
221.0	11616.0
222.0	11669.0
223.0	12042.0
224.0	11967.0
225.0	12286.0
226.0	12153.0
227.0	12056.0
228.0	12240.0
229.0	11915.0
230.0	11753.0
231.0	11596.0
232.0	11853.0
233.0	12397.0
234.0	12180.0
235.0	11353.0
236.0	12486.0
237.0	11924.0
238.0	12042.0
239.0	11945.0
240.0	12034.0
241.0	12188.0
242.0	11840.0
243.0	12486.0
244.0	12044.0
245.0	11887.0
246.0	12291.0
247.0	11760.0
248.0	11993.0
249.0	11749.0
250.0	11888.0
251.0	11776.0
252.0	12252.0
253.0	12032.0
254.0	11607.0
255.0	12062.0
256.0	12214.0
257.0	12295.0
258.0	12098.0
259.0	12016.0
260.0	11777.0
261.0	12027.0
262.0	12417.0
263.0	12287.0
264.0	11531.0
265.0	12061.0
266.0	12136.0
267.0	12414.0
268.0	12342.0
269.0	11526.0
270.0	11972.0
271.0	12579.0
272.0	12042.0
273.0	12042.0
274.0	12280.0
275.0	11788.0
276.0	12372.0
277.0	12357.0
278.0	12345.0
279.0	11902.0
280.0	11717.0
281.0	11771.0
282.0	12078.0
283.0	11975.0
284.0	12438.0
285.0	12334.0
286.0	12424.0
287.0	11390.0
288.0	11674.0
289.0	12467.0
290.0	12153.0
291.0	12183.0
292.0	12425.0
293.0	12010.0
294.0	11544.0
295.0	12564.0
296.0	12187.0
297.0	11773.0
298.0	11571.0
299.0	11986.0
300.0	12594.0
301.0	12215.0
302.0	11895.0
303.0	12152.0
304.0	11948.0
305.0	12358.0
306.0	12507.0
307.0	12308.0
308.0	12022.0
309.0	12507.0
310.0	12318.0
311.0	11914.0
312.0	12671.0
313.0	12405.0
314.0	12022.0
315.0	11936.0
316.0	12103.0
317.0	12035.0
318.0	12235.0
319.0	11739.0
320.0	11941.0
321.0	12467.0
322.0	12095.0
323.0	12345.0
324.0	12428.0
325.0	12540.0
326.0	12432.0
327.0	11868.0
328.0	12162.0
329.0	11883.0
330.0	11800.0
331.0	12473.0
332.0	12137.0
333.0	12192.0
334.0	12023.0
335.0	12402.0
336.0	12305.0
337.0	11981.0
338.0	12139.0
339.0	11978.0
340.0	12341.0
341.0	12165.0
342.0	11975.0
343.0	11975.0
344.0	12376.0
345.0	12180.0
346.0	12014.0
347.0	11803.0
348.0	11653.0
349.0	12322.0
350.0	12129.0
351.0	12189.0
352.0	12341.0
353.0	11501.0
354.0	12052.0
355.0	12036.0
356.0	12267.0
357.0	11883.0
358.0	12103.0
359.0	12469.0
360.0	12098.0
361.0	11431.0
362.0	12145.0
363.0	12136.0
364.0	12197.0
365.0	12449.0
366.0	11960.0
367.0	11787.0
368.0	12249.0
369.0	11798.0
370.0	12345.0
371.0	12164.0
372.0	11990.0
373.0	12101.0
374.0	12167.0
375.0	11976.0
376.0	11902.0
377.0	12060.0
378.0	12401.0
379.0	11862.0
380.0	12137.0
381.0	12143.0
382.0	12306.0
383.0	11860.0
384.0	12215.0
385.0	11937.0
386.0	11951.0
387.0	11894.0
388.0	12074.0
389.0	12102.0
390.0	12143.0
391.0	12569.0
392.0	12284.0
393.0	12241.0
394.0	12061.0
395.0	12432.0
396.0	11700.0
397.0	11919.0
398.0	12073.0
399.0	12155.0
400.0	11678.0
401.0	11894.0
402.0	11834.0
403.0	12016.0
404.0	12205.0
405.0	12376.0
406.0	12133.0
407.0	12196.0
408.0	12263.0
409.0	11726.0
410.0	12069.0
411.0	12021.0
412.0	12152.0
413.0	12051.0
414.0	11893.0
415.0	11991.0
416.0	12338.0
417.0	12184.0
418.0	12161.0
419.0	11825.0
420.0	12051.0
421.0	12348.0
422.0	12238.0
423.0	12450.0
424.0	12139.0
425.0	11612.0
426.0	11894.0
427.0	12025.0
428.0	12062.0
429.0	11936.0
430.0	11688.0
431.0	12202.0
432.0	12535.0
433.0	12345.0
434.0	11779.0
435.0	11998.0
436.0	12455.0
437.0	11769.0
438.0	12411.0
439.0	11859.0
440.0	12194.0
441.0	12313.0
442.0	11523.0
443.0	12520.0
444.0	12630.0
445.0	13091.0
446.0	12123.0
447.0	12010.0
448.0	12638.0
449.0	11977.0
450.0	12151.0
451.0	11868.0
452.0	12116.0
453.0	12026.0
454.0	11787.0
455.0	12158.0
456.0	12225.0
457.0	12185.0
458.0	12243.0
459.0	12159.0
460.0	11913.0
461.0	11981.0
462.0	12085.0
463.0	12144.0
464.0	12237.0
465.0	12566.0
466.0	12565.0
467.0	12208.0
468.0	12394.0
469.0	11925.0
470.0	12234.0
471.0	12326.0
472.0	12460.0
473.0	13098.0
474.0	12564.0
475.0	12229.0
476.0	11913.0
477.0	12573.0
478.0	12765.0
479.0	13585.0
480.0	14657.0
481.0	13730.0
482.0	12948.0
483.0	12832.0
484.0	13072.0
485.0	12483.0
486.0	12351.0
487.0	12348.0
488.0	12711.0
489.0	13082.0
490.0	12190.0
491.0	12764.0
492.0	12615.0
493.0	12707.0
494.0	12446.0
495.0	12863.0
496.0	12662.0
497.0	12651.0
498.0	13282.0
499.0	13112.0
500.0	12956.0
501.0	12996.0
502.0	13457.0
503.0	13961.0
504.0	13553.0
505.0	12940.0
506.0	12816.0
507.0	12594.0
508.0	12589.0
509.0	12878.0
510.0	13088.0
511.0	12505.0
512.0	12825.0
513.0	12702.0
514.0	12767.0
515.0	12358.0
516.0	13284.0
517.0	12071.0
518.0	12720.0
519.0	12763.0
520.0	12394.0
521.0	12421.0
522.0	12567.0
523.0	12825.0
524.0	13170.0
525.0	12276.0
526.0	12479.0
527.0	12673.0
528.0	12621.0
529.0	12042.0
530.0	12663.0
531.0	12387.0
532.0	12626.0
533.0	12907.0
534.0	12508.0
535.0	12235.0
536.0	12940.0
537.0	12902.0
538.0	12146.0
539.0	12468.0
540.0	12466.0
541.0	12171.0
542.0	12483.0
543.0	12321.0
544.0	12267.0
545.0	12421.0
546.0	12158.0
547.0	12727.0
548.0	11975.0
549.0	12106.0
550.0	12877.0
551.0	12420.0
552.0	12373.0
553.0	12011.0
554.0	12390.0
555.0	12087.0
556.0	12254.0
557.0	12329.0
558.0	12347.0
559.0	11979.0
560.0	12552.0
561.0	11783.0
562.0	12272.0
563.0	12079.0
564.0	12072.0
565.0	12237.0
566.0	12090.0
567.0	12431.0
568.0	11824.0
569.0	12564.0
570.0	12688.0
571.0	12193.0
572.0	12224.0
573.0	12325.0
574.0	11732.0
575.0	12552.0
576.0	11929.0
577.0	11796.0
578.0	12103.0
579.0	11930.0
580.0	12519.0
581.0	12103.0
582.0	12787.0
583.0	12056.0
584.0	12616.0
585.0	12547.0
586.0	12147.0
587.0	11623.0
588.0	12529.0
589.0	12293.0
590.0	12459.0
591.0	12431.0
592.0	12014.0
593.0	12297.0
594.0	12310.0
595.0	12153.0
596.0	12323.0
597.0	11843.0
598.0	12255.0
599.0	12172.0
600.0	12071.0
601.0	12393.0
602.0	12254.0
603.0	11906.0
604.0	12011.0
605.0	12263.0
606.0	12438.0
607.0	12136.0
608.0	12194.0
609.0	11829.0
610.0	12449.0
611.0	12179.0
612.0	11691.0
613.0	12094.0
614.0	11946.0
615.0	12572.0
616.0	12192.0
617.0	12214.0
618.0	12220.0
619.0	12323.0
620.0	12421.0
621.0	12358.0
622.0	12072.0
623.0	11950.0
624.0	12339.0
625.0	12205.0
626.0	12314.0
627.0	12133.0
628.0	11771.0
629.0	12184.0
630.0	12416.0
631.0	12243.0
632.0	11404.0
633.0	12758.0
634.0	11921.0
635.0	11749.0
636.0	12248.0
637.0	11925.0
638.0	11930.0
639.0	11924.0
640.0	12217.0
641.0	12104.0
642.0	12139.0
643.0	11970.0
644.0	12171.0
645.0	12297.0
646.0	12018.0
647.0	12180.0
648.0	12357.0
649.0	12078.0
650.0	11892.0
651.0	11636.0
652.0	11999.0
653.0	12373.0
654.0	12373.0
655.0	11914.0
656.0	12296.0
657.0	11994.0
658.0	12421.0
659.0	12117.0
660.0	12141.0
661.0	12032.0
662.0	12115.0
663.0	12129.0
664.0	12346.0
665.0	12127.0
666.0	12114.0
667.0	12074.0
668.0	12215.0
669.0	12470.0
670.0	12140.0
671.0	12524.0
672.0	11887.0
673.0	12024.0
674.0	12197.0
675.0	12061.0
676.0	12168.0
677.0	12542.0
678.0	12495.0
679.0	12332.0
680.0	11733.0
681.0	12453.0
682.0	11831.0
683.0	12313.0
684.0	12684.0
685.0	11947.0
686.0	11761.0
687.0	12599.0
688.0	12275.0
689.0	11609.0
690.0	12010.0
691.0	11463.0
692.0	12183.0
693.0	12251.0
694.0	12072.0
695.0	12180.0
696.0	12480.0
697.0	11849.0
698.0	12356.0
699.0	12069.0
700.0	11915.0
701.0	12411.0
702.0	12232.0
703.0	11991.0
704.0	12300.0
705.0	11893.0
706.0	11846.0
707.0	12408.0
708.0	12779.0
709.0	12132.0
710.0	12201.0
711.0	11700.0
712.0	12406.0
713.0	11602.0
714.0	11684.0
715.0	12030.0
716.0	12474.0
717.0	12259.0
718.0	12817.0
719.0	11832.0
720.0	11903.0
721.0	12265.0
722.0	12359.0
723.0	12306.0
724.0	12111.0
725.0	12088.0
726.0	12337.0
727.0	11754.0
728.0	12378.0
729.0	12062.0
730.0	12145.0
731.0	12234.0
732.0	12659.0
733.0	12199.0
734.0	12043.0
735.0	12535.0
736.0	11605.0
737.0	12010.0
738.0	12402.0
739.0	12052.0
740.0	11900.0
741.0	11870.0
742.0	12373.0
743.0	12007.0
744.0	12051.0
745.0	12306.0
746.0	12150.0
747.0	12043.0
748.0	12163.0
749.0	12133.0
750.0	12349.0
751.0	12213.0
752.0	11923.0
753.0	12136.0
754.0	12259.0
755.0	11752.0
756.0	12087.0
757.0	12438.0
758.0	11912.0
759.0	12116.0
760.0	11811.0
761.0	12270.0
762.0	12192.0
763.0	12006.0
764.0	12168.0
765.0	12039.0
766.0	12475.0
767.0	12502.0
768.0	12037.0
769.0	12298.0
770.0	12511.0
771.0	12009.0
772.0	12434.0
773.0	12513.0
774.0	11910.0
775.0	11966.0
776.0	12173.0
777.0	12495.0
778.0	12101.0
779.0	12291.0
780.0	11666.0
781.0	11962.0
782.0	12137.0
783.0	12310.0
784.0	12002.0
785.0	12197.0
786.0	12437.0
787.0	12358.0
788.0	12077.0
789.0	12226.0
790.0	11662.0
791.0	12535.0
792.0	12310.0
793.0	12518.0
794.0	11948.0
795.0	12010.0
796.0	11906.0
797.0	11891.0
798.0	12408.0
799.0	11788.0
800.0	12078.0
