$itime = 500
$wv_start = 190.0
$hv = 1000
$grating = 2 1200 g/mm BLZ= 500  nm
$x_amps = 10
$x_volts = 45
$sample = DB2330
$date = 2023-07-03
$temp = 222.0
$wv_stop = 800.0
$time = 11:54:12.603000
$wv_step = 1.0
190.0	10408.0
191.0	10141.0
192.0	10384.0
193.0	10455.0
194.0	10419.0
195.0	10347.0
196.0	10224.0
197.0	10362.0
198.0	10370.0
199.0	10053.0
200.0	9955.0
201.0	10395.0
202.0	10496.0
203.0	10138.0
204.0	10051.0
205.0	10449.0
206.0	10461.0
207.0	9829.0
208.0	10335.0
209.0	9975.0
210.0	9692.0
211.0	10363.0
212.0	10303.0
213.0	10062.0
214.0	9890.0
215.0	10533.0
216.0	10088.0
217.0	10160.0
218.0	10414.0
219.0	10344.0
220.0	10274.0
221.0	10267.0
222.0	9964.0
223.0	10335.0
224.0	10348.0
225.0	10455.0
226.0	10413.0
227.0	10326.0
228.0	10179.0
229.0	10096.0
230.0	10255.0
231.0	10567.0
232.0	10233.0
233.0	10131.0
234.0	10041.0
235.0	10225.0
236.0	9946.0
237.0	10312.0
238.0	10362.0
239.0	10151.0
240.0	10030.0
241.0	10326.0
242.0	10301.0
243.0	10210.0
244.0	9969.0
245.0	10619.0
246.0	9584.0
247.0	10483.0
248.0	10370.0
249.0	10359.0
250.0	10363.0
251.0	10082.0
252.0	10379.0
253.0	10316.0
254.0	10287.0
255.0	10271.0
256.0	10270.0
257.0	10563.0
258.0	10199.0
259.0	10353.0
260.0	10469.0
261.0	10068.0
262.0	10144.0
263.0	10681.0
264.0	10342.0
265.0	10062.0
266.0	10035.0
267.0	9924.0
268.0	10745.0
269.0	9689.0
270.0	10425.0
271.0	9996.0
272.0	10455.0
273.0	10440.0
274.0	10370.0
275.0	10573.0
276.0	10460.0
277.0	10405.0
278.0	10614.0
279.0	10133.0
280.0	10450.0
281.0	10277.0
282.0	10095.0
283.0	10194.0
284.0	10270.0
285.0	10803.0
286.0	10037.0
287.0	10308.0
288.0	10423.0
289.0	10146.0
290.0	10477.0
291.0	10861.0
292.0	10784.0
293.0	10281.0
294.0	10714.0
295.0	10208.0
296.0	10783.0
297.0	10259.0
298.0	10639.0
299.0	10455.0
300.0	10546.0
301.0	10574.0
302.0	10389.0
303.0	10146.0
304.0	10406.0
305.0	10151.0
306.0	10374.0
307.0	10324.0
308.0	10393.0
309.0	10345.0
310.0	10633.0
311.0	10176.0
312.0	10576.0
313.0	10293.0
314.0	9871.0
315.0	10852.0
316.0	10334.0
317.0	10319.0
318.0	10376.0
319.0	10525.0
320.0	10499.0
321.0	10348.0
322.0	10543.0
323.0	10708.0
324.0	10767.0
325.0	10590.0
326.0	10468.0
327.0	10258.0
328.0	9935.0
329.0	10317.0
330.0	10891.0
331.0	10538.0
332.0	10481.0
333.0	10168.0
334.0	10195.0
335.0	10362.0
336.0	10561.0
337.0	10616.0
338.0	10419.0
339.0	10384.0
340.0	10267.0
341.0	10614.0
342.0	10136.0
343.0	10125.0
344.0	9835.0
345.0	10287.0
346.0	10119.0
347.0	10332.0
348.0	10114.0
349.0	10326.0
350.0	10295.0
351.0	10122.0
352.0	10069.0
353.0	10282.0
354.0	10852.0
355.0	10624.0
356.0	10679.0
357.0	10589.0
358.0	10008.0
359.0	10554.0
360.0	10442.0
361.0	10891.0
362.0	10182.0
363.0	10452.0
364.0	10321.0
365.0	10481.0
366.0	10044.0
367.0	10331.0
368.0	10365.0
369.0	10908.0
370.0	10444.0
371.0	10473.0
372.0	10534.0
373.0	10401.0
374.0	10949.0
375.0	10218.0
376.0	10161.0
377.0	10371.0
378.0	10286.0
379.0	9935.0
380.0	10219.0
381.0	10509.0
382.0	10383.0
383.0	10201.0
384.0	10436.0
385.0	10839.0
386.0	10122.0
387.0	10148.0
388.0	10246.0
389.0	10444.0
390.0	10511.0
391.0	10236.0
392.0	9962.0
393.0	10478.0
394.0	10088.0
395.0	10231.0
396.0	10352.0
397.0	10095.0
398.0	9680.0
399.0	10227.0
400.0	10395.0
401.0	10619.0
402.0	10334.0
403.0	10323.0
404.0	10398.0
405.0	10884.0
406.0	9464.0
407.0	10096.0
408.0	10686.0
409.0	10377.0
410.0	10430.0
411.0	10667.0
412.0	10339.0
413.0	10004.0
414.0	10149.0
415.0	10546.0
416.0	10306.0
417.0	10190.0
418.0	10414.0
419.0	10271.0
420.0	10312.0
421.0	10130.0
422.0	10034.0
423.0	10183.0
424.0	10498.0
425.0	10319.0
426.0	10516.0
427.0	10691.0
428.0	10202.0
429.0	10392.0
430.0	10290.0
431.0	10409.0
432.0	9919.0
433.0	10199.0
434.0	10386.0
435.0	10152.0
436.0	9993.0
437.0	10347.0
438.0	10084.0
439.0	10239.0
440.0	10383.0
441.0	11042.0
442.0	10127.0
443.0	10580.0
444.0	10732.0
445.0	10365.0
446.0	10000.0
447.0	10312.0
448.0	10373.0
449.0	10586.0
450.0	10455.0
451.0	10587.0
452.0	10570.0
453.0	10425.0
454.0	10229.0
455.0	10366.0
456.0	10533.0
457.0	10336.0
458.0	10354.0
459.0	10237.0
460.0	10367.0
461.0	10405.0
462.0	10220.0
463.0	10430.0
464.0	10659.0
465.0	10541.0
466.0	10347.0
467.0	10544.0
468.0	10543.0
469.0	10877.0
470.0	10450.0
471.0	10448.0
472.0	10725.0
473.0	10920.0
474.0	10348.0
475.0	10361.0
476.0	9935.0
477.0	10637.0
478.0	10434.0
479.0	10585.0
480.0	10749.0
481.0	10921.0
482.0	10722.0
483.0	10533.0
484.0	10867.0
485.0	10432.0
486.0	10501.0
487.0	10530.0
488.0	10792.0
489.0	10981.0
490.0	10496.0
491.0	10443.0
492.0	10639.0
493.0	11090.0
494.0	10634.0
495.0	10513.0
496.0	10828.0
497.0	10326.0
498.0	10468.0
499.0	10866.0
500.0	10891.0
501.0	10600.0
502.0	10957.0
503.0	11137.0
504.0	11016.0
505.0	10855.0
506.0	10828.0
507.0	10886.0
508.0	10691.0
509.0	10787.0
510.0	10324.0
511.0	10570.0
512.0	10316.0
513.0	10765.0
514.0	10760.0
515.0	10697.0
516.0	10945.0
517.0	10280.0
518.0	10467.0
519.0	10405.0
520.0	10848.0
521.0	10503.0
522.0	10288.0
523.0	10589.0
524.0	10898.0
525.0	10660.0
526.0	10784.0
527.0	10904.0
528.0	11060.0
529.0	10343.0
530.0	10373.0
531.0	10692.0
532.0	10361.0
533.0	10816.0
534.0	10130.0
535.0	11041.0
536.0	10570.0
537.0	10709.0
538.0	10151.0
539.0	10928.0
540.0	10021.0
541.0	10791.0
542.0	10068.0
543.0	10475.0
544.0	10835.0
545.0	10282.0
546.0	10843.0
547.0	10857.0
548.0	10704.0
549.0	10251.0
550.0	10886.0
551.0	10538.0
552.0	10476.0
553.0	10847.0
554.0	10192.0
555.0	11118.0
556.0	10907.0
557.0	10371.0
558.0	10225.0
559.0	10906.0
560.0	10737.0
561.0	10196.0
562.0	10691.0
563.0	10405.0
564.0	10609.0
565.0	9992.0
566.0	10647.0
567.0	10808.0
568.0	10330.0
569.0	10612.0
570.0	10886.0
571.0	10349.0
572.0	10885.0
573.0	10274.0
574.0	10171.0
575.0	10363.0
576.0	10969.0
577.0	10312.0
578.0	9984.0
579.0	10356.0
580.0	10614.0
581.0	9962.0
582.0	10835.0
583.0	10522.0
584.0	10577.0
585.0	10259.0
586.0	10610.0
587.0	10517.0
588.0	10228.0
589.0	10564.0
590.0	10511.0
591.0	10452.0
592.0	10554.0
593.0	10472.0
594.0	10295.0
595.0	10532.0
596.0	10322.0
597.0	10512.0
598.0	10570.0
599.0	10912.0
600.0	10434.0
601.0	10392.0
602.0	10231.0
603.0	10054.0
604.0	10560.0
605.0	10706.0
606.0	10824.0
607.0	10426.0
608.0	10281.0
609.0	10363.0
610.0	10507.0
611.0	10358.0
612.0	10126.0
613.0	11120.0
614.0	10220.0
615.0	10581.0
616.0	9830.0
617.0	11083.0
618.0	10468.0
619.0	10119.0
620.0	10434.0
621.0	10375.0
622.0	10424.0
623.0	10689.0
624.0	9863.0
625.0	10263.0
626.0	10454.0
627.0	10229.0
628.0	10673.0
629.0	10451.0
630.0	10208.0
631.0	10007.0
632.0	10547.0
633.0	10241.0
634.0	10541.0
635.0	10834.0
636.0	10422.0
637.0	10835.0
638.0	10250.0
639.0	10587.0
640.0	10629.0
641.0	10562.0
642.0	10706.0
643.0	10529.0
644.0	10755.0
645.0	10597.0
646.0	10164.0
647.0	10570.0
648.0	10394.0
649.0	10375.0
650.0	10346.0
651.0	10299.0
652.0	10405.0
653.0	10416.0
654.0	10209.0
655.0	10237.0
656.0	10225.0
657.0	10613.0
658.0	9764.0
659.0	10461.0
660.0	10615.0
661.0	10287.0
662.0	10634.0
663.0	10033.0
664.0	10521.0
665.0	10210.0
666.0	10918.0
667.0	10065.0
668.0	10658.0
669.0	10502.0
670.0	10547.0
671.0	10238.0
672.0	10452.0
673.0	10390.0
674.0	10082.0
675.0	10567.0
676.0	10348.0
677.0	10733.0
678.0	10612.0
679.0	10235.0
680.0	10649.0
681.0	10165.0
682.0	10275.0
683.0	10851.0
684.0	10148.0
685.0	11037.0
686.0	10484.0
687.0	10212.0
688.0	10633.0
689.0	10632.0
690.0	10225.0
691.0	10437.0
692.0	10480.0
693.0	10112.0
694.0	9989.0
695.0	10609.0
696.0	10395.0
697.0	10333.0
698.0	10192.0
699.0	10659.0
700.0	10040.0
701.0	9862.0
702.0	10205.0
703.0	10321.0
704.0	10967.0
705.0	10554.0
706.0	10789.0
707.0	10515.0
708.0	10359.0
709.0	10686.0
710.0	10333.0
711.0	10041.0
712.0	9973.0
713.0	10682.0
714.0	10625.0
715.0	10596.0
716.0	10298.0
717.0	10459.0
718.0	10511.0
719.0	10386.0
720.0	10468.0
721.0	10499.0
722.0	10405.0
723.0	10218.0
724.0	10447.0
725.0	10307.0
726.0	10589.0
727.0	10250.0
728.0	9659.0
729.0	10392.0
730.0	10489.0
731.0	10318.0
732.0	10228.0
733.0	10390.0
734.0	10001.0
735.0	9984.0
736.0	10154.0
737.0	10233.0
738.0	10127.0
739.0	10158.0
740.0	10040.0
741.0	10500.0
742.0	10736.0
743.0	10319.0
744.0	10520.0
745.0	10639.0
746.0	10024.0
747.0	10271.0
748.0	10331.0
749.0	10132.0
750.0	9823.0
751.0	10320.0
752.0	10461.0
753.0	10085.0
754.0	10725.0
755.0	10323.0
756.0	9995.0
757.0	10245.0
758.0	10250.0
759.0	10461.0
760.0	10420.0
761.0	9827.0
762.0	10436.0
763.0	9936.0
764.0	10816.0
765.0	9814.0
766.0	10628.0
767.0	10676.0
768.0	10609.0
769.0	10735.0
770.0	10147.0
771.0	10820.0
772.0	10223.0
773.0	10248.0
774.0	10730.0
775.0	10571.0
776.0	10345.0
777.0	10348.0
778.0	10219.0
779.0	10461.0
780.0	10636.0
781.0	10532.0
782.0	10044.0
783.0	10185.0
784.0	10204.0
785.0	9949.0
786.0	10849.0
787.0	10373.0
788.0	10790.0
789.0	10365.0
790.0	10625.0
791.0	10381.0
792.0	10416.0
793.0	10367.0
794.0	10317.0
795.0	10628.0
796.0	10375.0
797.0	10313.0
798.0	10013.0
799.0	10275.0
800.0	10475.0
