$itime = 500
$wv_start = 190.0
$hv = 1000
$grating = 2 1200 g/mm BLZ= 500  nm
$x_amps = 10
$x_volts = 45
$sample = DB2330
$date = 2023-07-03
$temp = 181.99
$wv_stop = 800.0
$time = 11:54:12.603000
$wv_step = 1.0
190.0	10570.0
191.0	10206.0
192.0	10512.0
193.0	10560.0
194.0	10913.0
195.0	10697.0
196.0	10974.0
197.0	10252.0
198.0	10720.0
199.0	10682.0
200.0	10281.0
201.0	10981.0
202.0	10792.0
203.0	10552.0
204.0	10571.0
205.0	11166.0
206.0	10634.0
207.0	11170.0
208.0	10846.0
209.0	10496.0
210.0	10356.0
211.0	11106.0
212.0	10719.0
213.0	10838.0
214.0	10507.0
215.0	10216.0
216.0	10800.0
217.0	11061.0
218.0	10682.0
219.0	10745.0
220.0	10608.0
221.0	11257.0
222.0	11130.0
223.0	10523.0
224.0	11025.0
225.0	10598.0
226.0	10787.0
227.0	10792.0
228.0	10593.0
229.0	10951.0
230.0	10879.0
231.0	10987.0
232.0	10437.0
233.0	10900.0
234.0	11080.0
235.0	11084.0
236.0	10576.0
237.0	10679.0
238.0	10308.0
239.0	10677.0
240.0	10326.0
241.0	10629.0
242.0	10712.0
243.0	10450.0
244.0	10816.0
245.0	10726.0
246.0	10638.0
247.0	10749.0
248.0	10155.0
249.0	10128.0
250.0	10418.0
251.0	10578.0
252.0	10746.0
253.0	10721.0
254.0	10909.0
255.0	10667.0
256.0	10337.0
257.0	10752.0
258.0	10836.0
259.0	11202.0
260.0	10590.0
261.0	10461.0
262.0	11034.0
263.0	10903.0
264.0	10575.0
265.0	10972.0
266.0	10837.0
267.0	10728.0
268.0	10649.0
269.0	10873.0
270.0	10590.0
271.0	10976.0
272.0	10828.0
273.0	10938.0
274.0	10926.0
275.0	10877.0
276.0	10304.0
277.0	10380.0
278.0	10936.0
279.0	10945.0
280.0	10422.0
281.0	10658.0
282.0	10799.0
283.0	11208.0
284.0	10925.0
285.0	11088.0
286.0	10542.0
287.0	11295.0
288.0	10970.0
289.0	10655.0
290.0	10395.0
291.0	10298.0
292.0	10567.0
293.0	10694.0
294.0	10928.0
295.0	10883.0
296.0	10625.0
297.0	10648.0
298.0	10169.0
299.0	10613.0
300.0	10210.0
301.0	10917.0
302.0	10715.0
303.0	10959.0
304.0	11064.0
305.0	10968.0
306.0	10994.0
307.0	10667.0
308.0	10920.0
309.0	10994.0
310.0	10670.0
311.0	11009.0
312.0	10632.0
313.0	10965.0
314.0	10885.0
315.0	10978.0
316.0	11238.0
317.0	10798.0
318.0	11252.0
319.0	10543.0
320.0	11090.0
321.0	11025.0
322.0	10504.0
323.0	10580.0
324.0	11030.0
325.0	11151.0
326.0	10620.0
327.0	10567.0
328.0	10627.0
329.0	11172.0
330.0	10412.0
331.0	10461.0
332.0	10626.0
333.0	10857.0
334.0	10897.0
335.0	11777.0
336.0	10857.0
337.0	11329.0
338.0	10797.0
339.0	11095.0
340.0	11036.0
341.0	11532.0
342.0	10511.0
343.0	10628.0
344.0	11129.0
345.0	11227.0
346.0	10584.0
347.0	10365.0
348.0	10908.0
349.0	10683.0
350.0	10647.0
351.0	10588.0
352.0	10698.0
353.0	10685.0
354.0	10706.0
355.0	10334.0
356.0	10998.0
357.0	10733.0
358.0	11124.0
359.0	10885.0
360.0	10640.0
361.0	10799.0
362.0	10644.0
363.0	11034.0
364.0	11084.0
365.0	11092.0
366.0	10871.0
367.0	10829.0
368.0	10850.0
369.0	10671.0
370.0	10517.0
371.0	11220.0
372.0	10468.0
373.0	10705.0
374.0	10695.0
375.0	10932.0
376.0	10615.0
377.0	10350.0
378.0	10799.0
379.0	10606.0
380.0	10353.0
381.0	11042.0
382.0	10646.0
383.0	10779.0
384.0	10440.0
385.0	11008.0
386.0	10569.0
387.0	10649.0
388.0	10351.0
389.0	11416.0
390.0	10900.0
391.0	10498.0
392.0	10792.0
393.0	10422.0
394.0	10377.0
395.0	10857.0
396.0	10780.0
397.0	11026.0
398.0	10956.0
399.0	10582.0
400.0	10982.0
401.0	10977.0
402.0	10799.0
403.0	10854.0
404.0	10983.0
405.0	11023.0
406.0	10374.0
407.0	11034.0
408.0	11058.0
409.0	11046.0
410.0	11040.0
411.0	10606.0
412.0	10869.0
413.0	10715.0
414.0	10999.0
415.0	10646.0
416.0	10325.0
417.0	11169.0
418.0	10597.0
419.0	10799.0
420.0	10811.0
421.0	10850.0
422.0	11032.0
423.0	10866.0
424.0	10696.0
425.0	10762.0
426.0	10898.0
427.0	10839.0
428.0	10625.0
429.0	10871.0
430.0	10846.0
431.0	10842.0
432.0	10974.0
433.0	10590.0
434.0	10618.0
435.0	10677.0
436.0	10712.0
437.0	11392.0
438.0	10598.0
439.0	10928.0
440.0	10765.0
441.0	10848.0
442.0	11026.0
443.0	10777.0
444.0	10728.0
445.0	10715.0
446.0	11138.0
447.0	11232.0
448.0	10846.0
449.0	11018.0
450.0	10476.0
451.0	10657.0
452.0	10697.0
453.0	10906.0
454.0	10329.0
455.0	11199.0
456.0	11111.0
457.0	10904.0
458.0	11226.0
459.0	10858.0
460.0	11346.0
461.0	10944.0
462.0	10974.0
463.0	11382.0
464.0	11106.0
465.0	11424.0
466.0	11144.0
467.0	11252.0
468.0	11004.0
469.0	11284.0
470.0	11236.0
471.0	10845.0
472.0	11009.0
473.0	11299.0
474.0	11245.0
475.0	11303.0
476.0	10783.0
477.0	11112.0
478.0	11651.0
479.0	11746.0
480.0	11813.0
481.0	12120.0
482.0	11980.0
483.0	11883.0
484.0	11596.0
485.0	12152.0
486.0	11769.0
487.0	11260.0
488.0	11334.0
489.0	11122.0
490.0	11504.0
491.0	11170.0
492.0	11012.0
493.0	11256.0
494.0	11266.0
495.0	11550.0
496.0	11360.0
497.0	11547.0
498.0	11663.0
499.0	11685.0
500.0	11843.0
501.0	11539.0
502.0	11911.0
503.0	12416.0
504.0	11846.0
505.0	11878.0
506.0	11624.0
507.0	11658.0
508.0	11399.0
509.0	11913.0
510.0	11693.0
511.0	11570.0
512.0	11577.0
513.0	11178.0
514.0	11842.0
515.0	11393.0
516.0	11489.0
517.0	11577.0
518.0	11406.0
519.0	11002.0
520.0	11873.0
521.0	10927.0
522.0	11344.0
523.0	11598.0
524.0	11215.0
525.0	11132.0
526.0	11062.0
527.0	11106.0
528.0	11346.0
529.0	11491.0
530.0	11736.0
531.0	11531.0
532.0	11265.0
533.0	11520.0
534.0	11038.0
535.0	11257.0
536.0	11829.0
537.0	11236.0
538.0	11471.0
539.0	11274.0
540.0	11275.0
541.0	11329.0
542.0	11048.0
543.0	11152.0
544.0	11122.0
545.0	10936.0
546.0	11494.0
547.0	10628.0
548.0	11505.0
549.0	11112.0
550.0	11703.0
551.0	11075.0
552.0	10724.0
553.0	11089.0
554.0	11205.0
555.0	11200.0
556.0	11399.0
557.0	10757.0
558.0	10760.0
559.0	10893.0
560.0	10757.0
561.0	11107.0
562.0	10952.0
563.0	11050.0
564.0	10824.0
565.0	10969.0
566.0	11599.0
567.0	11104.0
568.0	11199.0
569.0	11103.0
570.0	11159.0
571.0	10626.0
572.0	10999.0
573.0	11257.0
574.0	11134.0
575.0	11197.0
576.0	10846.0
577.0	10860.0
578.0	11045.0
579.0	11215.0
580.0	10944.0
581.0	10846.0
582.0	10949.0
583.0	11128.0
584.0	10847.0
585.0	10759.0
586.0	10790.0
587.0	10823.0
588.0	10749.0
589.0	11146.0
590.0	11145.0
591.0	10949.0
592.0	11020.0
593.0	10887.0
594.0	10750.0
595.0	11074.0
596.0	10841.0
597.0	10909.0
598.0	11519.0
599.0	10720.0
600.0	10847.0
601.0	10678.0
602.0	10684.0
603.0	10565.0
604.0	10824.0
605.0	11124.0
606.0	10969.0
607.0	10330.0
608.0	10834.0
609.0	11056.0
610.0	11272.0
611.0	10775.0
612.0	10458.0
613.0	11233.0
614.0	10845.0
615.0	11034.0
616.0	10857.0
617.0	10836.0
618.0	10723.0
619.0	11060.0
620.0	10919.0
621.0	10768.0
622.0	10899.0
623.0	10838.0
624.0	10929.0
625.0	10378.0
626.0	10578.0
627.0	10885.0
628.0	11176.0
629.0	10539.0
630.0	10715.0
631.0	11107.0
632.0	10873.0
633.0	10913.0
634.0	11273.0
635.0	10830.0
636.0	10616.0
637.0	10971.0
638.0	11151.0
639.0	10585.0
640.0	10862.0
641.0	10713.0
642.0	10905.0
643.0	10646.0
644.0	10896.0
645.0	10943.0
646.0	10552.0
647.0	10741.0
648.0	10841.0
649.0	11100.0
650.0	11120.0
651.0	11324.0
652.0	11076.0
653.0	11196.0
654.0	10651.0
655.0	10553.0
656.0	10720.0
657.0	10698.0
658.0	11390.0
659.0	10417.0
660.0	10799.0
661.0	11170.0
662.0	11059.0
663.0	11146.0
664.0	10390.0
665.0	10910.0
666.0	10565.0
667.0	10918.0
668.0	10906.0
669.0	11129.0
670.0	11011.0
671.0	10480.0
672.0	11145.0
673.0	11174.0
674.0	10834.0
675.0	10543.0
676.0	10879.0
677.0	10830.0
678.0	10765.0
679.0	10730.0
680.0	10634.0
681.0	10841.0
682.0	10416.0
683.0	10869.0
684.0	10720.0
685.0	10682.0
686.0	10637.0
687.0	10340.0
688.0	10386.0
689.0	10968.0
690.0	10606.0
691.0	10883.0
692.0	10702.0
693.0	10753.0
694.0	10690.0
695.0	10658.0
696.0	10821.0
697.0	10392.0
698.0	10444.0
699.0	10861.0
700.0	10874.0
701.0	11086.0
702.0	10662.0
703.0	11034.0
704.0	10684.0
705.0	10650.0
706.0	10560.0
707.0	10872.0
708.0	11132.0
709.0	10697.0
710.0	10796.0
711.0	11284.0
712.0	10792.0
713.0	10940.0
714.0	10613.0
715.0	11152.0
716.0	10801.0
717.0	10715.0
718.0	10793.0
719.0	10986.0
720.0	10902.0
721.0	10885.0
722.0	11043.0
723.0	10857.0
724.0	10940.0
725.0	10935.0
726.0	10646.0
727.0	10360.0
728.0	10863.0
729.0	10415.0
730.0	11120.0
731.0	10479.0
732.0	10423.0
733.0	10856.0
734.0	10860.0
735.0	10335.0
736.0	10485.0
737.0	11028.0
738.0	10753.0
739.0	10393.0
740.0	10970.0
741.0	10416.0
742.0	10538.0
743.0	10823.0
744.0	10852.0
745.0	10792.0
746.0	10580.0
747.0	10871.0
748.0	10685.0
749.0	10411.0
750.0	11114.0
751.0	10256.0
752.0	11037.0
753.0	10509.0
754.0	10862.0
755.0	10576.0
756.0	10764.0
757.0	10716.0
758.0	10444.0
759.0	10526.0
760.0	10787.0
761.0	11012.0
762.0	10882.0
763.0	10790.0
764.0	10822.0
765.0	10836.0
766.0	11011.0
767.0	10897.0
768.0	10999.0
769.0	10709.0
770.0	11312.0
771.0	10671.0
772.0	10656.0
773.0	10968.0
774.0	10375.0
775.0	10799.0
776.0	10650.0
777.0	10499.0
778.0	10648.0
779.0	11027.0
780.0	10751.0
781.0	10241.0
782.0	10822.0
783.0	10909.0
784.0	10918.0
785.0	11006.0
786.0	10813.0
787.0	10341.0
788.0	10852.0
789.0	10684.0
790.0	10949.0
791.0	10922.0
792.0	10874.0
793.0	10964.0
794.0	10649.0
795.0	10634.0
796.0	11150.0
797.0	10868.0
798.0	10584.0
799.0	10851.0
800.0	10907.0
