$itime = 500
$wv_start = 190.0
$hv = 1000
$grating = 2 1200 g/mm BLZ= 500  nm
$x_amps = 10
$x_volts = 45
$sample = DB2330
$date = 2023-07-03
$temp = 112.01
$wv_stop = 800.0
$time = 11:54:12.603000
$wv_step = 1.0
190.0	11245.0
191.0	11347.0
192.0	11547.0
193.0	11676.0
194.0	11665.0
195.0	11785.0
196.0	11429.0
197.0	11112.0
198.0	11689.0
199.0	11276.0
200.0	11256.0
201.0	11279.0
202.0	11845.0
203.0	11664.0
204.0	11512.0
205.0	11285.0
206.0	11720.0
207.0	10904.0
208.0	11361.0
209.0	11826.0
210.0	11459.0
211.0	11839.0
212.0	11342.0
213.0	11149.0
214.0	11727.0
215.0	11303.0
216.0	11303.0
217.0	11609.0
218.0	10805.0
219.0	11355.0
220.0	11202.0
221.0	11816.0
222.0	11225.0
223.0	11516.0
224.0	11853.0
225.0	11624.0
226.0	11891.0
227.0	10949.0
228.0	11690.0
229.0	11685.0
230.0	11756.0
231.0	11395.0
232.0	11552.0
233.0	11391.0
234.0	11037.0
235.0	11699.0
236.0	11632.0
237.0	11492.0
238.0	11369.0
239.0	11100.0
240.0	11339.0
241.0	11374.0
242.0	11729.0
243.0	11428.0
244.0	11990.0
245.0	11948.0
246.0	11858.0
247.0	11853.0
248.0	11669.0
249.0	11592.0
250.0	11417.0
251.0	11238.0
252.0	11314.0
253.0	11308.0
254.0	11551.0
255.0	11793.0
256.0	11771.0
257.0	11396.0
258.0	11508.0
259.0	11464.0
260.0	11188.0
261.0	11598.0
262.0	11275.0
263.0	11563.0
264.0	11370.0
265.0	11294.0
266.0	11411.0
267.0	11391.0
268.0	11469.0
269.0	11718.0
270.0	11661.0
271.0	11932.0
272.0	11899.0
273.0	11252.0
274.0	11346.0
275.0	11364.0
276.0	11567.0
277.0	11527.0
278.0	11628.0
279.0	11535.0
280.0	11981.0
281.0	11271.0
282.0	11956.0
283.0	11879.0
284.0	11700.0
285.0	11395.0
286.0	12133.0
287.0	11446.0
288.0	11267.0
289.0	11208.0
290.0	11405.0
291.0	11211.0
292.0	11591.0
293.0	11804.0
294.0	11230.0
295.0	11766.0
296.0	11684.0
297.0	11919.0
298.0	11138.0
299.0	11663.0
300.0	11219.0
301.0	12058.0
302.0	10945.0
303.0	11391.0
304.0	11390.0
305.0	11937.0
306.0	11741.0
307.0	11630.0
308.0	11499.0
309.0	11298.0
310.0	11749.0
311.0	11316.0
312.0	11388.0
313.0	11691.0
314.0	11517.0
315.0	11466.0
316.0	11054.0
317.0	12194.0
318.0	11339.0
319.0	12006.0
320.0	11607.0
321.0	10842.0
322.0	11632.0
323.0	11424.0
324.0	11550.0
325.0	11570.0
326.0	11842.0
327.0	11501.0
328.0	11515.0
329.0	11400.0
330.0	11681.0
331.0	11418.0
332.0	11282.0
333.0	11491.0
334.0	11568.0
335.0	11610.0
336.0	11774.0
337.0	11310.0
338.0	11007.0
339.0	11402.0
340.0	12061.0
341.0	11858.0
342.0	11565.0
343.0	12148.0
344.0	11559.0
345.0	11538.0
346.0	11767.0
347.0	11377.0
348.0	11522.0
349.0	11567.0
350.0	11331.0
351.0	11486.0
352.0	11385.0
353.0	11067.0
354.0	11639.0
355.0	11157.0
356.0	11884.0
357.0	11829.0
358.0	11749.0
359.0	11724.0
360.0	12094.0
361.0	11486.0
362.0	11218.0
363.0	11556.0
364.0	11250.0
365.0	11273.0
366.0	11396.0
367.0	11546.0
368.0	11373.0
369.0	11707.0
370.0	10876.0
371.0	11904.0
372.0	11215.0
373.0	11348.0
374.0	11279.0
375.0	11619.0
376.0	11432.0
377.0	11832.0
378.0	11737.0
379.0	11476.0
380.0	11657.0
381.0	11202.0
382.0	11463.0
383.0	11729.0
384.0	11261.0
385.0	12071.0
386.0	11731.0
387.0	11382.0
388.0	11616.0
389.0	11401.0
390.0	11383.0
391.0	11514.0
392.0	11406.0
393.0	10909.0
394.0	11412.0
395.0	11210.0
396.0	11080.0
397.0	11279.0
398.0	11717.0
399.0	10863.0
400.0	11240.0
401.0	10997.0
402.0	11305.0
403.0	11213.0
404.0	11566.0
405.0	11144.0
406.0	11185.0
407.0	11506.0
408.0	11375.0
409.0	11428.0
410.0	11919.0
411.0	12221.0
412.0	11205.0
413.0	11710.0
414.0	11428.0
415.0	11559.0
416.0	11565.0
417.0	11455.0
418.0	11789.0
419.0	11414.0
420.0	11861.0
421.0	11717.0
422.0	11565.0
423.0	11399.0
424.0	11687.0
425.0	10865.0
426.0	11841.0
427.0	11912.0
428.0	11703.0
429.0	11605.0
430.0	11095.0
431.0	11343.0
432.0	11298.0
433.0	11715.0
434.0	11508.0
435.0	11596.0
436.0	11495.0
437.0	11753.0
438.0	11112.0
439.0	11616.0
440.0	11607.0
441.0	11361.0
442.0	11784.0
443.0	11945.0
444.0	11853.0
445.0	11789.0
446.0	11341.0
447.0	11737.0
448.0	11242.0
449.0	11440.0
450.0	11616.0
451.0	11071.0
452.0	11585.0
453.0	11167.0
454.0	11688.0
455.0	11572.0
456.0	11511.0
457.0	11598.0
458.0	11240.0
459.0	11521.0
460.0	11520.0
461.0	11901.0
462.0	11512.0
463.0	11607.0
464.0	11849.0
465.0	11149.0
466.0	11771.0
467.0	12319.0
468.0	12091.0
469.0	11942.0
470.0	11679.0
471.0	12005.0
472.0	11842.0
473.0	11514.0
474.0	11647.0
475.0	11772.0
476.0	11737.0
477.0	11729.0
478.0	12478.0
479.0	12803.0
480.0	13517.0
481.0	12639.0
482.0	12825.0
483.0	12111.0
484.0	12243.0
485.0	11623.0
486.0	11846.0
487.0	11909.0
488.0	12170.0
489.0	12552.0
490.0	11951.0
491.0	11829.0
492.0	12337.0
493.0	12127.0
494.0	12347.0
495.0	12442.0
496.0	11738.0
497.0	12331.0
498.0	12043.0
499.0	12685.0
500.0	12762.0
501.0	12615.0
502.0	12220.0
503.0	12936.0
504.0	12608.0
505.0	13310.0
506.0	12433.0
507.0	11985.0
508.0	12036.0
509.0	12074.0
510.0	11800.0
511.0	12345.0
512.0	12279.0
513.0	12184.0
514.0	11851.0
515.0	12137.0
516.0	12419.0
517.0	11856.0
518.0	11989.0
519.0	11824.0
520.0	12333.0
521.0	12043.0
522.0	11750.0
523.0	12025.0
524.0	12017.0
525.0	12321.0
526.0	12581.0
527.0	11550.0
528.0	11532.0
529.0	11694.0
530.0	12261.0
531.0	12299.0
532.0	12586.0
533.0	12079.0
534.0	12097.0
535.0	11566.0
536.0	11685.0
537.0	12330.0
538.0	11648.0
539.0	11981.0
540.0	11632.0
541.0	11893.0
542.0	12297.0
543.0	11596.0
544.0	11780.0
545.0	11601.0
546.0	11700.0
547.0	11913.0
548.0	12028.0
549.0	11554.0
550.0	11835.0
551.0	12023.0
552.0	11787.0
553.0	11752.0
554.0	11417.0
555.0	11814.0
556.0	11846.0
557.0	11907.0
558.0	11739.0
559.0	11253.0
560.0	11754.0
561.0	11299.0
562.0	11755.0
563.0	11395.0
564.0	11915.0
565.0	11412.0
566.0	12432.0
567.0	11943.0
568.0	11598.0
569.0	11590.0
570.0	11785.0
571.0	11736.0
572.0	11876.0
573.0	11827.0
574.0	11975.0
575.0	11607.0
576.0	11704.0
577.0	11149.0
578.0	11912.0
579.0	11919.0
580.0	12243.0
581.0	12272.0
582.0	11783.0
583.0	11720.0
584.0	11605.0
585.0	11621.0
586.0	11802.0
587.0	11333.0
588.0	11461.0
589.0	11586.0
590.0	11685.0
591.0	11672.0
592.0	11582.0
593.0	11261.0
594.0	12092.0
595.0	11583.0
596.0	11768.0
597.0	11766.0
598.0	11583.0
599.0	11698.0
600.0	11424.0
601.0	11662.0
602.0	11115.0
603.0	11732.0
604.0	11680.0
605.0	11441.0
606.0	11360.0
607.0	11159.0
608.0	11250.0
609.0	11527.0
610.0	11972.0
611.0	11075.0
612.0	12012.0
613.0	11311.0
614.0	11571.0
615.0	11721.0
616.0	11528.0
617.0	11432.0
618.0	11695.0
619.0	11729.0
620.0	11775.0
621.0	11404.0
622.0	11769.0
623.0	12223.0
624.0	11195.0
625.0	11520.0
626.0	11636.0
627.0	11590.0
628.0	11773.0
629.0	11406.0
630.0	11485.0
631.0	11311.0
632.0	11930.0
633.0	11446.0
634.0	11598.0
635.0	11190.0
636.0	11894.0
637.0	11837.0
638.0	11607.0
639.0	11722.0
640.0	11166.0
641.0	11347.0
642.0	11212.0
643.0	11352.0
644.0	11188.0
645.0	11518.0
646.0	11537.0
647.0	11741.0
648.0	11533.0
649.0	11477.0
650.0	11391.0
651.0	11608.0
652.0	11508.0
653.0	11720.0
654.0	11685.0
655.0	11957.0
656.0	11253.0
657.0	11684.0
658.0	11524.0
659.0	11590.0
660.0	11476.0
661.0	11292.0
662.0	12086.0
663.0	11640.0
664.0	11579.0
665.0	11663.0
666.0	11218.0
667.0	11725.0
668.0	11544.0
669.0	11461.0
670.0	11824.0
671.0	11653.0
672.0	11490.0
673.0	11510.0
674.0	11877.0
675.0	11385.0
676.0	11276.0
677.0	11631.0
678.0	12121.0
679.0	11742.0
680.0	11610.0
681.0	11819.0
682.0	11578.0
683.0	10956.0
684.0	11789.0
685.0	11727.0
686.0	11572.0
687.0	12045.0
688.0	11760.0
689.0	10899.0
690.0	11278.0
691.0	11611.0
692.0	11871.0
693.0	11663.0
694.0	11475.0
695.0	11481.0
696.0	11500.0
697.0	11557.0
698.0	11390.0
699.0	11471.0
700.0	12269.0
701.0	11598.0
702.0	11213.0
703.0	12010.0
704.0	11834.0
705.0	11369.0
706.0	11550.0
707.0	12023.0
708.0	11252.0
709.0	11621.0
710.0	10900.0
711.0	11225.0
712.0	11439.0
713.0	12010.0
714.0	11536.0
715.0	11429.0
716.0	11687.0
717.0	11399.0
718.0	11252.0
719.0	11041.0
720.0	11737.0
721.0	11408.0
722.0	11668.0
723.0	11742.0
724.0	10880.0
725.0	11526.0
726.0	11393.0
727.0	11459.0
728.0	11746.0
729.0	11401.0
730.0	11598.0
731.0	11572.0
732.0	11656.0
733.0	11694.0
734.0	11439.0
735.0	11448.0
736.0	11669.0
737.0	11680.0
738.0	11320.0
739.0	11356.0
740.0	11264.0
741.0	11095.0
742.0	11471.0
743.0	11465.0
744.0	11491.0
745.0	11520.0
746.0	11140.0
747.0	11585.0
748.0	11605.0
749.0	11466.0
750.0	11264.0
751.0	11133.0
752.0	11581.0
753.0	11279.0
754.0	11911.0
755.0	11532.0
756.0	11829.0
757.0	11189.0
758.0	11663.0
759.0	11206.0
760.0	11538.0
761.0	11059.0
762.0	11507.0
763.0	11302.0
764.0	11390.0
765.0	11064.0
766.0	11665.0
767.0	11095.0
768.0	11396.0
769.0	11385.0
770.0	11294.0
771.0	11230.0
772.0	11537.0
773.0	11375.0
774.0	11668.0
775.0	11306.0
776.0	10995.0
777.0	11460.0
778.0	11347.0
779.0	11413.0
780.0	11612.0
781.0	11486.0
782.0	11295.0
783.0	11381.0
784.0	11924.0
785.0	11173.0
786.0	11304.0
787.0	11809.0
788.0	11853.0
789.0	11253.0
790.0	11302.0
791.0	11402.0
792.0	11618.0
793.0	11616.0
794.0	11696.0
795.0	11773.0
796.0	11322.0
797.0	11783.0
798.0	11409.0
799.0	11990.0
800.0	11402.0
