$itime = 500
$wv_start = 190.0
$hv = 1000
$grating = 2 1200 g/mm BLZ= 500  nm
$x_amps = 10
$x_volts = 45
$sample = DB2330_020
$date = 2023-07-03
$temp = 24.81
$wv_stop = 800.0
$time = 17:43:47.448000
$wv_step = 1.0
190.0	12403.0
191.0	12771.0
192.0	12673.0
193.0	12229.0
194.0	12274.0
195.0	12747.0
196.0	12323.0
197.0	12733.0
198.0	12683.0
199.0	12661.0
200.0	12640.0
201.0	12571.0
202.0	12418.0
203.0	11665.0
204.0	12263.0
205.0	12050.0
206.0	12524.0
207.0	12346.0
208.0	11899.0
209.0	12383.0
210.0	11927.0
211.0	12424.0
212.0	12335.0
213.0	12282.0
214.0	12690.0
215.0	12322.0
216.0	12185.0
217.0	12720.0
218.0	12627.0
219.0	11634.0
220.0	12810.0
221.0	12130.0
222.0	12146.0
223.0	12221.0
224.0	13036.0
225.0	12349.0
226.0	12371.0
227.0	12480.0
228.0	12450.0
229.0	12079.0
230.0	12147.0
231.0	12003.0
232.0	12392.0
233.0	12236.0
234.0	11812.0
235.0	12267.0
236.0	12244.0
237.0	12742.0
238.0	12193.0
239.0	12819.0
240.0	12714.0
241.0	11926.0
242.0	12553.0
243.0	12446.0
244.0	12692.0
245.0	12378.0
246.0	12557.0
247.0	12239.0
248.0	12767.0
249.0	12336.0
250.0	12439.0
251.0	12630.0
252.0	12019.0
253.0	12690.0
254.0	12532.0
255.0	12511.0
256.0	12229.0
257.0	12137.0
258.0	12462.0
259.0	12562.0
260.0	12518.0
261.0	12156.0
262.0	12421.0
263.0	12581.0
264.0	12478.0
265.0	12976.0
266.0	12211.0
267.0	12518.0
268.0	12820.0
269.0	12080.0
270.0	12657.0
271.0	12558.0
272.0	12380.0
273.0	12110.0
274.0	12290.0
275.0	12411.0
276.0	12391.0
277.0	12965.0
278.0	12267.0
279.0	13005.0
280.0	12533.0
281.0	12554.0
282.0	12529.0
283.0	12474.0
284.0	12242.0
285.0	12776.0
286.0	12593.0
287.0	12582.0
288.0	12534.0
289.0	12799.0
290.0	12645.0
291.0	12196.0
292.0	12422.0
293.0	11923.0
294.0	12891.0
295.0	12151.0
296.0	12540.0
297.0	12706.0
298.0	12626.0
299.0	13020.0
300.0	12554.0
301.0	12361.0
302.0	12120.0
303.0	12513.0
304.0	12052.0
305.0	12832.0
306.0	12595.0
307.0	12890.0
308.0	12278.0
309.0	12361.0
310.0	11975.0
311.0	12668.0
312.0	13094.0
313.0	12691.0
314.0	12770.0
315.0	12283.0
316.0	12653.0
317.0	12323.0
318.0	12617.0
319.0	12436.0
320.0	12482.0
321.0	12862.0
322.0	12421.0
323.0	12484.0
324.0	12957.0
325.0	12910.0
326.0	12581.0
327.0	12493.0
328.0	12808.0
329.0	12603.0
330.0	12438.0
331.0	12196.0
332.0	12788.0
333.0	12566.0
334.0	12832.0
335.0	12843.0
336.0	12391.0
337.0	12846.0
338.0	12547.0
339.0	12920.0
340.0	12540.0
341.0	12152.0
342.0	12021.0
343.0	12324.0
344.0	12520.0
345.0	12565.0
346.0	11993.0
347.0	12089.0
348.0	12398.0
349.0	12557.0
350.0	12260.0
351.0	12425.0
352.0	12475.0
353.0	12770.0
354.0	12365.0
355.0	12604.0
356.0	12273.0
357.0	12819.0
358.0	13162.0
359.0	12423.0
360.0	12493.0
361.0	12382.0
362.0	12200.0
363.0	12545.0
364.0	12351.0
365.0	12655.0
366.0	12738.0
367.0	11611.0
368.0	12570.0
369.0	12582.0
370.0	12617.0
371.0	12317.0
372.0	12487.0
373.0	12438.0
374.0	12866.0
375.0	12197.0
376.0	12554.0
377.0	12200.0
378.0	12185.0
379.0	12499.0
380.0	11924.0
381.0	12367.0
382.0	12760.0
383.0	12674.0
384.0	12319.0
385.0	12425.0
386.0	11811.0
387.0	12962.0
388.0	12154.0
389.0	12597.0
390.0	12434.0
391.0	12387.0
392.0	11979.0
393.0	12118.0
394.0	12697.0
395.0	13054.0
396.0	12416.0
397.0	12420.0
398.0	12456.0
399.0	12593.0
400.0	12324.0
401.0	12324.0
402.0	12424.0
403.0	12547.0
404.0	12630.0
405.0	12530.0
406.0	12505.0
407.0	12147.0
408.0	11946.0
409.0	12940.0
410.0	12515.0
411.0	12118.0
412.0	12304.0
413.0	12951.0
414.0	12608.0
415.0	12419.0
416.0	12739.0
417.0	12441.0
418.0	12562.0
419.0	12733.0
420.0	12387.0
421.0	12707.0
422.0	12351.0
423.0	12783.0
424.0	13087.0
425.0	13132.0
426.0	12660.0
427.0	12432.0
428.0	12420.0
429.0	12323.0
430.0	12286.0
431.0	12183.0
432.0	12554.0
433.0	12583.0
434.0	12711.0
435.0	12515.0
436.0	12629.0
437.0	12666.0
438.0	12299.0
439.0	12497.0
440.0	12391.0
441.0	12762.0
442.0	12667.0
443.0	12420.0
444.0	12578.0
445.0	12447.0
446.0	12604.0
447.0	12454.0
448.0	12669.0
449.0	12694.0
450.0	12421.0
451.0	12576.0
452.0	12759.0
453.0	12032.0
454.0	12382.0
455.0	12278.0
456.0	12882.0
457.0	12146.0
458.0	12684.0
459.0	12535.0
460.0	12371.0
461.0	12473.0
462.0	11897.0
463.0	12377.0
464.0	12823.0
465.0	12677.0
466.0	12946.0
467.0	12811.0
468.0	12272.0
469.0	12882.0
470.0	12666.0
471.0	13047.0
472.0	12493.0
473.0	12427.0
474.0	12412.0
475.0	13004.0
476.0	12912.0
477.0	12643.0
478.0	12878.0
479.0	13957.0
480.0	14166.0
481.0	13958.0
482.0	13206.0
483.0	13674.0
484.0	12363.0
485.0	12596.0
486.0	12617.0
487.0	12524.0
488.0	12608.0
489.0	13341.0
490.0	13114.0
491.0	13117.0
492.0	12688.0
493.0	12882.0
494.0	13193.0
495.0	13381.0
496.0	12467.0
497.0	13386.0
498.0	12956.0
499.0	12733.0
500.0	13271.0
501.0	13809.0
502.0	14097.0
503.0	13850.0
504.0	13862.0
505.0	13855.0
506.0	13414.0
507.0	13179.0
508.0	12706.0
509.0	13094.0
510.0	13124.0
511.0	13292.0
512.0	12548.0
513.0	13040.0
514.0	12776.0
515.0	12964.0
516.0	12985.0
517.0	12952.0
518.0	13126.0
519.0	12564.0
520.0	12484.0
521.0	12573.0
522.0	12755.0
523.0	12704.0
524.0	13538.0
525.0	13313.0
526.0	12550.0
527.0	12905.0
528.0	13090.0
529.0	13093.0
530.0	13229.0
531.0	12890.0
532.0	12568.0
533.0	12345.0
534.0	12455.0
535.0	13065.0
536.0	12649.0
537.0	13794.0
538.0	13059.0
539.0	13085.0
540.0	12951.0
541.0	12203.0
542.0	13146.0
543.0	12997.0
544.0	12772.0
545.0	13117.0
546.0	13081.0
547.0	12849.0
548.0	12819.0
549.0	13732.0
550.0	12899.0
551.0	13057.0
552.0	12745.0
553.0	12992.0
554.0	12137.0
555.0	12699.0
556.0	12924.0
557.0	12719.0
558.0	12885.0
559.0	12761.0
560.0	12589.0
561.0	12643.0
562.0	12433.0
563.0	12274.0
564.0	13162.0
565.0	12448.0
566.0	12212.0
567.0	12362.0
568.0	12533.0
569.0	12148.0
570.0	12767.0
571.0	12775.0
572.0	12723.0
573.0	13269.0
574.0	12469.0
575.0	12766.0
576.0	12249.0
577.0	12990.0
578.0	12364.0
579.0	12518.0
580.0	12203.0
581.0	12575.0
582.0	12856.0
583.0	12814.0
584.0	12628.0
585.0	12179.0
586.0	12498.0
587.0	12450.0
588.0	12703.0
589.0	13024.0
590.0	12947.0
591.0	12280.0
592.0	13318.0
593.0	12724.0
594.0	12527.0
595.0	12546.0
596.0	12237.0
597.0	12584.0
598.0	12420.0
599.0	13430.0
600.0	12473.0
601.0	12079.0
602.0	12584.0
603.0	12397.0
604.0	12606.0
605.0	12566.0
606.0	12228.0
607.0	12892.0
608.0	12442.0
609.0	12262.0
610.0	12526.0
611.0	12353.0
612.0	13056.0
613.0	12549.0
614.0	12801.0
615.0	13071.0
616.0	12581.0
617.0	12719.0
618.0	12253.0
619.0	13159.0
620.0	12355.0
621.0	12652.0
622.0	12495.0
623.0	12624.0
624.0	12311.0
625.0	12337.0
626.0	12544.0
627.0	12309.0
628.0	12795.0
629.0	12272.0
630.0	12518.0
631.0	13388.0
632.0	12593.0
633.0	12349.0
634.0	13123.0
635.0	12909.0
636.0	12878.0
637.0	12846.0
638.0	12828.0
639.0	12452.0
640.0	12507.0
641.0	12947.0
642.0	12112.0
643.0	12578.0
644.0	12424.0
645.0	12891.0
646.0	12264.0
647.0	12836.0
648.0	12436.0
649.0	12147.0
650.0	12906.0
651.0	12584.0
652.0	12498.0
653.0	12749.0
654.0	12433.0
655.0	12778.0
656.0	12275.0
657.0	12721.0
658.0	12179.0
659.0	12345.0
660.0	12205.0
661.0	12229.0
662.0	12431.0
663.0	12274.0
664.0	12483.0
665.0	12331.0
666.0	12459.0
667.0	12589.0
668.0	12517.0
669.0	12865.0
670.0	12275.0
671.0	12699.0
672.0	13120.0
673.0	12464.0
674.0	12316.0
675.0	12452.0
676.0	12144.0
677.0	12229.0
678.0	13166.0
679.0	12569.0
680.0	12415.0
681.0	12426.0
682.0	12792.0
683.0	12764.0
684.0	12688.0
685.0	12446.0
686.0	12972.0
687.0	12818.0
688.0	12048.0
689.0	12340.0
690.0	11995.0
691.0	12192.0
692.0	12539.0
693.0	11536.0
694.0	13520.0
695.0	12196.0
696.0	12362.0
697.0	12278.0
698.0	12487.0
699.0	12493.0
700.0	12750.0
701.0	12478.0
702.0	12439.0
703.0	13059.0
704.0	12628.0
705.0	12324.0
706.0	12831.0
707.0	11957.0
708.0	12266.0
709.0	13237.0
710.0	12403.0
711.0	12156.0
712.0	12624.0
713.0	13027.0
714.0	12713.0
715.0	12484.0
716.0	12738.0
717.0	12538.0
718.0	12729.0
719.0	12377.0
720.0	12776.0
721.0	12025.0
722.0	12445.0
723.0	12880.0
724.0	12040.0
725.0	12445.0
726.0	12441.0
727.0	12425.0
728.0	12890.0
729.0	12485.0
730.0	12582.0
731.0	12454.0
732.0	12738.0
733.0	12772.0
734.0	11908.0
735.0	12794.0
736.0	12652.0
737.0	12592.0
738.0	12645.0
739.0	12432.0
740.0	12584.0
741.0	12724.0
742.0	12341.0
743.0	12535.0
744.0	12462.0
745.0	12449.0
746.0	13055.0
747.0	12932.0
748.0	12572.0
749.0	12428.0
750.0	12510.0
751.0	12271.0
752.0	12571.0
753.0	12365.0
754.0	13083.0
755.0	12026.0
756.0	12503.0
757.0	12358.0
758.0	12690.0
759.0	12594.0
760.0	12134.0
761.0	12887.0
762.0	12718.0
763.0	12574.0
764.0	12309.0
765.0	12185.0
766.0	12567.0
767.0	12156.0
768.0	12627.0
769.0	12427.0
770.0	12573.0
771.0	12140.0
772.0	12323.0
773.0	12167.0
774.0	12098.0
775.0	12876.0
776.0	12811.0
777.0	12416.0
778.0	12569.0
779.0	12872.0
780.0	12765.0
781.0	12312.0
782.0	12376.0
783.0	12571.0
784.0	12533.0
785.0	12664.0
786.0	12538.0
787.0	12438.0
788.0	12682.0
789.0	12199.0
790.0	12534.0
791.0	12238.0
792.0	12342.0
793.0	12464.0
794.0	12109.0
795.0	12227.0
796.0	12352.0
797.0	12826.0
798.0	13082.0
799.0	12476.0
800.0	12509.0
