$itime = 500
$wv_start = 190.0
$hv = 1000
$grating = 2 1200 g/mm BLZ= 500  nm
$x_amps = 10
$x_volts = 45
$sample = DB2340
$date = 2023-07-05
$temp = 152.01
$wv_stop = 800.0
$time = 16:24:21.883000
$wv_step = 1.0
190.0	15736.0
191.0	16228.0
192.0	15884.0
193.0	16096.0
194.0	15413.0
195.0	14960.0
196.0	15992.0
197.0	15922.0
198.0	15594.0
199.0	15835.0
200.0	15553.0
201.0	16001.0
202.0	15769.0
203.0	16233.0
204.0	15641.0
205.0	16054.0
206.0	16184.0
207.0	15636.0
208.0	15728.0
209.0	15773.0
210.0	16218.0
211.0	15845.0
212.0	15960.0
213.0	15766.0
214.0	15888.0
215.0	15769.0
216.0	15809.0
217.0	16462.0
218.0	15719.0
219.0	16187.0
220.0	15781.0
221.0	15883.0
222.0	15607.0
223.0	16018.0
224.0	15793.0
225.0	16082.0
226.0	15541.0
227.0	15424.0
228.0	15588.0
229.0	15707.0
230.0	16212.0
231.0	16210.0
232.0	16005.0
233.0	16029.0
234.0	15625.0
235.0	16209.0
236.0	15475.0
237.0	15792.0
238.0	16294.0
239.0	15847.0
240.0	15716.0
241.0	16183.0
242.0	15900.0
243.0	15315.0
244.0	16100.0
245.0	16625.0
246.0	15562.0
247.0	16670.0
248.0	15769.0
249.0	15941.0
250.0	15900.0
251.0	15782.0
252.0	15777.0
253.0	16086.0
254.0	15936.0
255.0	16561.0
256.0	15677.0
257.0	15993.0
258.0	16115.0
259.0	15693.0
260.0	15835.0
261.0	16219.0
262.0	16233.0
263.0	16280.0
264.0	16066.0
265.0	15700.0
266.0	16180.0
267.0	15862.0
268.0	15929.0
269.0	15925.0
270.0	15716.0
271.0	15586.0
272.0	15527.0
273.0	16226.0
274.0	16144.0
275.0	15965.0
276.0	15739.0
277.0	16670.0
278.0	15775.0
279.0	15938.0
280.0	16310.0
281.0	16727.0
282.0	15955.0
283.0	15641.0
284.0	15855.0
285.0	16191.0
286.0	16565.0
287.0	15670.0
288.0	15681.0
289.0	15309.0
290.0	15499.0
291.0	15577.0
292.0	16175.0
293.0	16302.0
294.0	15712.0
295.0	15183.0
296.0	15843.0
297.0	15666.0
298.0	15724.0
299.0	16358.0
300.0	15758.0
301.0	16111.0
302.0	16101.0
303.0	15665.0
304.0	15967.0
305.0	15828.0
306.0	15373.0
307.0	16047.0
308.0	16085.0
309.0	15513.0
310.0	16082.0
311.0	15889.0
312.0	15735.0
313.0	15879.0
314.0	15862.0
315.0	15355.0
316.0	15929.0
317.0	15714.0
318.0	15969.0
319.0	15966.0
320.0	15780.0
321.0	16066.0
322.0	15644.0
323.0	16067.0
324.0	15719.0
325.0	15861.0
326.0	15582.0
327.0	15782.0
328.0	15708.0
329.0	15438.0
330.0	15843.0
331.0	15487.0
332.0	15882.0
333.0	15719.0
334.0	15374.0
335.0	16340.0
336.0	15394.0
337.0	15851.0
338.0	15728.0
339.0	16268.0
340.0	16082.0
341.0	15745.0
342.0	15946.0
343.0	15933.0
344.0	16306.0
345.0	16119.0
346.0	15931.0
347.0	16247.0
348.0	15946.0
349.0	15564.0
350.0	15640.0
351.0	15934.0
352.0	16120.0
353.0	16002.0
354.0	15366.0
355.0	16067.0
356.0	16219.0
357.0	16061.0
358.0	15766.0
359.0	15817.0
360.0	16391.0
361.0	15765.0
362.0	16237.0
363.0	15724.0
364.0	16169.0
365.0	15901.0
366.0	16544.0
367.0	15405.0
368.0	15835.0
369.0	15891.0
370.0	16369.0
371.0	16528.0
372.0	15164.0
373.0	16143.0
374.0	15570.0
375.0	15304.0
376.0	15884.0
377.0	15926.0
378.0	15892.0
379.0	15832.0
380.0	15744.0
381.0	16118.0
382.0	16168.0
383.0	15661.0
384.0	15946.0
385.0	15171.0
386.0	15768.0
387.0	16628.0
388.0	16178.0
389.0	16134.0
390.0	16665.0
391.0	16235.0
392.0	16056.0
393.0	15842.0
394.0	15879.0
395.0	15811.0
396.0	15755.0
397.0	15875.0
398.0	15731.0
399.0	16636.0
400.0	16188.0
401.0	15824.0
402.0	16060.0
403.0	16070.0
404.0	15413.0
405.0	16148.0
406.0	15665.0
407.0	16210.0
408.0	15743.0
409.0	16338.0
410.0	15560.0
411.0	15958.0
412.0	15792.0
413.0	15833.0
414.0	15309.0
415.0	15503.0
416.0	15637.0
417.0	15944.0
418.0	15632.0
419.0	16031.0
420.0	15938.0
421.0	15724.0
422.0	15333.0
423.0	16466.0
424.0	15534.0
425.0	15820.0
426.0	15646.0
427.0	15602.0
428.0	15817.0
429.0	15953.0
430.0	16256.0
431.0	15682.0
432.0	16086.0
433.0	16087.0
434.0	15912.0
435.0	16067.0
436.0	16274.0
437.0	16146.0
438.0	15862.0
439.0	16000.0
440.0	16069.0
441.0	15524.0
442.0	15538.0
443.0	15323.0
444.0	15583.0
445.0	16122.0
446.0	15936.0
447.0	15841.0
448.0	16429.0
449.0	15587.0
450.0	16177.0
451.0	15835.0
452.0	15567.0
453.0	15582.0
454.0	16369.0
455.0	16195.0
456.0	16114.0
457.0	16378.0
458.0	16191.0
459.0	15049.0
460.0	15791.0
461.0	16561.0
462.0	15913.0
463.0	15943.0
464.0	15513.0
465.0	15843.0
466.0	15739.0
467.0	15896.0
468.0	16101.0
469.0	15864.0
470.0	16032.0
471.0	15780.0
472.0	15880.0
473.0	15955.0
474.0	15678.0
475.0	15769.0
476.0	15804.0
477.0	15932.0
478.0	15551.0
479.0	15301.0
480.0	16327.0
481.0	16113.0
482.0	15729.0
483.0	15657.0
484.0	15781.0
485.0	15990.0
486.0	16559.0
487.0	16179.0
488.0	16240.0
489.0	15782.0
490.0	15691.0
491.0	15581.0
492.0	15983.0
493.0	16715.0
494.0	16226.0
495.0	15775.0
496.0	16211.0
497.0	15803.0
498.0	16209.0
499.0	15763.0
500.0	16251.0
501.0	16210.0
502.0	15595.0
503.0	15697.0
504.0	15351.0
505.0	16401.0
506.0	15943.0
507.0	15633.0
508.0	15585.0
509.0	15926.0
510.0	15667.0
511.0	15558.0
512.0	15803.0
513.0	15833.0
514.0	16077.0
515.0	15744.0
516.0	15309.0
517.0	15665.0
518.0	15853.0
519.0	15627.0
520.0	15587.0
521.0	16289.0
522.0	15993.0
523.0	15955.0
524.0	16154.0
525.0	16109.0
526.0	15577.0
527.0	15773.0
528.0	15938.0
529.0	15727.0
530.0	15787.0
531.0	16325.0
532.0	16045.0
533.0	15327.0
534.0	16106.0
535.0	15601.0
536.0	15814.0
537.0	15343.0
538.0	15951.0
539.0	15784.0
540.0	15658.0
541.0	16063.0
542.0	16536.0
543.0	15715.0
544.0	15952.0
545.0	15687.0
546.0	15764.0
547.0	16198.0
548.0	15364.0
549.0	16044.0
550.0	15734.0
551.0	16235.0
552.0	15755.0
553.0	15602.0
554.0	15637.0
555.0	16087.0
556.0	16210.0
557.0	16624.0
558.0	15786.0
559.0	16294.0
560.0	15769.0
561.0	15902.0
562.0	15910.0
563.0	15508.0
564.0	15522.0
565.0	16175.0
566.0	15752.0
567.0	15583.0
568.0	16412.0
569.0	15639.0
570.0	16031.0
571.0	15577.0
572.0	15727.0
573.0	16206.0
574.0	16222.0
575.0	15792.0
576.0	15667.0
577.0	15700.0
578.0	16257.0
579.0	15800.0
580.0	15765.0
581.0	16000.0
582.0	16157.0
583.0	16084.0
584.0	15705.0
585.0	15604.0
586.0	15973.0
587.0	15595.0
588.0	15982.0
589.0	15950.0
590.0	16008.0
591.0	15972.0
592.0	16081.0
593.0	15836.0
594.0	15920.0
595.0	15637.0
596.0	16093.0
597.0	16168.0
598.0	15308.0
599.0	16275.0
600.0	15943.0
601.0	16040.0
602.0	16384.0
603.0	16418.0
604.0	16072.0
605.0	15769.0
606.0	16205.0
607.0	15975.0
608.0	16211.0
609.0	16511.0
610.0	16123.0
611.0	15923.0
612.0	15835.0
613.0	16206.0
614.0	16539.0
615.0	15892.0
616.0	16066.0
617.0	15791.0
618.0	16272.0
619.0	15942.0
620.0	16219.0
621.0	16081.0
622.0	16006.0
623.0	16437.0
624.0	16668.0
625.0	16328.0
626.0	16175.0
627.0	15404.0
628.0	16036.0
629.0	16129.0
630.0	16084.0
631.0	15953.0
632.0	16554.0
633.0	16037.0
634.0	16262.0
635.0	15426.0
636.0	15651.0
637.0	16692.0
638.0	16321.0
639.0	16282.0
640.0	15735.0
641.0	16339.0
642.0	15903.0
643.0	16185.0
644.0	16204.0
645.0	15538.0
646.0	16437.0
647.0	15830.0
648.0	16191.0
649.0	16366.0
650.0	15609.0
651.0	16083.0
652.0	16231.0
653.0	16316.0
654.0	16519.0
655.0	16400.0
656.0	16691.0
657.0	16572.0
658.0	17373.0
659.0	16202.0
660.0	16470.0
661.0	16324.0
662.0	16161.0
663.0	16167.0
664.0	16061.0
665.0	16121.0
666.0	16173.0
667.0	15763.0
668.0	16415.0
669.0	16440.0
670.0	16486.0
671.0	15854.0
672.0	16076.0
673.0	15838.0
674.0	16224.0
675.0	16191.0
676.0	15893.0
677.0	15973.0
678.0	15862.0
679.0	16126.0
680.0	15727.0
681.0	15768.0
682.0	16445.0
683.0	16060.0
684.0	15813.0
685.0	15689.0
686.0	16389.0
687.0	15029.0
688.0	15650.0
689.0	15327.0
690.0	15973.0
691.0	15934.0
692.0	15711.0
693.0	15769.0
694.0	16175.0
695.0	16189.0
696.0	15715.0
697.0	15418.0
698.0	16266.0
699.0	16193.0
700.0	15882.0
701.0	15679.0
702.0	15962.0
703.0	15862.0
704.0	15207.0
705.0	15629.0
706.0	16011.0
707.0	15897.0
708.0	16101.0
709.0	15820.0
710.0	15511.0
711.0	16567.0
712.0	15865.0
713.0	15930.0
714.0	15950.0
715.0	15214.0
716.0	16073.0
717.0	16066.0
718.0	15844.0
719.0	15399.0
720.0	15997.0
721.0	15233.0
722.0	16116.0
723.0	15609.0
724.0	15659.0
725.0	16185.0
726.0	15571.0
727.0	15574.0
728.0	16417.0
729.0	15673.0
730.0	16236.0
731.0	16328.0
732.0	16217.0
733.0	15975.0
734.0	15639.0
735.0	15717.0
736.0	15820.0
737.0	15211.0
738.0	15564.0
739.0	16585.0
740.0	16071.0
741.0	15930.0
742.0	16083.0
743.0	15942.0
744.0	15756.0
745.0	15441.0
746.0	16694.0
747.0	16069.0
748.0	15599.0
749.0	15649.0
750.0	15556.0
751.0	15299.0
752.0	15996.0
753.0	15868.0
754.0	16071.0
755.0	16330.0
756.0	15627.0
757.0	15734.0
758.0	16031.0
759.0	15917.0
760.0	15622.0
761.0	15975.0
762.0	15922.0
763.0	16091.0
764.0	15834.0
765.0	15831.0
766.0	15888.0
767.0	15402.0
768.0	16281.0
769.0	15967.0
770.0	16034.0
771.0	16149.0
772.0	15857.0
773.0	16450.0
774.0	15825.0
775.0	16578.0
776.0	15940.0
777.0	15555.0
778.0	15822.0
779.0	16305.0
780.0	15677.0
781.0	15894.0
782.0	15518.0
783.0	15771.0
784.0	16261.0
785.0	15558.0
786.0	15473.0
787.0	15910.0
788.0	16008.0
789.0	15697.0
790.0	16436.0
791.0	16213.0
792.0	16391.0
793.0	15907.0
794.0	15641.0
795.0	16571.0
796.0	16014.0
797.0	16413.0
798.0	15477.0
799.0	16121.0
800.0	15341.0
