$itime = 500
$wv_start = 190.0
$hv = 1000
$grating = 2 1200 g/mm BLZ= 500  nm
$x_amps = 10
$x_volts = 45
$sample = DB2340
$date = 2023-07-05
$temp = 272.0
$wv_stop = 800.0
$time = 12:22:08.536000
$wv_step = 1.0
190.0	13020.0
191.0	13013.0
192.0	13460.0
193.0	13460.0
194.0	13622.0
195.0	13746.0
196.0	13183.0
197.0	13539.0
198.0	13029.0
199.0	13156.0
200.0	13412.0
201.0	13152.0
202.0	13759.0
203.0	13658.0
204.0	13759.0
205.0	13639.0
206.0	13433.0
207.0	13285.0
208.0	13026.0
209.0	13732.0
210.0	13462.0
211.0	13013.0
212.0	12904.0
213.0	13977.0
214.0	13376.0
215.0	13436.0
216.0	13075.0
217.0	14071.0
218.0	12793.0
219.0	14213.0
220.0	13292.0
221.0	13652.0
222.0	12872.0
223.0	13582.0
224.0	13164.0
225.0	13260.0
226.0	13490.0
227.0	13617.0
228.0	12641.0
229.0	13302.0
230.0	13860.0
231.0	13438.0
232.0	13445.0
233.0	13228.0
234.0	13302.0
235.0	13794.0
236.0	13520.0
237.0	13506.0
238.0	13797.0
239.0	13471.0
240.0	13668.0
241.0	13514.0
242.0	13561.0
243.0	13633.0
244.0	13281.0
245.0	13679.0
246.0	13352.0
247.0	13544.0
248.0	14055.0
249.0	13421.0
250.0	13247.0
251.0	13318.0
252.0	13965.0
253.0	12959.0
254.0	13622.0
255.0	12890.0
256.0	13200.0
257.0	13571.0
258.0	13333.0
259.0	13404.0
260.0	13301.0
261.0	13766.0
262.0	12871.0
263.0	13276.0
264.0	13440.0
265.0	13528.0
266.0	13920.0
267.0	13338.0
268.0	13427.0
269.0	14033.0
270.0	13081.0
271.0	13200.0
272.0	13538.0
273.0	13898.0
274.0	13446.0
275.0	13784.0
276.0	13027.0
277.0	13803.0
278.0	13743.0
279.0	13424.0
280.0	13730.0
281.0	13586.0
282.0	13260.0
283.0	13502.0
284.0	13398.0
285.0	13836.0
286.0	13422.0
287.0	13958.0
288.0	13708.0
289.0	13888.0
290.0	14035.0
291.0	13108.0
292.0	12770.0
293.0	13508.0
294.0	13883.0
295.0	14231.0
296.0	13328.0
297.0	14052.0
298.0	13427.0
299.0	13564.0
300.0	13623.0
301.0	13992.0
302.0	13260.0
303.0	13863.0
304.0	13649.0
305.0	13315.0
306.0	13054.0
307.0	13310.0
308.0	13701.0
309.0	13667.0
310.0	13262.0
311.0	13208.0
312.0	13175.0
313.0	13890.0
314.0	13834.0
315.0	13605.0
316.0	14378.0
317.0	13988.0
318.0	13384.0
319.0	13315.0
320.0	13698.0
321.0	13865.0
322.0	13888.0
323.0	13637.0
324.0	13278.0
325.0	13439.0
326.0	13743.0
327.0	13436.0
328.0	13692.0
329.0	13794.0
330.0	13862.0
331.0	13340.0
332.0	13859.0
333.0	13644.0
334.0	13458.0
335.0	14245.0
336.0	13292.0
337.0	13336.0
338.0	13521.0
339.0	13389.0
340.0	13352.0
341.0	13584.0
342.0	13720.0
343.0	13570.0
344.0	13506.0
345.0	13392.0
346.0	13613.0
347.0	13683.0
348.0	13526.0
349.0	13478.0
350.0	13506.0
351.0	13471.0
352.0	13391.0
353.0	13521.0
354.0	13318.0
355.0	13384.0
356.0	13564.0
357.0	13697.0
358.0	13493.0
359.0	13666.0
360.0	13714.0
361.0	13141.0
362.0	13141.0
363.0	13537.0
364.0	13260.0
365.0	13519.0
366.0	13336.0
367.0	13329.0
368.0	12988.0
369.0	12906.0
370.0	13571.0
371.0	13473.0
372.0	13919.0
373.0	13756.0
374.0	13555.0
375.0	13649.0
376.0	13864.0
377.0	13213.0
378.0	13274.0
379.0	13267.0
380.0	13743.0
381.0	13104.0
382.0	13164.0
383.0	13432.0
384.0	13643.0
385.0	13024.0
386.0	13239.0
387.0	13356.0
388.0	13587.0
389.0	13656.0
390.0	13741.0
391.0	13404.0
392.0	13776.0
393.0	14095.0
394.0	13145.0
395.0	13716.0
396.0	13238.0
397.0	13466.0
398.0	14010.0
399.0	13121.0
400.0	13418.0
401.0	13402.0
402.0	13846.0
403.0	13523.0
404.0	13009.0
405.0	13273.0
406.0	13954.0
407.0	13846.0
408.0	13568.0
409.0	13428.0
410.0	13381.0
411.0	14246.0
412.0	13600.0
413.0	13873.0
414.0	13186.0
415.0	13769.0
416.0	13519.0
417.0	13268.0
418.0	13293.0
419.0	13673.0
420.0	13526.0
421.0	13468.0
422.0	13747.0
423.0	13422.0
424.0	13804.0
425.0	13205.0
426.0	13475.0
427.0	13945.0
428.0	13707.0
429.0	13334.0
430.0	13622.0
431.0	13302.0
432.0	13036.0
433.0	13654.0
434.0	13271.0
435.0	13710.0
436.0	13129.0
437.0	13343.0
438.0	13557.0
439.0	14106.0
440.0	13756.0
441.0	13751.0
442.0	13879.0
443.0	13363.0
444.0	13435.0
445.0	13120.0
446.0	12983.0
447.0	13640.0
448.0	13164.0
449.0	13629.0
450.0	13501.0
451.0	13505.0
452.0	13860.0
453.0	13583.0
454.0	12797.0
455.0	13406.0
456.0	13814.0
457.0	13671.0
458.0	13205.0
459.0	13536.0
460.0	13348.0
461.0	13683.0
462.0	13490.0
463.0	13452.0
464.0	13801.0
465.0	13888.0
466.0	13726.0
467.0	13683.0
468.0	13643.0
469.0	13192.0
470.0	13785.0
471.0	13536.0
472.0	13393.0
473.0	13351.0
474.0	13832.0
475.0	13550.0
476.0	13659.0
477.0	13539.0
478.0	13366.0
479.0	13364.0
480.0	13375.0
481.0	13451.0
482.0	13716.0
483.0	13361.0
484.0	13849.0
485.0	13520.0
486.0	13852.0
487.0	13487.0
488.0	13888.0
489.0	13432.0
490.0	13504.0
491.0	13742.0
492.0	13323.0
493.0	13647.0
494.0	13535.0
495.0	13631.0
496.0	14201.0
497.0	13209.0
498.0	13294.0
499.0	13405.0
500.0	13403.0
501.0	13402.0
502.0	13854.0
503.0	13562.0
504.0	13671.0
505.0	13439.0
506.0	13249.0
507.0	13486.0
508.0	13378.0
509.0	13684.0
510.0	13564.0
511.0	13841.0
512.0	13140.0
513.0	13285.0
514.0	13752.0
515.0	13852.0
516.0	13827.0
517.0	13423.0
518.0	12970.0
519.0	13035.0
520.0	13931.0
521.0	14061.0
522.0	13722.0
523.0	14175.0
524.0	13384.0
525.0	13441.0
526.0	13880.0
527.0	14124.0
528.0	13673.0
529.0	13579.0
530.0	13275.0
531.0	13496.0
532.0	13359.0
533.0	13218.0
534.0	13879.0
535.0	14002.0
536.0	13129.0
537.0	13943.0
538.0	13756.0
539.0	13219.0
540.0	13859.0
541.0	13838.0
542.0	13371.0
543.0	13329.0
544.0	13329.0
545.0	13736.0
546.0	13270.0
547.0	13212.0
548.0	13945.0
549.0	13759.0
550.0	13535.0
551.0	13433.0
552.0	13754.0
553.0	13223.0
554.0	13513.0
555.0	13373.0
556.0	13485.0
557.0	14240.0
558.0	13309.0
559.0	13579.0
560.0	12901.0
561.0	13268.0
562.0	13307.0
563.0	13664.0
564.0	14146.0
565.0	13605.0
566.0	13431.0
567.0	13609.0
568.0	13872.0
569.0	13333.0
570.0	13408.0
571.0	13562.0
572.0	13423.0
573.0	13599.0
574.0	13688.0
575.0	13457.0
576.0	13966.0
577.0	13656.0
578.0	13683.0
579.0	12886.0
580.0	13661.0
581.0	13283.0
582.0	13945.0
583.0	13980.0
584.0	14379.0
585.0	14324.0
586.0	13735.0
587.0	13766.0
588.0	13506.0
589.0	13564.0
590.0	13555.0
591.0	13239.0
592.0	13259.0
593.0	13659.0
594.0	13743.0
595.0	13874.0
596.0	13481.0
597.0	13463.0
598.0	13497.0
599.0	13818.0
600.0	13421.0
601.0	12963.0
602.0	13750.0
603.0	13660.0
604.0	13579.0
605.0	13349.0
606.0	13669.0
607.0	13522.0
608.0	13865.0
609.0	13303.0
610.0	14071.0
611.0	13717.0
612.0	13389.0
613.0	13210.0
614.0	13685.0
615.0	13567.0
616.0	13624.0
617.0	14264.0
618.0	13455.0
619.0	13679.0
620.0	13475.0
621.0	13861.0
622.0	13527.0
623.0	13406.0
624.0	13438.0
625.0	13555.0
626.0	13830.0
627.0	13072.0
628.0	13533.0
629.0	13323.0
630.0	13639.0
631.0	13749.0
632.0	13551.0
633.0	13586.0
634.0	13743.0
635.0	13570.0
636.0	13435.0
637.0	13854.0
638.0	13267.0
639.0	13828.0
640.0	13767.0
641.0	13485.0
642.0	14007.0
643.0	13473.0
644.0	13465.0
645.0	13511.0
646.0	13420.0
647.0	13535.0
648.0	13481.0
649.0	13397.0
650.0	13280.0
651.0	13951.0
652.0	14358.0
653.0	13774.0
654.0	13369.0
655.0	13270.0
656.0	13204.0
657.0	14077.0
658.0	13432.0
659.0	13740.0
660.0	13445.0
661.0	14036.0
662.0	13715.0
663.0	13378.0
664.0	13603.0
665.0	13399.0
666.0	14051.0
667.0	14278.0
668.0	14122.0
669.0	13037.0
670.0	13539.0
671.0	13545.0
672.0	13647.0
673.0	13783.0
674.0	13204.0
675.0	13161.0
676.0	13465.0
677.0	13963.0
678.0	13586.0
679.0	13730.0
680.0	13797.0
681.0	13646.0
682.0	13976.0
683.0	13369.0
684.0	13200.0
685.0	13063.0
686.0	13658.0
687.0	13859.0
688.0	13817.0
689.0	12986.0
690.0	13827.0
691.0	13419.0
692.0	13803.0
693.0	13464.0
694.0	13637.0
695.0	13554.0
696.0	13938.0
697.0	13539.0
698.0	14024.0
699.0	13535.0
700.0	13651.0
701.0	13456.0
702.0	14094.0
703.0	13436.0
704.0	13472.0
705.0	13707.0
706.0	13515.0
707.0	13586.0
708.0	13458.0
709.0	13545.0
710.0	13522.0
711.0	13673.0
712.0	13742.0
713.0	13735.0
714.0	13565.0
715.0	13783.0
716.0	13661.0
717.0	12638.0
718.0	13302.0
719.0	13527.0
720.0	13555.0
721.0	13694.0
722.0	13487.0
723.0	13789.0
724.0	14031.0
725.0	13396.0
726.0	13579.0
727.0	13333.0
728.0	14038.0
729.0	13281.0
730.0	13545.0
731.0	13384.0
732.0	13660.0
733.0	13142.0
734.0	13361.0
735.0	13268.0
736.0	13679.0
737.0	13544.0
738.0	13022.0
739.0	13726.0
740.0	13525.0
741.0	13838.0
742.0	13726.0
743.0	13247.0
744.0	13906.0
745.0	14047.0
746.0	13455.0
747.0	13135.0
748.0	13528.0
749.0	13400.0
750.0	13291.0
751.0	12849.0
752.0	13191.0
753.0	13915.0
754.0	13683.0
755.0	12833.0
756.0	13283.0
757.0	13730.0
758.0	13743.0
759.0	13381.0
760.0	13860.0
761.0	13777.0
762.0	13759.0
763.0	13900.0
764.0	13698.0
765.0	13562.0
766.0	13224.0
767.0	13515.0
768.0	14065.0
769.0	13577.0
770.0	13603.0
771.0	13551.0
772.0	13742.0
773.0	14095.0
774.0	13495.0
775.0	13361.0
776.0	13454.0
777.0	13476.0
778.0	13471.0
779.0	13863.0
780.0	13751.0
781.0	13628.0
782.0	14009.0
783.0	13121.0
784.0	14021.0
785.0	13221.0
786.0	13447.0
787.0	13468.0
788.0	13336.0
789.0	13400.0
790.0	13228.0
791.0	13208.0
792.0	13799.0
793.0	13134.0
794.0	13367.0
795.0	13396.0
796.0	12900.0
797.0	12976.0
798.0	13224.0
799.0	13777.0
800.0	13169.0
