$itime = 500
$wv_start = 190.0
$hv = 1000
$grating = 2 1200 g/mm BLZ= 500  nm
$x_amps = 10
$x_volts = 45
$sample = DB2340
$date = 2023-07-05
$temp = 62.01
$wv_stop = 800.0
$time = 16:24:21.883000
$wv_step = 1.0
190.0	17016.0
191.0	16238.0
192.0	16670.0
193.0	16180.0
194.0	16815.0
195.0	16161.0
196.0	16776.0
197.0	16335.0
198.0	16723.0
199.0	15778.0
200.0	16550.0
201.0	16120.0
202.0	16303.0
203.0	16175.0
204.0	15853.0
205.0	16437.0
206.0	16140.0
207.0	16200.0
208.0	16960.0
209.0	16532.0
210.0	17045.0
211.0	16921.0
212.0	16941.0
213.0	16635.0
214.0	15994.0
215.0	16729.0
216.0	16415.0
217.0	16324.0
218.0	16612.0
219.0	16399.0
220.0	16352.0
221.0	16532.0
222.0	16168.0
223.0	16877.0
224.0	16287.0
225.0	16773.0
226.0	16922.0
227.0	16867.0
228.0	16657.0
229.0	16440.0
230.0	16250.0
231.0	16698.0
232.0	16175.0
233.0	16562.0
234.0	16556.0
235.0	16271.0
236.0	16522.0
237.0	16321.0
238.0	16655.0
239.0	16036.0
240.0	16386.0
241.0	16449.0
242.0	16301.0
243.0	17290.0
244.0	16556.0
245.0	16288.0
246.0	16577.0
247.0	16180.0
248.0	16825.0
249.0	16710.0
250.0	16477.0
251.0	16509.0
252.0	16757.0
253.0	16142.0
254.0	17333.0
255.0	15933.0
256.0	16435.0
257.0	16505.0
258.0	15819.0
259.0	16139.0
260.0	16589.0
261.0	16317.0
262.0	16151.0
263.0	16692.0
264.0	16436.0
265.0	16588.0
266.0	16692.0
267.0	16339.0
268.0	16532.0
269.0	16515.0
270.0	16811.0
271.0	16435.0
272.0	15762.0
273.0	16934.0
274.0	16735.0
275.0	16564.0
276.0	16352.0
277.0	16396.0
278.0	16310.0
279.0	16626.0
280.0	16266.0
281.0	16287.0
282.0	16599.0
283.0	16452.0
284.0	16345.0
285.0	16234.0
286.0	16924.0
287.0	16639.0
288.0	16121.0
289.0	16409.0
290.0	16114.0
291.0	16233.0
292.0	16669.0
293.0	16051.0
294.0	16442.0
295.0	16624.0
296.0	16941.0
297.0	16789.0
298.0	16633.0
299.0	16621.0
300.0	16281.0
301.0	16158.0
302.0	16559.0
303.0	16177.0
304.0	16567.0
305.0	16407.0
306.0	16368.0
307.0	16722.0
308.0	16719.0
309.0	16465.0
310.0	16649.0
311.0	16028.0
312.0	16289.0
313.0	16280.0
314.0	16586.0
315.0	16959.0
316.0	16838.0
317.0	16373.0
318.0	16222.0
319.0	16389.0
320.0	15824.0
321.0	16502.0
322.0	16947.0
323.0	16023.0
324.0	16455.0
325.0	16429.0
326.0	16829.0
327.0	16429.0
328.0	16210.0
329.0	16340.0
330.0	16602.0
331.0	16435.0
332.0	16191.0
333.0	16588.0
334.0	17061.0
335.0	16361.0
336.0	15998.0
337.0	16525.0
338.0	16213.0
339.0	17037.0
340.0	16339.0
341.0	16711.0
342.0	16288.0
343.0	16677.0
344.0	15716.0
345.0	16772.0
346.0	16330.0
347.0	15992.0
348.0	16060.0
349.0	16692.0
350.0	16084.0
351.0	16450.0
352.0	16714.0
353.0	16209.0
354.0	16432.0
355.0	15953.0
356.0	16046.0
357.0	16937.0
358.0	16501.0
359.0	16068.0
360.0	16418.0
361.0	16434.0
362.0	16308.0
363.0	16737.0
364.0	16443.0
365.0	16177.0
366.0	16264.0
367.0	16266.0
368.0	16257.0
369.0	16570.0
370.0	16249.0
371.0	16804.0
372.0	16178.0
373.0	16262.0
374.0	17188.0
375.0	16305.0
376.0	16495.0
377.0	16181.0
378.0	16411.0
379.0	16670.0
380.0	16549.0
381.0	16890.0
382.0	16543.0
383.0	16351.0
384.0	16001.0
385.0	16049.0
386.0	16202.0
387.0	16510.0
388.0	16956.0
389.0	16411.0
390.0	16167.0
391.0	16331.0
392.0	16573.0
393.0	17035.0
394.0	15992.0
395.0	15949.0
396.0	16211.0
397.0	16379.0
398.0	16639.0
399.0	16041.0
400.0	16185.0
401.0	15833.0
402.0	16383.0
403.0	16617.0
404.0	15960.0
405.0	16036.0
406.0	16309.0
407.0	16267.0
408.0	15787.0
409.0	17034.0
410.0	16678.0
411.0	16531.0
412.0	16521.0
413.0	16575.0
414.0	16505.0
415.0	16569.0
416.0	16496.0
417.0	16066.0
418.0	16412.0
419.0	16274.0
420.0	16216.0
421.0	15841.0
422.0	16104.0
423.0	16988.0
424.0	16981.0
425.0	16450.0
426.0	16621.0
427.0	16207.0
428.0	16465.0
429.0	16426.0
430.0	15661.0
431.0	16538.0
432.0	16197.0
433.0	15900.0
434.0	15768.0
435.0	16624.0
436.0	16535.0
437.0	16334.0
438.0	16637.0
439.0	16475.0
440.0	16010.0
441.0	16664.0
442.0	16435.0
443.0	16318.0
444.0	16759.0
445.0	16041.0
446.0	15575.0
447.0	16067.0
448.0	16100.0
449.0	15922.0
450.0	16210.0
451.0	16709.0
452.0	16477.0
453.0	15913.0
454.0	16372.0
455.0	16329.0
456.0	16432.0
457.0	16098.0
458.0	16494.0
459.0	16685.0
460.0	16148.0
461.0	16343.0
462.0	16123.0
463.0	15962.0
464.0	16120.0
465.0	16234.0
466.0	16548.0
467.0	16320.0
468.0	16200.0
469.0	16437.0
470.0	16299.0
471.0	16118.0
472.0	16115.0
473.0	16624.0
474.0	16103.0
475.0	15778.0
476.0	15922.0
477.0	16026.0
478.0	16676.0
479.0	16532.0
480.0	16348.0
481.0	16652.0
482.0	16406.0
483.0	16623.0
484.0	16588.0
485.0	16700.0
486.0	16280.0
487.0	16061.0
488.0	17016.0
489.0	16762.0
490.0	16191.0
491.0	16536.0
492.0	16055.0
493.0	16723.0
494.0	16690.0
495.0	15898.0
496.0	15763.0
497.0	16209.0
498.0	15884.0
499.0	16406.0
500.0	16574.0
501.0	16847.0
502.0	16786.0
503.0	16612.0
504.0	16006.0
505.0	16111.0
506.0	16464.0
507.0	16683.0
508.0	16804.0
509.0	16026.0
510.0	16560.0
511.0	16254.0
512.0	16217.0
513.0	16045.0
514.0	16545.0
515.0	16344.0
516.0	16268.0
517.0	16143.0
518.0	16411.0
519.0	16580.0
520.0	16813.0
521.0	16659.0
522.0	16417.0
523.0	15901.0
524.0	16280.0
525.0	16692.0
526.0	16252.0
527.0	16797.0
528.0	16930.0
529.0	16684.0
530.0	16406.0
531.0	16558.0
532.0	16888.0
533.0	15574.0
534.0	16315.0
535.0	16645.0
536.0	16195.0
537.0	16263.0
538.0	16330.0
539.0	16777.0
540.0	16483.0
541.0	15993.0
542.0	15880.0
543.0	16874.0
544.0	16639.0
545.0	16741.0
546.0	16945.0
547.0	17062.0
548.0	16485.0
549.0	16331.0
550.0	17052.0
551.0	16627.0
552.0	16768.0
553.0	16694.0
554.0	15796.0
555.0	16705.0
556.0	16139.0
557.0	15736.0
558.0	16919.0
559.0	17043.0
560.0	16582.0
561.0	15878.0
562.0	16397.0
563.0	15932.0
564.0	16660.0
565.0	16051.0
566.0	16428.0
567.0	16833.0
568.0	16432.0
569.0	16558.0
570.0	16434.0
571.0	16492.0
572.0	16569.0
573.0	16411.0
574.0	16557.0
575.0	16262.0
576.0	16334.0
577.0	16272.0
578.0	16390.0
579.0	16371.0
580.0	16417.0
581.0	16136.0
582.0	16361.0
583.0	16697.0
584.0	16740.0
585.0	16306.0
586.0	16160.0
587.0	15904.0
588.0	16513.0
589.0	16654.0
590.0	16371.0
591.0	15887.0
592.0	15993.0
593.0	16164.0
594.0	16179.0
595.0	16391.0
596.0	16696.0
597.0	16757.0
598.0	16899.0
599.0	16299.0
600.0	16496.0
601.0	16375.0
602.0	16108.0
603.0	16337.0
604.0	16229.0
605.0	16736.0
606.0	16454.0
607.0	16748.0
608.0	16183.0
609.0	16281.0
610.0	16302.0
611.0	16276.0
612.0	16304.0
613.0	16254.0
614.0	16637.0
615.0	15954.0
616.0	16797.0
617.0	16454.0
618.0	16674.0
619.0	16409.0
620.0	16582.0
621.0	16500.0
622.0	16163.0
623.0	16235.0
624.0	16972.0
625.0	16302.0
626.0	16082.0
627.0	16608.0
628.0	16104.0
629.0	16153.0
630.0	16257.0
631.0	16163.0
632.0	16678.0
633.0	16069.0
634.0	16435.0
635.0	16577.0
636.0	16374.0
637.0	16179.0
638.0	16414.0
639.0	16887.0
640.0	16378.0
641.0	16578.0
642.0	15828.0
643.0	16624.0
644.0	16679.0
645.0	17078.0
646.0	16076.0
647.0	16482.0
648.0	16284.0
649.0	16389.0
650.0	16442.0
651.0	16827.0
652.0	17221.0
653.0	16609.0
654.0	17172.0
655.0	17368.0
656.0	17378.0
657.0	16767.0
658.0	17048.0
659.0	17186.0
660.0	17188.0
661.0	16828.0
662.0	16594.0
663.0	17493.0
664.0	16670.0
665.0	16690.0
666.0	16950.0
667.0	17076.0
668.0	17095.0
669.0	16766.0
670.0	17013.0
671.0	16925.0
672.0	17213.0
673.0	17630.0
674.0	17648.0
675.0	16613.0
676.0	16715.0
677.0	16262.0
678.0	16676.0
679.0	16997.0
680.0	16759.0
681.0	17020.0
682.0	16960.0
683.0	16713.0
684.0	16226.0
685.0	17110.0
686.0	15966.0
687.0	16317.0
688.0	16719.0
689.0	16399.0
690.0	16379.0
691.0	16842.0
692.0	16471.0
693.0	16077.0
694.0	16636.0
695.0	15670.0
696.0	15783.0
697.0	16914.0
698.0	16834.0
699.0	16162.0
700.0	17018.0
701.0	16243.0
702.0	16101.0
703.0	16431.0
704.0	15826.0
705.0	16100.0
706.0	16670.0
707.0	16153.0
708.0	16573.0
709.0	16668.0
710.0	16075.0
711.0	16224.0
712.0	16009.0
713.0	16079.0
714.0	16672.0
715.0	16639.0
716.0	16291.0
717.0	16533.0
718.0	16157.0
719.0	16515.0
720.0	16854.0
721.0	16218.0
722.0	16251.0
723.0	16008.0
724.0	16525.0
725.0	16857.0
726.0	16560.0
727.0	16247.0
728.0	16173.0
729.0	16168.0
730.0	16304.0
731.0	15923.0
732.0	16549.0
733.0	16049.0
734.0	16447.0
735.0	15615.0
736.0	16419.0
737.0	16191.0
738.0	16175.0
739.0	16858.0
740.0	16619.0
741.0	16354.0
742.0	15924.0
743.0	16597.0
744.0	16092.0
745.0	15745.0
746.0	16574.0
747.0	16467.0
748.0	16657.0
749.0	16346.0
750.0	16378.0
751.0	15745.0
752.0	16874.0
753.0	16446.0
754.0	16573.0
755.0	16487.0
756.0	15910.0
757.0	16139.0
758.0	16884.0
759.0	16550.0
760.0	17123.0
761.0	16429.0
762.0	16604.0
763.0	16660.0
764.0	16026.0
765.0	16286.0
766.0	16256.0
767.0	15896.0
768.0	16498.0
769.0	15897.0
770.0	16775.0
771.0	16140.0
772.0	16392.0
773.0	16773.0
774.0	16826.0
775.0	16263.0
776.0	16232.0
777.0	16788.0
778.0	16432.0
779.0	16939.0
780.0	16317.0
781.0	16394.0
782.0	16101.0
783.0	16093.0
784.0	17084.0
785.0	16338.0
786.0	16498.0
787.0	16156.0
788.0	16717.0
789.0	16626.0
790.0	16562.0
791.0	16642.0
792.0	15784.0
793.0	16032.0
794.0	16188.0
795.0	16192.0
796.0	16353.0
797.0	16481.0
798.0	16462.0
799.0	16660.0
800.0	16606.0
