$itime = 500
$wv_start = 190.0
$hv = 1000
$grating = 2 1200 g/mm BLZ= 500  nm
$x_amps = 10
$x_volts = 45
$sample = DB2340
$date = 2023-07-05
$temp = 172.0
$wv_stop = 800.0
$time = 16:24:21.883000
$wv_step = 1.0
190.0	15884.0
191.0	15807.0
192.0	16107.0
193.0	15486.0
194.0	16130.0
195.0	15642.0
196.0	15893.0
197.0	15918.0
198.0	15526.0
199.0	15411.0
200.0	15595.0
201.0	15327.0
202.0	15897.0
203.0	15390.0
204.0	15694.0
205.0	15849.0
206.0	15589.0
207.0	16016.0
208.0	15715.0
209.0	15526.0
210.0	15980.0
211.0	15773.0
212.0	15557.0
213.0	15795.0
214.0	15693.0
215.0	16166.0
216.0	15955.0
217.0	15552.0
218.0	15217.0
219.0	15665.0
220.0	15278.0
221.0	15370.0
222.0	15479.0
223.0	15361.0
224.0	15794.0
225.0	15415.0
226.0	16028.0
227.0	16177.0
228.0	15950.0
229.0	15510.0
230.0	16095.0
231.0	15457.0
232.0	16018.0
233.0	15096.0
234.0	15671.0
235.0	15852.0
236.0	15792.0
237.0	16238.0
238.0	16065.0
239.0	16063.0
240.0	15769.0
241.0	15571.0
242.0	15785.0
243.0	15612.0
244.0	15513.0
245.0	15456.0
246.0	15786.0
247.0	15740.0
248.0	15831.0
249.0	15381.0
250.0	15008.0
251.0	15573.0
252.0	15386.0
253.0	15846.0
254.0	16138.0
255.0	15335.0
256.0	15967.0
257.0	15946.0
258.0	15555.0
259.0	15629.0
260.0	14921.0
261.0	15395.0
262.0	15706.0
263.0	15796.0
264.0	15727.0
265.0	16224.0
266.0	15809.0
267.0	15791.0
268.0	15742.0
269.0	15733.0
270.0	15939.0
271.0	15593.0
272.0	15684.0
273.0	16090.0
274.0	15414.0
275.0	15280.0
276.0	15381.0
277.0	15934.0
278.0	15899.0
279.0	16119.0
280.0	15517.0
281.0	16143.0
282.0	15522.0
283.0	15387.0
284.0	15430.0
285.0	15646.0
286.0	15947.0
287.0	15267.0
288.0	16523.0
289.0	15387.0
290.0	16587.0
291.0	15825.0
292.0	15923.0
293.0	15699.0
294.0	15661.0
295.0	16227.0
296.0	16040.0
297.0	15892.0
298.0	16445.0
299.0	15532.0
300.0	15612.0
301.0	15847.0
302.0	15290.0
303.0	16049.0
304.0	15431.0
305.0	16083.0
306.0	16645.0
307.0	15936.0
308.0	15510.0
309.0	15977.0
310.0	15787.0
311.0	15484.0
312.0	15502.0
313.0	16284.0
314.0	16169.0
315.0	15717.0
316.0	16266.0
317.0	15816.0
318.0	15768.0
319.0	15809.0
320.0	15823.0
321.0	16254.0
322.0	15802.0
323.0	15831.0
324.0	16009.0
325.0	15892.0
326.0	15546.0
327.0	15646.0
328.0	16224.0
329.0	16025.0
330.0	16188.0
331.0	16068.0
332.0	15959.0
333.0	16001.0
334.0	16045.0
335.0	15855.0
336.0	15587.0
337.0	15586.0
338.0	15412.0
339.0	15600.0
340.0	15916.0
341.0	16333.0
342.0	15766.0
343.0	15732.0
344.0	15220.0
345.0	16343.0
346.0	16209.0
347.0	15834.0
348.0	15852.0
349.0	15707.0
350.0	15436.0
351.0	15640.0
352.0	15671.0
353.0	16013.0
354.0	15564.0
355.0	15830.0
356.0	15588.0
357.0	15412.0
358.0	15513.0
359.0	15525.0
360.0	15870.0
361.0	15752.0
362.0	15300.0
363.0	15610.0
364.0	16282.0
365.0	15729.0
366.0	15583.0
367.0	15647.0
368.0	15360.0
369.0	15655.0
370.0	15144.0
371.0	15120.0
372.0	15814.0
373.0	16110.0
374.0	15581.0
375.0	15587.0
376.0	15388.0
377.0	16191.0
378.0	15884.0
379.0	15927.0
380.0	15641.0
381.0	15737.0
382.0	15384.0
383.0	15581.0
384.0	15964.0
385.0	15522.0
386.0	15772.0
387.0	15409.0
388.0	15708.0
389.0	15577.0
390.0	16077.0
391.0	15659.0
392.0	15291.0
393.0	16204.0
394.0	15926.0
395.0	15698.0
396.0	15675.0
397.0	15955.0
398.0	15778.0
399.0	15787.0
400.0	16018.0
401.0	15801.0
402.0	15850.0
403.0	15605.0
404.0	15338.0
405.0	15562.0
406.0	15826.0
407.0	15793.0
408.0	15751.0
409.0	15881.0
410.0	16133.0
411.0	15645.0
412.0	15878.0
413.0	15255.0
414.0	15375.0
415.0	15107.0
416.0	15590.0
417.0	15892.0
418.0	15438.0
419.0	15338.0
420.0	15863.0
421.0	15541.0
422.0	15806.0
423.0	15546.0
424.0	15774.0
425.0	15260.0
426.0	15742.0
427.0	15785.0
428.0	16388.0
429.0	16083.0
430.0	15406.0
431.0	15120.0
432.0	15666.0
433.0	15666.0
434.0	15262.0
435.0	16358.0
436.0	15833.0
437.0	15424.0
438.0	15384.0
439.0	15787.0
440.0	16384.0
441.0	15647.0
442.0	15655.0
443.0	15706.0
444.0	15510.0
445.0	15828.0
446.0	16174.0
447.0	15339.0
448.0	15294.0
449.0	16178.0
450.0	15746.0
451.0	15510.0
452.0	15358.0
453.0	16299.0
454.0	15987.0
455.0	15241.0
456.0	15484.0
457.0	15227.0
458.0	15945.0
459.0	15793.0
460.0	16373.0
461.0	15619.0
462.0	15505.0
463.0	15431.0
464.0	15526.0
465.0	16024.0
466.0	16007.0
467.0	16311.0
468.0	16226.0
469.0	15891.0
470.0	15773.0
471.0	15673.0
472.0	15996.0
473.0	15794.0
474.0	16405.0
475.0	15519.0
476.0	15916.0
477.0	15531.0
478.0	15985.0
479.0	15779.0
480.0	15622.0
481.0	15467.0
482.0	15393.0
483.0	15722.0
484.0	16120.0
485.0	15647.0
486.0	16164.0
487.0	15818.0
488.0	15906.0
489.0	15596.0
490.0	16021.0
491.0	16536.0
492.0	15473.0
493.0	16063.0
494.0	16161.0
495.0	15852.0
496.0	15751.0
497.0	15744.0
498.0	15781.0
499.0	15636.0
500.0	15797.0
501.0	15680.0
502.0	15557.0
503.0	15887.0
504.0	16238.0
505.0	16382.0
506.0	15936.0
507.0	15747.0
508.0	15959.0
509.0	15864.0
510.0	15865.0
511.0	16117.0
512.0	16421.0
513.0	16014.0
514.0	16025.0
515.0	16098.0
516.0	16178.0
517.0	15807.0
518.0	16101.0
519.0	15828.0
520.0	15788.0
521.0	15958.0
522.0	15727.0
523.0	16005.0
524.0	15546.0
525.0	15681.0
526.0	15820.0
527.0	15786.0
528.0	16289.0
529.0	15644.0
530.0	16392.0
531.0	16250.0
532.0	16482.0
533.0	16287.0
534.0	15927.0
535.0	15171.0
536.0	15973.0
537.0	16522.0
538.0	15464.0
539.0	16286.0
540.0	15668.0
541.0	15983.0
542.0	15450.0
543.0	16030.0
544.0	15634.0
545.0	15783.0
546.0	15959.0
547.0	15844.0
548.0	15817.0
549.0	16062.0
550.0	16632.0
551.0	15684.0
552.0	15161.0
553.0	15406.0
554.0	15612.0
555.0	15954.0
556.0	15777.0
557.0	15309.0
558.0	16331.0
559.0	16149.0
560.0	15905.0
561.0	16011.0
562.0	15538.0
563.0	15404.0
564.0	15900.0
565.0	16202.0
566.0	16217.0
567.0	15781.0
568.0	15928.0
569.0	15818.0
570.0	15801.0
571.0	15578.0
572.0	16159.0
573.0	16068.0
574.0	15563.0
575.0	15621.0
576.0	15745.0
577.0	15936.0
578.0	15682.0
579.0	15751.0
580.0	15677.0
581.0	15812.0
582.0	15695.0
583.0	15505.0
584.0	16274.0
585.0	16417.0
586.0	15818.0
587.0	15820.0
588.0	15687.0
589.0	15825.0
590.0	15793.0
591.0	15745.0
592.0	15784.0
593.0	15737.0
594.0	16063.0
595.0	15609.0
596.0	15655.0
597.0	15510.0
598.0	15742.0
599.0	15636.0
600.0	15525.0
601.0	15684.0
602.0	15728.0
603.0	16076.0
604.0	15590.0
605.0	16229.0
606.0	15802.0
607.0	16126.0
608.0	15214.0
609.0	15425.0
610.0	16211.0
611.0	16153.0
612.0	15185.0
613.0	16063.0
614.0	16069.0
615.0	15378.0
616.0	15818.0
617.0	15766.0
618.0	15818.0
619.0	15542.0
620.0	15349.0
621.0	15101.0
622.0	15793.0
623.0	15757.0
624.0	15271.0
625.0	15555.0
626.0	15873.0
627.0	15367.0
628.0	15400.0
629.0	15796.0
630.0	15755.0
631.0	15289.0
632.0	16251.0
633.0	15957.0
634.0	15447.0
635.0	16224.0
636.0	16204.0
637.0	15986.0
638.0	15933.0
639.0	15584.0
640.0	16515.0
641.0	15899.0
642.0	15612.0
643.0	15286.0
644.0	15992.0
645.0	15742.0
646.0	15632.0
647.0	16233.0
648.0	16137.0
649.0	15856.0
650.0	16059.0
651.0	15833.0
652.0	15755.0
653.0	15902.0
654.0	16794.0
655.0	15464.0
656.0	15749.0
657.0	15993.0
658.0	15405.0
659.0	16007.0
660.0	15919.0
661.0	15806.0
662.0	15806.0
663.0	15968.0
664.0	16068.0
665.0	16465.0
666.0	15404.0
667.0	16339.0
668.0	16158.0
669.0	15909.0
670.0	16817.0
671.0	15762.0
672.0	15699.0
673.0	16191.0
674.0	16051.0
675.0	15880.0
676.0	16231.0
677.0	15845.0
678.0	16626.0
679.0	15538.0
680.0	16205.0
681.0	15464.0
682.0	16053.0
683.0	16525.0
684.0	16257.0
685.0	16322.0
686.0	16027.0
687.0	16585.0
688.0	15775.0
689.0	16260.0
690.0	15706.0
691.0	15518.0
692.0	15777.0
693.0	15516.0
694.0	15954.0
695.0	15888.0
696.0	15532.0
697.0	16445.0
698.0	15974.0
699.0	15768.0
700.0	15767.0
701.0	15830.0
702.0	15740.0
703.0	15504.0
704.0	15304.0
705.0	15519.0
706.0	15913.0
707.0	15380.0
708.0	15378.0
709.0	15913.0
710.0	15793.0
711.0	15633.0
712.0	16033.0
713.0	15842.0
714.0	15926.0
715.0	15859.0
716.0	15514.0
717.0	15593.0
718.0	16083.0
719.0	15579.0
720.0	15042.0
721.0	15595.0
722.0	15372.0
723.0	15726.0
724.0	15545.0
725.0	15715.0
726.0	15642.0
727.0	15524.0
728.0	15491.0
729.0	15888.0
730.0	15709.0
731.0	16016.0
732.0	15874.0
733.0	15993.0
734.0	15605.0
735.0	15826.0
736.0	16340.0
737.0	16070.0
738.0	16289.0
739.0	16357.0
740.0	15684.0
741.0	15746.0
742.0	16435.0
743.0	15739.0
744.0	15795.0
745.0	15968.0
746.0	15324.0
747.0	15516.0
748.0	15223.0
749.0	15769.0
750.0	15809.0
751.0	15452.0
752.0	15601.0
753.0	15734.0
754.0	15275.0
755.0	15963.0
756.0	16239.0
757.0	15422.0
758.0	15761.0
759.0	15651.0
760.0	15823.0
761.0	14980.0
762.0	15766.0
763.0	15413.0
764.0	16177.0
765.0	15913.0
766.0	15722.0
767.0	15773.0
768.0	16009.0
769.0	15482.0
770.0	16366.0
771.0	15819.0
772.0	15659.0
773.0	15853.0
774.0	16168.0
775.0	15954.0
776.0	16049.0
777.0	15859.0
778.0	15667.0
779.0	15993.0
780.0	16286.0
781.0	15411.0
782.0	15656.0
783.0	15572.0
784.0	15709.0
785.0	15563.0
786.0	15855.0
787.0	15960.0
788.0	15973.0
789.0	15706.0
790.0	16280.0
791.0	15888.0
792.0	15577.0
793.0	15027.0
794.0	16033.0
795.0	15803.0
796.0	15237.0
797.0	16374.0
798.0	15607.0
799.0	15946.0
800.0	15826.0
