$itime = 500
$wv_start = 190.0
$hv = 1000
$grating = 2 1200 g/mm BLZ= 500  nm
$x_amps = 10
$x_volts = 45
$sample = DB2340
$date = 2023-07-05
$temp = 82.0
$wv_stop = 800.0
$time = 16:24:21.883000
$wv_step = 1.0
190.0	16309.0
191.0	16431.0
192.0	15913.0
193.0	15935.0
194.0	16198.0
195.0	16229.0
196.0	16309.0
197.0	16311.0
198.0	15901.0
199.0	16577.0
200.0	16561.0
201.0	16529.0
202.0	15938.0
203.0	16222.0
204.0	15761.0
205.0	16087.0
206.0	16419.0
207.0	16266.0
208.0	16547.0
209.0	16005.0
210.0	15833.0
211.0	16589.0
212.0	16509.0
213.0	16535.0
214.0	16465.0
215.0	15703.0
216.0	16632.0
217.0	16263.0
218.0	16389.0
219.0	16423.0
220.0	16474.0
221.0	16406.0
222.0	16481.0
223.0	15521.0
224.0	16612.0
225.0	15852.0
226.0	16535.0
227.0	16279.0
228.0	15937.0
229.0	16172.0
230.0	16011.0
231.0	16225.0
232.0	16367.0
233.0	16116.0
234.0	16178.0
235.0	16465.0
236.0	16441.0
237.0	15768.0
238.0	16036.0
239.0	16726.0
240.0	16133.0
241.0	15926.0
242.0	16211.0
243.0	15431.0
244.0	16033.0
245.0	15697.0
246.0	16612.0
247.0	16755.0
248.0	16072.0
249.0	16056.0
250.0	16159.0
251.0	16443.0
252.0	16529.0
253.0	16755.0
254.0	15878.0
255.0	15954.0
256.0	16367.0
257.0	16296.0
258.0	16275.0
259.0	16250.0
260.0	15726.0
261.0	16459.0
262.0	16185.0
263.0	16523.0
264.0	16018.0
265.0	16202.0
266.0	16011.0
267.0	15900.0
268.0	16078.0
269.0	16269.0
270.0	16424.0
271.0	16307.0
272.0	16153.0
273.0	16756.0
274.0	15657.0
275.0	16306.0
276.0	16561.0
277.0	15967.0
278.0	16626.0
279.0	16626.0
280.0	16191.0
281.0	16089.0
282.0	16001.0
283.0	16783.0
284.0	16010.0
285.0	16407.0
286.0	16140.0
287.0	16368.0
288.0	16214.0
289.0	16291.0
290.0	16742.0
291.0	16736.0
292.0	16262.0
293.0	16022.0
294.0	16511.0
295.0	17135.0
296.0	16397.0
297.0	16465.0
298.0	17013.0
299.0	16209.0
300.0	16429.0
301.0	16260.0
302.0	16703.0
303.0	16486.0
304.0	16098.0
305.0	16728.0
306.0	16369.0
307.0	16445.0
308.0	16882.0
309.0	16500.0
310.0	16013.0
311.0	16581.0
312.0	16366.0
313.0	16031.0
314.0	15885.0
315.0	15786.0
316.0	16613.0
317.0	16708.0
318.0	16923.0
319.0	16165.0
320.0	16652.0
321.0	16224.0
322.0	16656.0
323.0	16448.0
324.0	16257.0
325.0	16222.0
326.0	16351.0
327.0	16384.0
328.0	16985.0
329.0	16222.0
330.0	16749.0
331.0	16075.0
332.0	16399.0
333.0	16921.0
334.0	16168.0
335.0	16524.0
336.0	16807.0
337.0	16641.0
338.0	16656.0
339.0	15968.0
340.0	16797.0
341.0	16282.0
342.0	16274.0
343.0	15411.0
344.0	16974.0
345.0	15967.0
346.0	16520.0
347.0	16592.0
348.0	16600.0
349.0	16550.0
350.0	16573.0
351.0	16697.0
352.0	16208.0
353.0	16146.0
354.0	16564.0
355.0	16217.0
356.0	15846.0
357.0	16412.0
358.0	15666.0
359.0	15633.0
360.0	16268.0
361.0	16068.0
362.0	15426.0
363.0	16539.0
364.0	16076.0
365.0	16492.0
366.0	16409.0
367.0	16226.0
368.0	16163.0
369.0	15941.0
370.0	16277.0
371.0	16435.0
372.0	15991.0
373.0	16280.0
374.0	16709.0
375.0	15793.0
376.0	16177.0
377.0	16155.0
378.0	16552.0
379.0	15682.0
380.0	16475.0
381.0	16797.0
382.0	16270.0
383.0	16661.0
384.0	15883.0
385.0	15652.0
386.0	16680.0
387.0	16688.0
388.0	16424.0
389.0	16700.0
390.0	16255.0
391.0	16286.0
392.0	16159.0
393.0	16390.0
394.0	16674.0
395.0	16647.0
396.0	16664.0
397.0	16441.0
398.0	16238.0
399.0	16129.0
400.0	16246.0
401.0	16432.0
402.0	16748.0
403.0	16180.0
404.0	16634.0
405.0	16434.0
406.0	15969.0
407.0	15830.0
408.0	16661.0
409.0	15950.0
410.0	16139.0
411.0	16307.0
412.0	16463.0
413.0	16231.0
414.0	16177.0
415.0	16662.0
416.0	15990.0
417.0	16380.0
418.0	16184.0
419.0	16338.0
420.0	16511.0
421.0	16266.0
422.0	16478.0
423.0	16645.0
424.0	16656.0
425.0	16266.0
426.0	16364.0
427.0	16664.0
428.0	16663.0
429.0	16328.0
430.0	16352.0
431.0	16283.0
432.0	16864.0
433.0	15826.0
434.0	16436.0
435.0	16448.0
436.0	16412.0
437.0	15807.0
438.0	15956.0
439.0	16612.0
440.0	16142.0
441.0	16359.0
442.0	16711.0
443.0	16244.0
444.0	16374.0
445.0	16649.0
446.0	16441.0
447.0	16151.0
448.0	16887.0
449.0	16210.0
450.0	16068.0
451.0	16525.0
452.0	16319.0
453.0	15955.0
454.0	16580.0
455.0	16668.0
456.0	16321.0
457.0	16129.0
458.0	16643.0
459.0	16176.0
460.0	16365.0
461.0	16516.0
462.0	16458.0
463.0	15688.0
464.0	16146.0
465.0	16847.0
466.0	16706.0
467.0	16346.0
468.0	16468.0
469.0	16415.0
470.0	16333.0
471.0	16296.0
472.0	16574.0
473.0	16200.0
474.0	16303.0
475.0	16079.0
476.0	16209.0
477.0	16191.0
478.0	16100.0
479.0	15803.0
480.0	16551.0
481.0	16283.0
482.0	16580.0
483.0	15786.0
484.0	16585.0
485.0	16261.0
486.0	16913.0
487.0	16290.0
488.0	16611.0
489.0	15722.0
490.0	16164.0
491.0	16626.0
492.0	16515.0
493.0	16774.0
494.0	16091.0
495.0	16331.0
496.0	16360.0
497.0	16730.0
498.0	16220.0
499.0	16628.0
500.0	16064.0
501.0	16098.0
502.0	16107.0
503.0	16411.0
504.0	16422.0
505.0	15848.0
506.0	16656.0
507.0	16214.0
508.0	16518.0
509.0	16428.0
510.0	16073.0
511.0	16808.0
512.0	16378.0
513.0	16161.0
514.0	15849.0
515.0	16185.0
516.0	16314.0
517.0	17359.0
518.0	16351.0
519.0	15617.0
520.0	16719.0
521.0	16403.0
522.0	16710.0
523.0	16606.0
524.0	16022.0
525.0	16280.0
526.0	16425.0
527.0	16902.0
528.0	16820.0
529.0	16219.0
530.0	16659.0
531.0	16735.0
532.0	16571.0
533.0	16908.0
534.0	16179.0
535.0	16222.0
536.0	16747.0
537.0	16325.0
538.0	16374.0
539.0	16542.0
540.0	16084.0
541.0	16155.0
542.0	16173.0
543.0	17088.0
544.0	16276.0
545.0	16270.0
546.0	16360.0
547.0	16501.0
548.0	16360.0
549.0	16058.0
550.0	16593.0
551.0	15955.0
552.0	16481.0
553.0	16632.0
554.0	16576.0
555.0	16063.0
556.0	16451.0
557.0	16777.0
558.0	16477.0
559.0	15846.0
560.0	16221.0
561.0	16437.0
562.0	16401.0
563.0	16384.0
564.0	16531.0
565.0	16124.0
566.0	16475.0
567.0	16499.0
568.0	16231.0
569.0	16329.0
570.0	15716.0
571.0	16191.0
572.0	16019.0
573.0	16256.0
574.0	16261.0
575.0	16036.0
576.0	16635.0
577.0	16172.0
578.0	16459.0
579.0	16049.0
580.0	16573.0
581.0	16428.0
582.0	16411.0
583.0	16515.0
584.0	16697.0
585.0	16253.0
586.0	15769.0
587.0	16426.0
588.0	16664.0
589.0	15835.0
590.0	16311.0
591.0	16575.0
592.0	16578.0
593.0	16544.0
594.0	16226.0
595.0	16612.0
596.0	16222.0
597.0	16043.0
598.0	16362.0
599.0	16441.0
600.0	16713.0
601.0	16549.0
602.0	16109.0
603.0	16916.0
604.0	16915.0
605.0	16220.0
606.0	16139.0
607.0	16046.0
608.0	16950.0
609.0	16954.0
610.0	16111.0
611.0	16639.0
612.0	15954.0
613.0	16385.0
614.0	16537.0
615.0	16632.0
616.0	15836.0
617.0	16162.0
618.0	15516.0
619.0	16504.0
620.0	16313.0
621.0	16793.0
622.0	16786.0
623.0	15499.0
624.0	16216.0
625.0	16789.0
626.0	16416.0
627.0	16402.0
628.0	16773.0
629.0	15804.0
630.0	16121.0
631.0	16733.0
632.0	16154.0
633.0	16539.0
634.0	15914.0
635.0	16441.0
636.0	16520.0
637.0	16645.0
638.0	16349.0
639.0	16154.0
640.0	16604.0
641.0	16295.0
642.0	16483.0
643.0	16697.0
644.0	16248.0
645.0	16482.0
646.0	16906.0
647.0	16345.0
648.0	16427.0
649.0	16407.0
650.0	17099.0
651.0	17294.0
652.0	17266.0
653.0	16879.0
654.0	17267.0
655.0	17246.0
656.0	16766.0
657.0	17282.0
658.0	16908.0
659.0	16764.0
660.0	17008.0
661.0	17539.0
662.0	17791.0
663.0	16776.0
664.0	16885.0
665.0	17250.0
666.0	17168.0
667.0	17475.0
668.0	17178.0
669.0	16805.0
670.0	16368.0
671.0	16821.0
672.0	16561.0
673.0	16213.0
674.0	16539.0
675.0	17054.0
676.0	16476.0
677.0	16547.0
678.0	16471.0
679.0	16679.0
680.0	16652.0
681.0	16284.0
682.0	16441.0
683.0	16162.0
684.0	16915.0
685.0	16654.0
686.0	16504.0
687.0	15893.0
688.0	16163.0
689.0	16018.0
690.0	16260.0
691.0	16058.0
692.0	16654.0
693.0	16133.0
694.0	16569.0
695.0	16648.0
696.0	16691.0
697.0	15838.0
698.0	16391.0
699.0	16333.0
700.0	15629.0
701.0	15963.0
702.0	16264.0
703.0	15952.0
704.0	16164.0
705.0	16449.0
706.0	16237.0
707.0	16621.0
708.0	16294.0
709.0	16364.0
710.0	15968.0
711.0	16107.0
712.0	16402.0
713.0	16331.0
714.0	16370.0
715.0	16511.0
716.0	16569.0
717.0	15777.0
718.0	16198.0
719.0	16195.0
720.0	16232.0
721.0	16401.0
722.0	16096.0
723.0	16188.0
724.0	16321.0
725.0	16094.0
726.0	16775.0
727.0	16435.0
728.0	16284.0
729.0	16161.0
730.0	15972.0
731.0	16389.0
732.0	16324.0
733.0	15907.0
734.0	16643.0
735.0	16745.0
736.0	16275.0
737.0	16190.0
738.0	16537.0
739.0	16328.0
740.0	16030.0
741.0	15657.0
742.0	15807.0
743.0	16468.0
744.0	16215.0
745.0	16443.0
746.0	16716.0
747.0	16729.0
748.0	16675.0
749.0	16339.0
750.0	16264.0
751.0	15987.0
752.0	16129.0
753.0	17136.0
754.0	16537.0
755.0	16212.0
756.0	16377.0
757.0	16679.0
758.0	16298.0
759.0	16250.0
760.0	16378.0
761.0	16280.0
762.0	15747.0
763.0	16913.0
764.0	15548.0
765.0	16884.0
766.0	16071.0
767.0	16056.0
768.0	16597.0
769.0	16396.0
770.0	16655.0
771.0	16561.0
772.0	16466.0
773.0	16031.0
774.0	16471.0
775.0	16441.0
776.0	16326.0
777.0	16262.0
778.0	16480.0
779.0	15870.0
780.0	16198.0
781.0	16210.0
782.0	16218.0
783.0	15657.0
784.0	15991.0
785.0	16169.0
786.0	16380.0
787.0	16122.0
788.0	16330.0
789.0	16799.0
790.0	16524.0
791.0	16372.0
792.0	15574.0
793.0	16401.0
794.0	16353.0
795.0	16652.0
796.0	16038.0
797.0	16049.0
798.0	16563.0
799.0	15902.0
800.0	15928.0
