$itime = 500
$wv_start = 190.0
$hv = 1000
$grating = 2 1200 g/mm BLZ= 500  nm
$x_amps = 10
$x_volts = 45
$sample = DB2340
$date = 2023-07-05
$temp = 121.99
$wv_stop = 800.0
$time = 16:24:21.883000
$wv_step = 1.0
190.0	16122.0
191.0	15978.0
192.0	16509.0
193.0	16054.0
194.0	15682.0
195.0	16414.0
196.0	16343.0
197.0	15930.0
198.0	15894.0
199.0	16230.0
200.0	16298.0
201.0	16267.0
202.0	16238.0
203.0	16459.0
204.0	16411.0
205.0	16330.0
206.0	15683.0
207.0	16129.0
208.0	16088.0
209.0	15953.0
210.0	16291.0
211.0	16376.0
212.0	16161.0
213.0	15764.0
214.0	16314.0
215.0	16131.0
216.0	15705.0
217.0	16383.0
218.0	16054.0
219.0	16058.0
220.0	16237.0
221.0	15842.0
222.0	15448.0
223.0	15838.0
224.0	16147.0
225.0	15620.0
226.0	15522.0
227.0	16270.0
228.0	15281.0
229.0	15888.0
230.0	16032.0
231.0	16031.0
232.0	15873.0
233.0	15732.0
234.0	16608.0
235.0	16777.0
236.0	16177.0
237.0	16078.0
238.0	16145.0
239.0	16399.0
240.0	15733.0
241.0	15488.0
242.0	16520.0
243.0	16423.0
244.0	16220.0
245.0	15778.0
246.0	15809.0
247.0	16351.0
248.0	15892.0
249.0	15935.0
250.0	16130.0
251.0	15998.0
252.0	15939.0
253.0	16167.0
254.0	16066.0
255.0	16901.0
256.0	16068.0
257.0	16290.0
258.0	15783.0
259.0	16302.0
260.0	16348.0
261.0	15729.0
262.0	15541.0
263.0	16099.0
264.0	15818.0
265.0	16582.0
266.0	16066.0
267.0	16065.0
268.0	16004.0
269.0	15753.0
270.0	16228.0
271.0	15943.0
272.0	16168.0
273.0	16253.0
274.0	16041.0
275.0	15803.0
276.0	15786.0
277.0	15892.0
278.0	16032.0
279.0	15954.0
280.0	16747.0
281.0	16568.0
282.0	16032.0
283.0	15900.0
284.0	16137.0
285.0	16159.0
286.0	15708.0
287.0	15303.0
288.0	16434.0
289.0	15983.0
290.0	15912.0
291.0	16210.0
292.0	15508.0
293.0	15751.0
294.0	16391.0
295.0	16486.0
296.0	16286.0
297.0	16368.0
298.0	15831.0
299.0	16123.0
300.0	15882.0
301.0	16008.0
302.0	16084.0
303.0	16281.0
304.0	16375.0
305.0	15939.0
306.0	16062.0
307.0	15752.0
308.0	15960.0
309.0	16517.0
310.0	16185.0
311.0	16008.0
312.0	16187.0
313.0	16455.0
314.0	15869.0
315.0	16411.0
316.0	16143.0
317.0	16080.0
318.0	16791.0
319.0	15866.0
320.0	15627.0
321.0	15651.0
322.0	15788.0
323.0	16145.0
324.0	16360.0
325.0	15926.0
326.0	15662.0
327.0	16549.0
328.0	15733.0
329.0	16666.0
330.0	15775.0
331.0	16034.0
332.0	15876.0
333.0	15846.0
334.0	15745.0
335.0	16083.0
336.0	16275.0
337.0	16204.0
338.0	16380.0
339.0	16124.0
340.0	16437.0
341.0	16370.0
342.0	16216.0
343.0	15946.0
344.0	16028.0
345.0	16236.0
346.0	15833.0
347.0	16248.0
348.0	16169.0
349.0	16029.0
350.0	15946.0
351.0	16228.0
352.0	16251.0
353.0	16041.0
354.0	16096.0
355.0	16391.0
356.0	16559.0
357.0	16573.0
358.0	15775.0
359.0	15550.0
360.0	15787.0
361.0	16748.0
362.0	15859.0
363.0	16143.0
364.0	16402.0
365.0	16222.0
366.0	16140.0
367.0	15792.0
368.0	16440.0
369.0	15875.0
370.0	16409.0
371.0	16110.0
372.0	15429.0
373.0	16062.0
374.0	16258.0
375.0	16244.0
376.0	15798.0
377.0	15801.0
378.0	16396.0
379.0	15953.0
380.0	15794.0
381.0	15517.0
382.0	16634.0
383.0	15555.0
384.0	16018.0
385.0	16343.0
386.0	15576.0
387.0	16100.0
388.0	16192.0
389.0	16123.0
390.0	16198.0
391.0	15939.0
392.0	16202.0
393.0	15815.0
394.0	16000.0
395.0	16091.0
396.0	16205.0
397.0	16333.0
398.0	16032.0
399.0	15132.0
400.0	16423.0
401.0	16035.0
402.0	15405.0
403.0	16378.0
404.0	16549.0
405.0	15935.0
406.0	16153.0
407.0	15919.0
408.0	15802.0
409.0	16166.0
410.0	16180.0
411.0	15957.0
412.0	15747.0
413.0	16220.0
414.0	16390.0
415.0	15905.0
416.0	16064.0
417.0	16900.0
418.0	15967.0
419.0	15881.0
420.0	16008.0
421.0	16269.0
422.0	15747.0
423.0	16280.0
424.0	15742.0
425.0	16793.0
426.0	16083.0
427.0	16032.0
428.0	15577.0
429.0	15780.0
430.0	15745.0
431.0	16129.0
432.0	15901.0
433.0	15624.0
434.0	15702.0
435.0	16007.0
436.0	16068.0
437.0	16654.0
438.0	16952.0
439.0	15577.0
440.0	16532.0
441.0	15880.0
442.0	15908.0
443.0	16556.0
444.0	15913.0
445.0	15942.0
446.0	16492.0
447.0	15847.0
448.0	16036.0
449.0	16515.0
450.0	15631.0
451.0	15884.0
452.0	15813.0
453.0	16284.0
454.0	16368.0
455.0	16100.0
456.0	15811.0
457.0	16571.0
458.0	16468.0
459.0	16162.0
460.0	16312.0
461.0	16404.0
462.0	16321.0
463.0	16137.0
464.0	15977.0
465.0	16299.0
466.0	16199.0
467.0	16304.0
468.0	15855.0
469.0	15782.0
470.0	15967.0
471.0	15577.0
472.0	16078.0
473.0	16616.0
474.0	16216.0
475.0	16337.0
476.0	16285.0
477.0	16169.0
478.0	15947.0
479.0	16189.0
480.0	15700.0
481.0	15158.0
482.0	16222.0
483.0	16613.0
484.0	15886.0
485.0	16885.0
486.0	16338.0
487.0	16417.0
488.0	16270.0
489.0	16285.0
490.0	15680.0
491.0	15793.0
492.0	15943.0
493.0	16088.0
494.0	16540.0
495.0	16397.0
496.0	16147.0
497.0	15898.0
498.0	16511.0
499.0	16426.0
500.0	15682.0
501.0	15575.0
502.0	16138.0
503.0	16452.0
504.0	16355.0
505.0	16188.0
506.0	16600.0
507.0	15724.0
508.0	16317.0
509.0	16460.0
510.0	15581.0
511.0	16168.0
512.0	16284.0
513.0	16235.0
514.0	15687.0
515.0	16137.0
516.0	16353.0
517.0	15824.0
518.0	15991.0
519.0	15946.0
520.0	16492.0
521.0	15779.0
522.0	16529.0
523.0	16508.0
524.0	16107.0
525.0	16422.0
526.0	15577.0
527.0	15937.0
528.0	16032.0
529.0	16471.0
530.0	16122.0
531.0	16139.0
532.0	16026.0
533.0	16665.0
534.0	15792.0
535.0	16009.0
536.0	16187.0
537.0	15848.0
538.0	15889.0
539.0	15929.0
540.0	16266.0
541.0	16062.0
542.0	15975.0
543.0	16169.0
544.0	16321.0
545.0	16249.0
546.0	16419.0
547.0	16179.0
548.0	16719.0
549.0	16383.0
550.0	16228.0
551.0	15934.0
552.0	15536.0
553.0	16635.0
554.0	16341.0
555.0	16251.0
556.0	16001.0
557.0	16536.0
558.0	15305.0
559.0	16398.0
560.0	16086.0
561.0	15946.0
562.0	15828.0
563.0	16515.0
564.0	15595.0
565.0	16257.0
566.0	15859.0
567.0	15928.0
568.0	16051.0
569.0	15896.0
570.0	16082.0
571.0	15966.0
572.0	16401.0
573.0	16811.0
574.0	16600.0
575.0	16036.0
576.0	16127.0
577.0	16168.0
578.0	16281.0
579.0	16522.0
580.0	15605.0
581.0	15726.0
582.0	15782.0
583.0	15948.0
584.0	15734.0
585.0	15964.0
586.0	16188.0
587.0	15280.0
588.0	16301.0
589.0	16584.0
590.0	16022.0
591.0	16697.0
592.0	16357.0
593.0	16146.0
594.0	15855.0
595.0	16032.0
596.0	15967.0
597.0	15971.0
598.0	16984.0
599.0	16263.0
600.0	16484.0
601.0	16476.0
602.0	15615.0
603.0	16436.0
604.0	15876.0
605.0	15955.0
606.0	15786.0
607.0	16599.0
608.0	16415.0
609.0	16492.0
610.0	16075.0
611.0	16169.0
612.0	16294.0
613.0	15782.0
614.0	16101.0
615.0	16036.0
616.0	15683.0
617.0	16165.0
618.0	16041.0
619.0	16582.0
620.0	15796.0
621.0	16098.0
622.0	15829.0
623.0	16395.0
624.0	15959.0
625.0	16260.0
626.0	16577.0
627.0	16385.0
628.0	15857.0
629.0	15967.0
630.0	16592.0
631.0	16479.0
632.0	15914.0
633.0	16224.0
634.0	16417.0
635.0	16214.0
636.0	16000.0
637.0	15927.0
638.0	16265.0
639.0	15795.0
640.0	16516.0
641.0	15824.0
642.0	15893.0
643.0	15761.0
644.0	16091.0
645.0	16148.0
646.0	16443.0
647.0	15841.0
648.0	16820.0
649.0	16651.0
650.0	15938.0
651.0	16879.0
652.0	16693.0
653.0	16715.0
654.0	16970.0
655.0	16571.0
656.0	16596.0
657.0	16569.0
658.0	17233.0
659.0	16400.0
660.0	16486.0
661.0	16361.0
662.0	16098.0
663.0	16657.0
664.0	16339.0
665.0	16707.0
666.0	16184.0
667.0	16106.0
668.0	16655.0
669.0	16225.0
670.0	16679.0
671.0	16251.0
672.0	16083.0
673.0	16506.0
674.0	16206.0
675.0	16036.0
676.0	16113.0
677.0	16083.0
678.0	15689.0
679.0	16184.0
680.0	16411.0
681.0	16100.0
682.0	16068.0
683.0	15792.0
684.0	16678.0
685.0	16042.0
686.0	16082.0
687.0	16653.0
688.0	16294.0
689.0	15766.0
690.0	15835.0
691.0	15584.0
692.0	16310.0
693.0	16061.0
694.0	16211.0
695.0	15938.0
696.0	15671.0
697.0	16370.0
698.0	16259.0
699.0	16488.0
700.0	16570.0
701.0	15881.0
702.0	16049.0
703.0	16289.0
704.0	16061.0
705.0	16143.0
706.0	15687.0
707.0	15916.0
708.0	16082.0
709.0	15852.0
710.0	16174.0
711.0	15941.0
712.0	16247.0
713.0	16083.0
714.0	15840.0
715.0	16166.0
716.0	16432.0
717.0	15886.0
718.0	16799.0
719.0	15963.0
720.0	15786.0
721.0	16101.0
722.0	16140.0
723.0	16452.0
724.0	16123.0
725.0	16139.0
726.0	15577.0
727.0	16727.0
728.0	15868.0
729.0	16555.0
730.0	15435.0
731.0	16015.0
732.0	15630.0
733.0	15786.0
734.0	16743.0
735.0	16381.0
736.0	17099.0
737.0	16303.0
738.0	15900.0
739.0	16138.0
740.0	15834.0
741.0	15482.0
742.0	15736.0
743.0	15954.0
744.0	15338.0
745.0	16902.0
746.0	16171.0
747.0	15925.0
748.0	16068.0
749.0	16402.0
750.0	15799.0
751.0	16273.0
752.0	16357.0
753.0	16341.0
754.0	15716.0
755.0	15700.0
756.0	16231.0
757.0	16294.0
758.0	16009.0
759.0	15581.0
760.0	15783.0
761.0	15661.0
762.0	16409.0
763.0	16720.0
764.0	16437.0
765.0	16194.0
766.0	15934.0
767.0	15747.0
768.0	15716.0
769.0	15921.0
770.0	15811.0
771.0	15967.0
772.0	15684.0
773.0	15893.0
774.0	15845.0
775.0	16118.0
776.0	16396.0
777.0	15388.0
778.0	16067.0
779.0	16626.0
780.0	15947.0
781.0	16679.0
782.0	15755.0
783.0	15868.0
784.0	16046.0
785.0	16349.0
786.0	16345.0
787.0	15343.0
788.0	16370.0
789.0	15808.0
790.0	15864.0
791.0	16569.0
792.0	15865.0
793.0	16577.0
794.0	15835.0
795.0	15673.0
796.0	16087.0
797.0	15975.0
798.0	15680.0
799.0	15452.0
800.0	16204.0
