$itime = 500
$wv_start = 190.0
$hv = 1000
$grating = 2 1200 g/mm BLZ= 500  nm
$x_amps = 10
$x_volts = 45
$sample = DB2340
$date = 2023-07-05
$temp = 262.0
$wv_stop = 800.0
$time = 12:22:08.536000
$wv_step = 1.0
190.0	13693.0
191.0	13281.0
192.0	13748.0
193.0	13173.0
194.0	13672.0
195.0	13515.0
196.0	13660.0
197.0	13711.0
198.0	13026.0
199.0	13110.0
200.0	13556.0
201.0	13679.0
202.0	13860.0
203.0	13383.0
204.0	13460.0
205.0	13570.0
206.0	13180.0
207.0	13909.0
208.0	13285.0
209.0	13006.0
210.0	13679.0
211.0	13570.0
212.0	13283.0
213.0	13408.0
214.0	13290.0
215.0	13665.0
216.0	13888.0
217.0	13458.0
218.0	13679.0
219.0	14001.0
220.0	13674.0
221.0	13775.0
222.0	13193.0
223.0	13647.0
224.0	13439.0
225.0	13917.0
226.0	13525.0
227.0	13349.0
228.0	13470.0
229.0	13637.0
230.0	13645.0
231.0	13697.0
232.0	13647.0
233.0	13627.0
234.0	13511.0
235.0	13815.0
236.0	13282.0
237.0	13714.0
238.0	13533.0
239.0	13277.0
240.0	13567.0
241.0	14134.0
242.0	13567.0
243.0	13174.0
244.0	13245.0
245.0	13689.0
246.0	13888.0
247.0	13347.0
248.0	13220.0
249.0	13246.0
250.0	13584.0
251.0	14029.0
252.0	13743.0
253.0	13428.0
254.0	13362.0
255.0	13204.0
256.0	13890.0
257.0	13019.0
258.0	13736.0
259.0	13571.0
260.0	13579.0
261.0	13858.0
262.0	12827.0
263.0	13565.0
264.0	13531.0
265.0	13577.0
266.0	13905.0
267.0	13631.0
268.0	14016.0
269.0	13433.0
270.0	13890.0
271.0	13854.0
272.0	13405.0
273.0	13939.0
274.0	14534.0
275.0	13551.0
276.0	12835.0
277.0	13919.0
278.0	14020.0
279.0	13532.0
280.0	13435.0
281.0	13773.0
282.0	13824.0
283.0	13569.0
284.0	13790.0
285.0	13964.0
286.0	13544.0
287.0	13777.0
288.0	13172.0
289.0	13353.0
290.0	13943.0
291.0	13770.0
292.0	13501.0
293.0	13453.0
294.0	13857.0
295.0	14067.0
296.0	13681.0
297.0	13069.0
298.0	13919.0
299.0	14396.0
300.0	13544.0
301.0	13834.0
302.0	13417.0
303.0	13436.0
304.0	13557.0
305.0	13794.0
306.0	13672.0
307.0	13305.0
308.0	13181.0
309.0	13921.0
310.0	13164.0
311.0	13613.0
312.0	13572.0
313.0	13294.0
314.0	13551.0
315.0	14114.0
316.0	13466.0
317.0	14117.0
318.0	13460.0
319.0	13279.0
320.0	13966.0
321.0	13771.0
322.0	13187.0
323.0	13730.0
324.0	13274.0
325.0	13107.0
326.0	13860.0
327.0	13651.0
328.0	13315.0
329.0	13839.0
330.0	13615.0
331.0	13527.0
332.0	13693.0
333.0	13481.0
334.0	13422.0
335.0	13366.0
336.0	13533.0
337.0	13535.0
338.0	13406.0
339.0	13603.0
340.0	13856.0
341.0	13613.0
342.0	13804.0
343.0	13520.0
344.0	13768.0
345.0	13729.0
346.0	13145.0
347.0	13684.0
348.0	13389.0
349.0	13233.0
350.0	13371.0
351.0	13674.0
352.0	13535.0
353.0	13490.0
354.0	13495.0
355.0	13394.0
356.0	13743.0
357.0	13415.0
358.0	13638.0
359.0	13974.0
360.0	13544.0
361.0	13659.0
362.0	13890.0
363.0	13398.0
364.0	13717.0
365.0	13757.0
366.0	13592.0
367.0	13343.0
368.0	13545.0
369.0	12973.0
370.0	13740.0
371.0	13336.0
372.0	14396.0
373.0	14029.0
374.0	13336.0
375.0	13824.0
376.0	13383.0
377.0	13761.0
378.0	13532.0
379.0	13183.0
380.0	13550.0
381.0	13177.0
382.0	13610.0
383.0	13367.0
384.0	13222.0
385.0	13826.0
386.0	13513.0
387.0	13633.0
388.0	13455.0
389.0	13428.0
390.0	13290.0
391.0	13455.0
392.0	13422.0
393.0	13015.0
394.0	13959.0
395.0	13363.0
396.0	13539.0
397.0	13799.0
398.0	13934.0
399.0	13698.0
400.0	13746.0
401.0	13592.0
402.0	12778.0
403.0	13408.0
404.0	13584.0
405.0	13544.0
406.0	13657.0
407.0	13963.0
408.0	13919.0
409.0	13888.0
410.0	13723.0
411.0	13395.0
412.0	13379.0
413.0	13152.0
414.0	13067.0
415.0	13567.0
416.0	13675.0
417.0	13755.0
418.0	14087.0
419.0	14000.0
420.0	13514.0
421.0	13298.0
422.0	13002.0
423.0	13683.0
424.0	13585.0
425.0	13473.0
426.0	13761.0
427.0	13568.0
428.0	13577.0
429.0	13647.0
430.0	13360.0
431.0	13506.0
432.0	13096.0
433.0	13473.0
434.0	13712.0
435.0	13540.0
436.0	13342.0
437.0	13532.0
438.0	13032.0
439.0	13890.0
440.0	13663.0
441.0	13042.0
442.0	13960.0
443.0	13664.0
444.0	13691.0
445.0	13414.0
446.0	13351.0
447.0	13990.0
448.0	13448.0
449.0	13617.0
450.0	13255.0
451.0	13945.0
452.0	13038.0
453.0	13917.0
454.0	13358.0
455.0	13268.0
456.0	13537.0
457.0	13685.0
458.0	13766.0
459.0	13363.0
460.0	13444.0
461.0	13364.0
462.0	13795.0
463.0	13766.0
464.0	13416.0
465.0	13544.0
466.0	13510.0
467.0	13257.0
468.0	13550.0
469.0	13644.0
470.0	13780.0
471.0	13899.0
472.0	13843.0
473.0	13794.0
474.0	13690.0
475.0	13675.0
476.0	13870.0
477.0	13504.0
478.0	13101.0
479.0	13679.0
480.0	13352.0
481.0	13279.0
482.0	14071.0
483.0	13473.0
484.0	13757.0
485.0	13836.0
486.0	13282.0
487.0	13783.0
488.0	13888.0
489.0	13270.0
490.0	14099.0
491.0	13336.0
492.0	13698.0
493.0	13739.0
494.0	13828.0
495.0	13562.0
496.0	13657.0
497.0	13419.0
498.0	13029.0
499.0	13845.0
500.0	13881.0
501.0	13577.0
502.0	13323.0
503.0	13660.0
504.0	13404.0
505.0	13760.0
506.0	13218.0
507.0	13428.0
508.0	14125.0
509.0	13499.0
510.0	13442.0
511.0	13355.0
512.0	13360.0
513.0	13710.0
514.0	13420.0
515.0	13150.0
516.0	13908.0
517.0	13615.0
518.0	13842.0
519.0	13444.0
520.0	13567.0
521.0	14070.0
522.0	13936.0
523.0	13384.0
524.0	13633.0
525.0	14185.0
526.0	13861.0
527.0	13678.0
528.0	13495.0
529.0	13567.0
530.0	13640.0
531.0	13968.0
532.0	13895.0
533.0	13490.0
534.0	13844.0
535.0	13404.0
536.0	13291.0
537.0	13374.0
538.0	13498.0
539.0	14022.0
540.0	14088.0
541.0	13629.0
542.0	13504.0
543.0	13722.0
544.0	14143.0
545.0	14009.0
546.0	12825.0
547.0	13475.0
548.0	13899.0
549.0	13985.0
550.0	13164.0
551.0	13351.0
552.0	13545.0
553.0	13911.0
554.0	13651.0
555.0	13707.0
556.0	13541.0
557.0	13580.0
558.0	13315.0
559.0	13950.0
560.0	13468.0
561.0	13719.0
562.0	13419.0
563.0	13424.0
564.0	13693.0
565.0	13737.0
566.0	13354.0
567.0	13301.0
568.0	14112.0
569.0	13580.0
570.0	13525.0
571.0	13142.0
572.0	13567.0
573.0	13686.0
574.0	13303.0
575.0	13846.0
576.0	13688.0
577.0	13242.0
578.0	13963.0
579.0	13831.0
580.0	13675.0
581.0	13840.0
582.0	13364.0
583.0	13500.0
584.0	13203.0
585.0	13508.0
586.0	13630.0
587.0	14119.0
588.0	13584.0
589.0	13865.0
590.0	13392.0
591.0	13123.0
592.0	13436.0
593.0	13436.0
594.0	13495.0
595.0	13117.0
596.0	13909.0
597.0	14085.0
598.0	13507.0
599.0	13534.0
600.0	13917.0
601.0	13819.0
602.0	13273.0
603.0	12940.0
604.0	13521.0
605.0	13710.0
606.0	13675.0
607.0	13766.0
608.0	13580.0
609.0	14070.0
610.0	13717.0
611.0	13567.0
612.0	13724.0
613.0	13629.0
614.0	13834.0
615.0	13557.0
616.0	13888.0
617.0	13550.0
618.0	13178.0
619.0	13297.0
620.0	13679.0
621.0	13761.0
622.0	13838.0
623.0	13289.0
624.0	13477.0
625.0	13566.0
626.0	13436.0
627.0	12882.0
628.0	13567.0
629.0	13729.0
630.0	13717.0
631.0	13827.0
632.0	13551.0
633.0	14162.0
634.0	13659.0
635.0	13667.0
636.0	13665.0
637.0	13841.0
638.0	13862.0
639.0	14129.0
640.0	12944.0
641.0	13723.0
642.0	14286.0
643.0	14338.0
644.0	13581.0
645.0	13281.0
646.0	13767.0
647.0	14155.0
648.0	13723.0
649.0	13846.0
650.0	14215.0
651.0	13499.0
652.0	14087.0
653.0	13987.0
654.0	13624.0
655.0	13987.0
656.0	13817.0
657.0	13523.0
658.0	13630.0
659.0	13698.0
660.0	13075.0
661.0	13997.0
662.0	13664.0
663.0	13712.0
664.0	14139.0
665.0	13584.0
666.0	13504.0
667.0	13715.0
668.0	13962.0
669.0	13378.0
670.0	13434.0
671.0	13685.0
672.0	13734.0
673.0	13683.0
674.0	13425.0
675.0	13936.0
676.0	14292.0
677.0	13433.0
678.0	14045.0
679.0	13945.0
680.0	13532.0
681.0	13898.0
682.0	13645.0
683.0	13545.0
684.0	13888.0
685.0	13970.0
686.0	13432.0
687.0	13593.0
688.0	13659.0
689.0	13564.0
690.0	13705.0
691.0	14008.0
692.0	14024.0
693.0	13472.0
694.0	13387.0
695.0	14143.0
696.0	13276.0
697.0	13774.0
698.0	13534.0
699.0	13411.0
700.0	13577.0
701.0	13311.0
702.0	13719.0
703.0	13555.0
704.0	13676.0
705.0	13409.0
706.0	13870.0
707.0	13424.0
708.0	13570.0
709.0	13868.0
710.0	13554.0
711.0	13834.0
712.0	13593.0
713.0	13251.0
714.0	13397.0
715.0	13783.0
716.0	13444.0
717.0	13889.0
718.0	13654.0
719.0	13660.0
720.0	13359.0
721.0	13535.0
722.0	13651.0
723.0	13723.0
724.0	13647.0
725.0	13735.0
726.0	12937.0
727.0	13837.0
728.0	13667.0
729.0	13888.0
730.0	13987.0
731.0	13224.0
732.0	13292.0
733.0	13720.0
734.0	13647.0
735.0	13604.0
736.0	13122.0
737.0	13624.0
738.0	13400.0
739.0	13971.0
740.0	13611.0
741.0	13602.0
742.0	14021.0
743.0	14093.0
744.0	13220.0
745.0	13232.0
746.0	13879.0
747.0	14244.0
748.0	13973.0
749.0	13469.0
750.0	13613.0
751.0	14035.0
752.0	13112.0
753.0	13996.0
754.0	13674.0
755.0	13529.0
756.0	13890.0
757.0	13836.0
758.0	13303.0
759.0	13708.0
760.0	13404.0
761.0	13527.0
762.0	13609.0
763.0	13875.0
764.0	13715.0
765.0	13461.0
766.0	13579.0
767.0	14173.0
768.0	13232.0
769.0	13930.0
770.0	13297.0
771.0	13340.0
772.0	13282.0
773.0	13807.0
774.0	13359.0
775.0	13876.0
776.0	13732.0
777.0	13218.0
778.0	13761.0
779.0	13433.0
780.0	13840.0
781.0	13678.0
782.0	12999.0
783.0	13770.0
784.0	13537.0
785.0	13864.0
786.0	13882.0
787.0	13669.0
788.0	13683.0
789.0	14018.0
790.0	13638.0
791.0	13766.0
792.0	13831.0
793.0	13379.0
794.0	13179.0
795.0	13710.0
796.0	13032.0
797.0	13262.0
798.0	13770.0
799.0	13260.0
800.0	13759.0
