$itime = 500
$wv_start = 190.0
$hv = 1000
$grating = 2 1200 g/mm BLZ= 500  nm
$x_amps = 10
$x_volts = 45
$sample = DB2340
$date = 2023-07-05
$temp = 202.0
$wv_stop = 800.0
$time = 16:24:21.883000
$wv_step = 1.0
190.0	15673.0
191.0	15805.0
192.0	16061.0
193.0	15808.0
194.0	15533.0
195.0	15801.0
196.0	15045.0
197.0	15661.0
198.0	15659.0
199.0	15418.0
200.0	15607.0
201.0	15291.0
202.0	15775.0
203.0	15280.0
204.0	15011.0
205.0	15470.0
206.0	15256.0
207.0	15348.0
208.0	15780.0
209.0	15452.0
210.0	16123.0
211.0	15244.0
212.0	14976.0
213.0	15724.0
214.0	15896.0
215.0	15289.0
216.0	15760.0
217.0	16109.0
218.0	16191.0
219.0	15881.0
220.0	15211.0
221.0	15526.0
222.0	15335.0
223.0	15188.0
224.0	15804.0
225.0	15426.0
226.0	15464.0
227.0	15676.0
228.0	15635.0
229.0	15610.0
230.0	15473.0
231.0	15264.0
232.0	16037.0
233.0	15068.0
234.0	16226.0
235.0	15510.0
236.0	14795.0
237.0	15423.0
238.0	15536.0
239.0	15412.0
240.0	15734.0
241.0	15311.0
242.0	15589.0
243.0	15652.0
244.0	15492.0
245.0	15038.0
246.0	15206.0
247.0	15055.0
248.0	15698.0
249.0	15669.0
250.0	15550.0
251.0	15766.0
252.0	15382.0
253.0	15813.0
254.0	15598.0
255.0	15384.0
256.0	15104.0
257.0	15123.0
258.0	15060.0
259.0	15612.0
260.0	15811.0
261.0	15314.0
262.0	16054.0
263.0	15339.0
264.0	15459.0
265.0	15682.0
266.0	15340.0
267.0	15143.0
268.0	15702.0
269.0	15765.0
270.0	15209.0
271.0	15197.0
272.0	16217.0
273.0	15356.0
274.0	15442.0
275.0	15339.0
276.0	16037.0
277.0	15378.0
278.0	15305.0
279.0	15631.0
280.0	15374.0
281.0	15288.0
282.0	15529.0
283.0	15736.0
284.0	15538.0
285.0	16035.0
286.0	15498.0
287.0	15831.0
288.0	14638.0
289.0	15779.0
290.0	16544.0
291.0	15419.0
292.0	15498.0
293.0	15524.0
294.0	15574.0
295.0	15706.0
296.0	15247.0
297.0	15709.0
298.0	16124.0
299.0	15458.0
300.0	15340.0
301.0	14929.0
302.0	15813.0
303.0	15398.0
304.0	15690.0
305.0	15407.0
306.0	15526.0
307.0	15485.0
308.0	15173.0
309.0	16007.0
310.0	16101.0
311.0	15392.0
312.0	15787.0
313.0	15160.0
314.0	15770.0
315.0	15815.0
316.0	15051.0
317.0	16375.0
318.0	15577.0
319.0	15257.0
320.0	15669.0
321.0	15736.0
322.0	15339.0
323.0	15421.0
324.0	15629.0
325.0	15447.0
326.0	15622.0
327.0	16161.0
328.0	15457.0
329.0	15562.0
330.0	15348.0
331.0	15937.0
332.0	16031.0
333.0	15425.0
334.0	15490.0
335.0	15289.0
336.0	15681.0
337.0	15575.0
338.0	15545.0
339.0	15502.0
340.0	15910.0
341.0	15687.0
342.0	15143.0
343.0	15480.0
344.0	14974.0
345.0	15558.0
346.0	15741.0
347.0	15760.0
348.0	16343.0
349.0	15582.0
350.0	15652.0
351.0	14896.0
352.0	15955.0
353.0	15441.0
354.0	15426.0
355.0	15541.0
356.0	15298.0
357.0	15520.0
358.0	15247.0
359.0	15520.0
360.0	15574.0
361.0	15344.0
362.0	15715.0
363.0	15378.0
364.0	15379.0
365.0	15441.0
366.0	15457.0
367.0	15677.0
368.0	15284.0
369.0	16154.0
370.0	15812.0
371.0	15299.0
372.0	15734.0
373.0	15564.0
374.0	15375.0
375.0	15576.0
376.0	14820.0
377.0	15299.0
378.0	15671.0
379.0	15096.0
380.0	15337.0
381.0	15744.0
382.0	15102.0
383.0	15813.0
384.0	15429.0
385.0	16375.0
386.0	15630.0
387.0	15306.0
388.0	15607.0
389.0	15339.0
390.0	15453.0
391.0	15975.0
392.0	15490.0
393.0	15510.0
394.0	15993.0
395.0	15749.0
396.0	15752.0
397.0	15619.0
398.0	15892.0
399.0	15009.0
400.0	15656.0
401.0	15731.0
402.0	15304.0
403.0	15199.0
404.0	15536.0
405.0	15350.0
406.0	15754.0
407.0	15649.0
408.0	15467.0
409.0	15879.0
410.0	15347.0
411.0	15500.0
412.0	15588.0
413.0	14969.0
414.0	16024.0
415.0	15378.0
416.0	15364.0
417.0	15524.0
418.0	15421.0
419.0	15438.0
420.0	15219.0
421.0	15423.0
422.0	15974.0
423.0	15022.0
424.0	15380.0
425.0	15457.0
426.0	15284.0
427.0	15944.0
428.0	15286.0
429.0	15722.0
430.0	15185.0
431.0	15425.0
432.0	15308.0
433.0	16250.0
434.0	15042.0
435.0	16250.0
436.0	15643.0
437.0	15933.0
438.0	15660.0
439.0	15647.0
440.0	15774.0
441.0	15191.0
442.0	15413.0
443.0	15950.0
444.0	15705.0
445.0	15777.0
446.0	15610.0
447.0	16276.0
448.0	15248.0
449.0	15675.0
450.0	15017.0
451.0	14965.0
452.0	15955.0
453.0	15524.0
454.0	15103.0
455.0	15592.0
456.0	15436.0
457.0	15968.0
458.0	16018.0
459.0	15420.0
460.0	15315.0
461.0	15552.0
462.0	15389.0
463.0	15484.0
464.0	15804.0
465.0	15878.0
466.0	15757.0
467.0	15374.0
468.0	15505.0
469.0	15602.0
470.0	15508.0
471.0	15849.0
472.0	15699.0
473.0	15597.0
474.0	15641.0
475.0	15413.0
476.0	15138.0
477.0	15172.0
478.0	15793.0
479.0	15123.0
480.0	15735.0
481.0	15430.0
482.0	15346.0
483.0	16037.0
484.0	15388.0
485.0	15661.0
486.0	15923.0
487.0	15470.0
488.0	14573.0
489.0	15603.0
490.0	15601.0
491.0	16083.0
492.0	15541.0
493.0	15802.0
494.0	15611.0
495.0	15546.0
496.0	15433.0
497.0	15684.0
498.0	15573.0
499.0	15419.0
500.0	15673.0
501.0	15249.0
502.0	15737.0
503.0	15647.0
504.0	15526.0
505.0	15739.0
506.0	15713.0
507.0	15727.0
508.0	16124.0
509.0	16070.0
510.0	15817.0
511.0	15268.0
512.0	15802.0
513.0	15560.0
514.0	15721.0
515.0	15769.0
516.0	16145.0
517.0	15355.0
518.0	15338.0
519.0	15943.0
520.0	15835.0
521.0	15742.0
522.0	15626.0
523.0	16068.0
524.0	15614.0
525.0	15632.0
526.0	15453.0
527.0	15545.0
528.0	15787.0
529.0	15659.0
530.0	15793.0
531.0	15582.0
532.0	15922.0
533.0	15877.0
534.0	15963.0
535.0	15535.0
536.0	15937.0
537.0	15536.0
538.0	15793.0
539.0	15707.0
540.0	15449.0
541.0	15936.0
542.0	15718.0
543.0	15608.0
544.0	15510.0
545.0	15306.0
546.0	15510.0
547.0	15931.0
548.0	15588.0
549.0	15755.0
550.0	16209.0
551.0	16191.0
552.0	16040.0
553.0	15568.0
554.0	16212.0
555.0	15792.0
556.0	15693.0
557.0	15410.0
558.0	15650.0
559.0	15880.0
560.0	15843.0
561.0	15562.0
562.0	15666.0
563.0	16026.0
564.0	15376.0
565.0	16120.0
566.0	15862.0
567.0	15635.0
568.0	16018.0
569.0	15660.0
570.0	15610.0
571.0	15687.0
572.0	15515.0
573.0	15943.0
574.0	16031.0
575.0	16329.0
576.0	16221.0
577.0	16136.0
578.0	15505.0
579.0	15522.0
580.0	15505.0
581.0	15442.0
582.0	15865.0
583.0	15659.0
584.0	16069.0
585.0	15278.0
586.0	15346.0
587.0	15036.0
588.0	15679.0
589.0	15947.0
590.0	15611.0
591.0	15275.0
592.0	16062.0
593.0	15574.0
594.0	15468.0
595.0	15706.0
596.0	15722.0
597.0	15751.0
598.0	15280.0
599.0	15384.0
600.0	15417.0
601.0	15626.0
602.0	15651.0
603.0	16191.0
604.0	15551.0
605.0	15513.0
606.0	16080.0
607.0	16015.0
608.0	15592.0
609.0	15512.0
610.0	15735.0
611.0	15764.0
612.0	15818.0
613.0	15550.0
614.0	15691.0
615.0	15990.0
616.0	15480.0
617.0	15862.0
618.0	15055.0
619.0	15396.0
620.0	15832.0
621.0	15701.0
622.0	15277.0
623.0	15335.0
624.0	15185.0
625.0	15439.0
626.0	15987.0
627.0	16134.0
628.0	15690.0
629.0	15594.0
630.0	15382.0
631.0	14911.0
632.0	15173.0
633.0	15299.0
634.0	15586.0
635.0	15645.0
636.0	15612.0
637.0	15201.0
638.0	15225.0
639.0	15934.0
640.0	15426.0
641.0	15267.0
642.0	15538.0
643.0	15632.0
644.0	15481.0
645.0	15927.0
646.0	16125.0
647.0	15595.0
648.0	15148.0
649.0	15941.0
650.0	15049.0
651.0	15809.0
652.0	15506.0
653.0	15135.0
654.0	15932.0
655.0	15514.0
656.0	15517.0
657.0	15471.0
658.0	16274.0
659.0	15951.0
660.0	15438.0
661.0	15955.0
662.0	15392.0
663.0	15226.0
664.0	15520.0
665.0	15770.0
666.0	15651.0
667.0	15921.0
668.0	15698.0
669.0	15845.0
670.0	15757.0
671.0	15510.0
672.0	15151.0
673.0	15980.0
674.0	15471.0
675.0	15431.0
676.0	16007.0
677.0	15977.0
678.0	16054.0
679.0	15349.0
680.0	15770.0
681.0	15274.0
682.0	15310.0
683.0	15560.0
684.0	15669.0
685.0	15687.0
686.0	15160.0
687.0	15789.0
688.0	15271.0
689.0	15659.0
690.0	15563.0
691.0	15081.0
692.0	15251.0
693.0	15515.0
694.0	15906.0
695.0	15682.0
696.0	15790.0
697.0	15532.0
698.0	15271.0
699.0	15786.0
700.0	15600.0
701.0	15382.0
702.0	15419.0
703.0	15347.0
704.0	15315.0
705.0	16044.0
706.0	15282.0
707.0	16167.0
708.0	15646.0
709.0	15843.0
710.0	15279.0
711.0	15554.0
712.0	15967.0
713.0	15224.0
714.0	15536.0
715.0	15755.0
716.0	15614.0
717.0	15745.0
718.0	15899.0
719.0	15899.0
720.0	15518.0
721.0	15870.0
722.0	15397.0
723.0	15536.0
724.0	15777.0
725.0	14987.0
726.0	15714.0
727.0	15634.0
728.0	15573.0
729.0	15193.0
730.0	15747.0
731.0	15811.0
732.0	15710.0
733.0	15457.0
734.0	15830.0
735.0	15673.0
736.0	15325.0
737.0	15725.0
738.0	15422.0
739.0	15778.0
740.0	15437.0
741.0	15674.0
742.0	15419.0
743.0	15354.0
744.0	15183.0
745.0	15244.0
746.0	15422.0
747.0	15543.0
748.0	15637.0
749.0	15715.0
750.0	15141.0
751.0	15111.0
752.0	15066.0
753.0	15455.0
754.0	15227.0
755.0	15430.0
756.0	15233.0
757.0	16008.0
758.0	16142.0
759.0	15376.0
760.0	16012.0
761.0	15535.0
762.0	15726.0
763.0	15223.0
764.0	15601.0
765.0	15015.0
766.0	15440.0
767.0	15582.0
768.0	15210.0
769.0	15210.0
770.0	15495.0
771.0	15671.0
772.0	15449.0
773.0	15216.0
774.0	15792.0
775.0	15404.0
776.0	15659.0
777.0	15308.0
778.0	15938.0
779.0	15213.0
780.0	15312.0
781.0	15862.0
782.0	15660.0
783.0	15296.0
784.0	16018.0
785.0	15749.0
786.0	15581.0
787.0	15195.0
788.0	15524.0
789.0	15256.0
790.0	15540.0
791.0	15590.0
792.0	15405.0
793.0	16068.0
794.0	15111.0
795.0	15880.0
796.0	15119.0
797.0	15763.0
798.0	15215.0
799.0	16145.0
800.0	15377.0
